Sym0		Asym0		Sym1		Sym2		Sym3		Sym4		Sym5		Sym6		Asym1		Asym2		Asym3		Asym4		Asym5		Asym6		Asym7	
379  Points		430  Points		380  Points		368  Points		323  Points		303  Points		271  Points		221  Points		379  Points		375  Points		349  Points		303  Points		272  Points		216  Points		146  Points	
Freq (MHz)	Vph (m/ms)	Freq (MHz)	Vph (m/ms)	Freq (MHz)	Vph (m/ms)	Freq (MHz)	Vph (m/ms)	Freq (MHz)	Vph (m/ms)	Freq (MHz)	Vph (m/ms)	Freq (MHz)	Vph (m/ms)	Freq (MHz)	Vph (m/ms)	Freq (MHz)	Vph (m/ms)	Freq (MHz)	Vph (m/ms)	Freq (MHz)	Vph (m/ms)	Freq (MHz)	Vph (m/ms)	Freq (MHz)	Vph (m/ms)	Freq (MHz)	Vph (m/ms)	Freq (MHz)	Vph (m/ms)
0.279379	223.02	5.88844e-005	0.0472742	1.40375	2.19568	0.292675	450.068	0.559021	464.937	0.838525	2330.26	0.877918	618.62	1.11803	8858.28	0.139759	409.208	0.419265	304.525	0.585284	387.682	0.698774	764.724	0.978281	987.111	1.17054	748.156	1.25779	1660.54
0.278818	94.1783	0.000330182	0.111797	1.4	2.19567	0.293155	124.318	0.559041	192.098	0.838519	405.539	0.877982	280.776	1.11804	609.605	0.139911	68.2707	0.419275	135.925	0.585343	181.923	0.698796	266.555	0.978288	362.479	1.17057	357.711	1.2578	510.204
0.277917	59.5321	0.000819499	0.175811	1.39624	2.19566	0.294097	72.3318	0.559078	121.065	0.838504	222.091	0.878094	181.619	1.11805	315.668	0.14028	37.3366	0.419291	87.4902	0.585443	118.863	0.698837	161.416	0.978303	222.003	1.17062	235.054	1.25782	301.41
0.276794	43.4106	0.00152243	0.239034	1.39248	2.19564	0.295377	51.1585	0.559131	88.3885	0.838481	152.915	0.878254	134.236	1.11807	212.979	0.140863	25.7754	0.419315	64.5075	0.585586	88.2814	0.6989	115.765	0.978324	160	1.1707	175.043	1.25785	213.886
0.275541	34.0847	0.00243269	0.301191	1.38872	2.19563	0.296895	39.6834	0.559201	69.6072	0.838449	116.595	0.87846	106.474	1.1181	160.704	0.141653	19.7485	0.419347	51.0895	0.585771	70.2279	0.698983	90.2489	0.978353	125.071	1.17079	139.448	1.25789	165.757
0.274217	28.0047	0.00354259	0.362053	1.38497	2.19563	0.298579	32.4916	0.559287	57.4129	0.83841	94.2143	0.878714	88.2395	1.11814	129.036	0.142643	16.0622	0.419386	42.2943	0.585998	58.3151	0.699087	73.9549	0.978388	102.662	1.1709	115.888	1.25794	135.312
0.272861	23.7278	0.0048433	0.421429	1.38121	2.19562	0.300384	27.5652	0.55939	48.858	0.838363	79.0402	0.879014	75.3477	1.11819	107.796	0.143827	13.5833	0.419434	36.0843	0.586266	49.8668	0.699212	62.6494	0.97843	87.0644	1.17103	99.1434	1.258	114.318
0.271499	20.5564	0.00632497	0.479151	1.37746	2.19561	0.302282	23.981	0.55951	42.5252	0.83831	68.0744	0.879359	65.7517	1.11824	92.5621	0.145193	11.8078	0.41949	31.4659	0.586575	43.5647	0.699358	54.3463	0.97848	75.5826	1.17119	86.6306	1.25808	98.9657
0.270145	18.1119	0.00797744	0.535105	1.37371	2.19561	0.304255	21.2574	0.559647	37.6488	0.838251	59.7793	0.879749	58.332	1.1183	81.1023	0.146732	10.4778	0.419554	27.897	0.586926	38.684	0.699524	47.9903	0.978536	66.7776	1.17136	76.9259	1.25816	87.2505
0.268812	16.171	0.00978989	0.589184	1.36996	2.1956	0.306289	19.1183	0.559801	33.7783	0.838187	53.285	0.880183	52.4244	1.11838	72.1689	0.148434	9.4472	0.419627	25.0565	0.587316	34.7934	0.699712	42.9688	0.978599	59.8112	1.17156	69.1798	1.25825	78.0171
0.267508	14.5932	0.0117519	0.641344	1.3662	2.1956	0.308376	17.3943	0.559972	30.632	0.838118	48.0625	0.88066	47.6099	1.11846	65.0096	0.150288	8.62741	0.419709	22.7423	0.587747	31.6198	0.699921	38.9017	0.97867	54.162	1.17178	62.854	1.25835	70.5525
0.266238	13.2861	0.0138527	0.691539	1.36245	2.1956	0.310509	15.9757	0.56016	28.0242	0.838046	43.7715	0.881179	43.6114	1.11854	59.1437	0.152282	7.96138	0.419802	20.8205	0.588217	28.9822	0.70015	35.5409	0.978747	49.4888	1.17201	57.5909	1.25847	64.3931
0.265007	12.1862	0.0160822	0.739771	1.35871	2.1956	0.312683	14.7881	0.560366	25.8277	0.837971	40.1832	0.881738	40.238	1.11864	54.2499	0.154407	7.4108	0.419904	19.1994	0.588726	26.7559	0.700401	32.7173	0.978832	45.5589	1.17227	53.1437	1.25859	59.2241
0.26382	11.2482	0.0184307	0.786046	1.35496	2.1956	0.314895	13.7798	0.560588	23.9526	0.837894	37.1381	0.882339	37.3542	1.11874	50.1052	0.156358	7.00413	0.420017	17.8136	0.589274	24.8519	0.700674	30.3119	0.978924	42.2081	1.17255	49.3365	1.25873	54.8246
0.262679	10.4394	0.0208889	0.830401	1.35121	2.19561	0.317142	12.913	0.560829	22.3332	0.837817	34.5215	0.882978	34.8608	1.11886	46.5497	0.158088	6.70082	0.420142	16.6154	0.589859	23.2052	0.700968	28.2383	0.979023	39.3172	1.17284	46.0406	1.25888	51.0348
0.261587	9.73524	0.023448	0.872875	1.34746	2.19561	0.319421	12.1602	0.561087	20.9207	0.837739	32.249	0.883655	32.6837	1.11898	43.4663	0.159563	6.47539	0.420279	15.5692	0.590482	21.7673	0.701284	26.4325	0.979129	36.7977	1.17316	43.1596	1.25903	47.7361
0.260546	9.11703	0.0261	0.913519	1.34372	2.19562	0.32173	11.5004	0.561363	19.6779	0.837662	30.2568	0.88437	30.7667	1.11911	40.7669	0.160756	6.31134	0.420428	14.648	0.591142	20.5009	0.701622	24.8459	0.979242	34.5823	1.1735	40.6199	1.2592	44.839
0.259558	8.5703	0.0288373	0.952397	1.33997	2.19563	0.324067	10.9175	0.561656	18.5761	0.837587	28.4963	0.885121	29.0659	1.11925	38.384	0.161647	6.19792	0.42059	13.8307	0.591837	19.3773	0.701981	23.441	0.979363	32.6193	1.17386	38.3644	1.25938	42.2745
0.258626	8.08367	0.0316529	0.989572	1.33623	2.19564	0.32643	10.3988	0.561968	17.5927	0.837514	26.9291	0.885907	27.5469	1.1194	36.265	0.162224	6.12831	0.420766	13.1008	0.592567	18.3739	0.702363	22.1883	0.979491	30.8677	1.17423	36.3479	1.25957	39.9884
0.25775	7.64806	0.0345404	1.02511	1.33249	2.19565	0.328819	9.93441	0.562299	16.7097	0.837445	25.5252	0.886728	26.182	1.11955	34.3685	0.163062	6.03208	0.420956	12.4449	0.593332	17.4723	0.702768	21.0646	0.979627	29.2953	1.17463	34.5345	1.25977	37.9378
0.256934	7.25614	0.037494	1.05909	1.32875	2.19567	0.331231	9.51628	0.562648	15.9125	0.83738	24.2604	0.887583	24.9492	1.11972	32.6612	0.163983	5.9323	0.421161	11.8526	0.594131	16.6581	0.703194	20.051	0.97977	27.8759	1.17505	32.8951	1.25998	36.0881
0.256178	6.90191	0.0405082	1.09157	1.32501	2.19568	0.333666	9.13788	0.563016	15.1893	0.837319	23.1149	0.88847	23.8301	1.11989	31.1162	0.165253	5.80407	0.421383	11.315	0.594962	15.9191	0.703644	19.1322	0.979921	26.5883	1.17548	31.4058	1.2602	34.4112
0.255485	6.58044	0.0435781	1.12263	1.32127	2.1957	0.336123	8.79386	0.563402	14.5302	0.837264	22.0728	0.88939	22.8099	1.12007	29.7114	0.166886	5.65315	0.421621	10.825	0.595826	15.2456	0.704117	18.2954	0.980079	25.4149	1.17594	30.0469	1.26043	32.8841
0.254855	6.28764	0.0466994	1.15234	1.31753	2.19572	0.338599	8.47977	0.563808	13.9273	0.837216	21.1206	0.89034	21.8761	1.12026	28.4285	0.168901	5.48565	0.421876	10.3765	0.59672	14.6292	0.704613	17.5304	0.980245	24.3412	1.17641	28.8022	1.26068	31.4875
0.254291	6.02007	0.0498676	1.18076	1.31379	2.19574	0.341096	8.19191	0.564234	13.3736	0.837174	20.2472	0.891321	21.0183	1.12046	27.2525	0.171315	5.3075	0.422149	9.96467	0.597646	14.0631	0.705132	16.8283	0.980418	23.355	1.1769	27.6578	1.26093	30.2054
0.253794	5.77482	0.0530793	1.20796	1.31006	2.19577	0.34361	7.92716	0.564679	12.8634	0.83714	19.4433	0.892332	20.2275	1.12067	26.1704	0.174147	5.12412	0.422442	9.58517	0.5986	13.5414	0.705675	16.1817	0.980599	22.4462	1.17741	26.6021	1.2612	29.0244
0.253365	5.54942	0.0563308	1.234	1.30633	2.1958	0.346142	7.68287	0.565144	12.3919	0.837114	18.7009	0.893371	19.4963	1.12088	25.1716	0.17704	4.96	0.422754	9.23442	0.599584	13.0591	0.706241	15.5844	0.980788	21.6059	1.17794	25.6253	1.26148	27.933
0.253007	5.34177	0.0596193	1.25894	1.30259	2.19582	0.348691	7.45678	0.565629	11.9549	0.837097	18.0133	0.894439	18.8182	1.12111	24.2467	0.179988	4.81233	0.423086	8.90932	0.600595	12.612	0.706832	15.031	0.980985	20.8267	1.17849	24.7188	1.26177	26.9214
0.252721	5.15003	0.0629415	1.28283	1.29886	2.19586	0.351255	7.24694	0.566134	11.5487	0.837088	17.3746	0.895535	18.1878	1.12134	23.3879	0.182986	4.67886	0.42344	8.60723	0.601633	12.1964	0.707448	14.5169	0.98119	20.1022	1.17906	23.8754	1.26207	25.9811
0.252509	4.97265	0.0662952	1.30573	1.29513	2.19589	0.353834	7.05169	0.56666	11.1703	0.837089	16.7798	0.896658	17.6001	1.12158	22.5884	0.18603	4.55767	0.423816	8.32584	0.602698	11.8091	0.708088	14.038	0.981403	19.4268	1.17964	23.0888	1.26239	25.1049
0.252373	4.80826	0.0696777	1.32769	1.2914	2.19593	0.356427	6.86956	0.567207	10.8169	0.837101	16.2246	0.897807	17.0511	1.12183	21.8422	0.189116	4.44719	0.424215	8.06316	0.603787	11.4474	0.708753	13.591	0.981624	18.7958	1.18024	22.3533	1.26271	24.2866
0.252315	4.65566	0.0730871	1.34877	1.28767	2.19596	0.358698	6.72055	0.567776	10.4862	0.837123	15.7052	0.898982	16.537	1.12209	21.1442	0.192239	4.34609	0.424638	7.81744	0.604901	11.1088	0.709443	13.1729	0.981853	18.2048	1.18086	21.6643	1.26305	23.5205
0.252336	4.51381	0.0765211	1.36899	1.28395	2.196	0.360641	6.60008	0.568366	10.1761	0.837155	15.2182	0.900183	16.0547	1.12236	20.4898	0.195396	4.25325	0.425086	7.58714	0.606038	10.7912	0.710158	12.7809	0.98209	17.6503	1.1815	21.0175	1.2634	22.8018
0.252439	4.38179	0.0799781	1.38842	1.28022	2.19605	0.362253	6.50469	0.568977	9.88485	0.837199	14.7607	0.901408	15.6014	1.12264	19.8752	0.198585	4.16772	0.425559	7.3709	0.607197	10.4928	0.710899	12.4127	0.982335	17.129	1.18215	20.409	1.26376	22.1264
0.252627	4.2588	0.0834564	1.40708	1.2765	2.19609	0.363531	6.43183	0.569611	9.61071	0.837255	14.3302	0.902658	15.1745	1.12293	19.2969	0.2018	4.08866	0.426058	7.16753	0.608378	10.2118	0.711666	12.0663	0.982589	16.6379	1.18282	19.8357	1.26414	21.4903
0.252901	4.14411	0.0869543	1.42502	1.27278	2.19614	0.364472	6.37963	0.570268	9.35229	0.837322	13.9243	0.903932	14.7718	1.12323	18.7517	0.205041	4.01539	0.426585	6.97596	0.60958	9.94687	0.71246	11.7398	0.982851	16.1746	1.1835	19.2947	1.26452	20.8904
0.253265	4.0371	0.0904702	1.44228	1.26906	2.1962	0.365075	6.34683	0.570947	9.10832	0.837401	13.5411	0.905229	14.3914	1.12353	18.2368	0.208305	3.94728	0.427067	6.81791	0.610801	9.69658	0.71328	11.4316	0.983122	15.7368	1.18421	18.7831	1.26492	20.3236
0.253721	3.93719	0.0940033	1.45888	1.26534	2.19625	0.365943	6.30045	0.571649	8.87766	0.837493	13.1786	0.90655	14.0314	1.12385	17.7499	0.211588	3.88381	0.427494	6.68926	0.612041	9.45979	0.714127	11.1402	0.983402	15.3224	1.18492	18.2988	1.26534	19.7873
0.254273	3.84389	0.0975519	1.47486	1.26162	2.19631	0.366887	6.25107	0.572375	8.65926	0.837597	12.8353	0.907893	13.6903	1.12417	17.2887	0.21489	3.82452	0.42786	6.58686	0.613299	9.23545	0.715	10.8644	0.98369	14.9296	1.18566	17.8397	1.26576	19.279
0.254925	3.75674	0.101115	1.49026	1.2579	2.19637	0.368174	6.18557	0.573124	8.45222	0.837715	12.5097	0.909258	13.3667	1.1245	16.8512	0.218207	3.769	0.428158	6.50832	0.614575	9.02262	0.715902	10.603	0.983987	14.5568	1.18641	17.4037	1.2662	18.7968
0.255679	3.67536	0.104692	1.50509	1.25419	2.19643	0.369805	6.10536	0.573897	8.25569	0.837845	12.2005	0.910645	13.0592	1.12485	16.4357	0.221538	3.71689	0.428381	6.45189	0.615866	8.82043	0.71683	10.3548	0.984292	14.2025	1.18717	16.9893	1.26665	18.3385
0.25654	3.59937	0.108281	1.51938	1.25048	2.1965	0.371782	6.01208	0.574695	8.06893	0.837989	11.9065	0.912053	12.7667	1.1252	16.0406	0.224882	3.66789	0.428526	6.41635	0.617173	8.62811	0.717787	10.119	0.984607	13.8654	1.18795	16.5949	1.26712	17.9026
0.25738	3.5373	0.111418	1.53142	1.24676	2.19657	0.374108	5.90751	0.575518	7.89126	0.838147	11.6266	0.913483	12.4882	1.12556	15.6644	0.228235	3.62171	0.428737	6.36603	0.618495	8.44496	0.718772	9.89466	0.984931	13.5442	1.18874	16.219	1.26759	17.4874
0.258165	3.48729	0.114099	1.54139	1.24305	2.19664	0.376784	5.79354	0.576365	7.72206	0.838318	11.3599	0.914933	12.2226	1.12593	15.3058	0.231598	3.5781	0.42897	6.31232	0.619831	8.27034	0.719785	9.68101	0.985264	13.2379	1.18955	15.8605	1.26809	17.0915
0.258864	3.44786	0.11632	1.54944	1.23935	2.19672	0.379469	5.68551	0.577238	7.56076	0.838503	11.1054	0.916403	11.9692	1.12631	14.9635	0.234968	3.53684	0.429294	6.2409	0.621179	8.10368	0.720827	9.47732	0.985606	12.9454	1.19037	15.5181	1.26859	16.7136
0.259449	3.41789	0.118079	1.55568	1.23564	2.1968	0.38216	5.58298	0.578137	7.40684	0.838701	10.8623	0.917894	11.7271	1.1267	14.6366	0.238344	3.49775	0.429714	6.15317	0.62254	7.94443	0.721898	9.28296	0.985957	12.6659	1.19121	15.1908	1.26911	16.3525
0.259897	3.39651	0.119374	1.5602	1.23193	2.19688	0.384858	5.48553	0.579062	7.25985	0.838915	10.63	0.919404	11.4955	1.1271	14.3241	0.241725	3.46063	0.430238	6.05075	0.623913	7.79212	0.722997	9.09731	0.986318	12.3986	1.19206	14.8776	1.26965	16.0072
0.260193	3.38311	0.120203	1.56306	1.22823	2.19697	0.387562	5.39279	0.580014	7.11934	0.839142	10.4076	0.920933	11.2739	1.12751	14.0249	0.245109	3.42533	0.430876	5.93549	0.625296	7.64631	0.724126	8.91984	0.986688	12.1425	1.19292	14.5776	1.2702	15.6765
0.260629	3.36424	0.121396	1.56714	1.22453	2.19706	0.390271	5.30444	0.580992	6.98493	0.839384	10.1947	0.922481	11.0616	1.12794	13.7382	0.248495	3.3917	0.431639	5.80934	0.626689	7.50658	0.725285	8.75003	0.987067	11.8972	1.19379	14.2901	1.27076	15.3598
0.261119	3.34423	0.122693	1.57152	1.22083	2.19715	0.392984	5.22015	0.581867	6.87248	0.83964	9.99057	0.924048	10.858	1.12837	13.4634	0.251883	3.35962	0.432437	5.68931	0.628092	7.37256	0.726473	8.58743	0.987457	11.6618	1.19468	14.0142	1.27134	15.0559
0.261812	3.31786	0.12446	1.57739	1.21713	2.19725	0.395702	5.13965	0.582629	6.77989	0.839911	9.79475	0.925633	10.6627	1.12881	13.1997	0.25527	3.32897	0.43327	5.575	0.629503	7.24392	0.72769	8.43161	0.987856	11.4359	1.19558	13.7493	1.27193	14.7644
0.262733	3.28585	0.126697	1.58467	1.21344	2.19736	0.398423	5.06269	0.583271	6.7055	0.840197	9.60676	0.927237	10.4751	1.12926	12.9464	0.258656	3.29964	0.434139	5.46606	0.630923	7.12032	0.728938	8.28218	0.988265	11.2188	1.19649	13.4947	1.27254	14.4843
0.263916	3.24908	0.129406	1.59327	1.20974	2.19746	0.401147	4.98903	0.583786	6.64802	0.840497	9.42613	0.928857	10.2948	1.12972	12.703	0.26204	3.27154	0.435044	5.36216	0.632351	7.00149	0.730216	8.13877	0.988683	11.0101	1.19741	13.2499	1.27316	14.2151
0.2654	3.20857	0.13259	1.60309	1.20605	2.19757	0.403873	4.91847	0.584169	6.60649	0.840812	9.25245	0.930496	10.1214	1.13019	12.4688	0.265422	3.24457	0.435987	5.263	0.6336	6.9016	0.731524	8.00105	0.989112	10.8093	1.19835	13.0143	1.2738	13.9561
0.267236	3.16541	0.136249	1.61401	1.20236	2.19769	0.406601	4.8508	0.584416	6.58024	0.841143	9.08534	0.932151	9.95445	1.13067	12.2434	0.268799	3.21866	0.436968	5.16829	0.634669	6.81901	0.732862	7.8687	0.989551	10.616	1.19929	12.7874	1.27446	13.7068
0.269216	3.12564	0.139915	1.62457	1.19867	2.19781	0.40933	4.78585	0.584773	6.54292	0.841488	8.92445	0.933824	9.79369	1.13116	12.0264	0.272171	3.19373	0.437988	5.07779	0.635556	6.75243	0.734231	7.74144	0.99	10.4297	1.20024	12.5687	1.27513	13.4667
0.271345	3.0891	0.143587	1.63478	1.19498	2.19793	0.412059	4.72344	0.585165	6.50293	0.841849	8.76944	0.935513	9.63876	1.13166	11.8171	0.275538	3.16971	0.439048	4.99125	0.636259	6.70084	0.735629	7.619	0.99046	10.2501	1.20121	12.3578	1.27582	13.2352
0.273621	3.05561	0.147264	1.64467	1.1913	2.19806	0.414789	4.66344	0.585705	6.44947	0.842225	8.62001	0.937218	9.48935	1.13217	11.6153	0.278898	3.14655	0.440147	4.90845	0.636776	6.66348	0.737059	7.50112	0.99093	10.0769	1.20218	12.1542	1.27652	13.012
0.276046	3.02499	0.150946	1.65424	1.18762	2.19819	0.417518	4.60569	0.586396	6.38334	0.842616	8.47586	0.938939	9.34518	1.1327	11.4206	0.282251	3.12418	0.441288	4.8292	0.637108	6.63983	0.738518	7.38757	0.99141	9.90965	1.20317	11.9577	1.27724	12.7965
0.278617	2.99708	0.154633	1.66351	1.18394	2.19833	0.420247	4.55007	0.587247	6.30552	0.843023	8.33673	0.940675	9.20599	1.13323	11.2326	0.285595	3.10255	0.44247	4.7533	0.637585	6.60617	0.740008	7.27814	0.991901	9.74815	1.20416	11.7678	1.27798	12.5885
0.281332	2.97169	0.158324	1.67249	1.18026	2.19847	0.422973	4.49645	0.588266	6.21711	0.843445	8.20238	0.942427	9.07151	1.13377	11.0509	0.288931	3.08162	0.443695	4.68058	0.638105	6.57003	0.741528	7.17261	0.992403	9.59209	1.20516	11.5843	1.27873	12.3876
0.284185	2.94864	0.162018	1.68118	1.17658	2.19861	0.425699	4.44472	0.589462	6.11931	0.843883	8.07256	0.944195	8.94153	1.13433	10.8753	0.292258	3.06133	0.444962	4.61088	0.638812	6.52162	0.743078	7.0708	0.992916	9.4412	1.20617	11.4067	1.2795	12.1933
0.287171	2.92774	0.165716	1.68961	1.17291	2.19877	0.428421	4.39479	0.590688	6.02521	0.844336	7.94706	0.945977	8.81583	1.1349	10.7054	0.295574	3.04166	0.446273	4.54405	0.639708	6.46156	0.744453	6.98497	0.993439	9.29523	1.20718	11.2349	1.28029	12.0055
0.290283	2.90882	0.169417	1.69779	1.16924	2.19892	0.431141	4.34654	0.591944	5.93464	0.844805	7.82568	0.947773	8.6942	1.13547	10.541	0.298879	3.02255	0.447628	4.47994	0.640795	6.39064	0.745644	6.91384	0.993974	9.15396	1.20821	11.0685	1.2811	11.8237
0.293513	2.89169	0.173121	1.70571	1.16557	2.19908	0.433858	4.2999	0.593231	5.84742	0.845289	7.70823	0.949584	8.57645	1.13606	10.3819	0.302173	3.00398	0.449027	4.41842	0.642072	6.30973	0.74664	6.85638	0.994519	9.01716	1.20924	10.9072	1.28193	11.6477
0.296852	2.8762	0.176827	1.7134	1.1619	2.19925	0.436571	4.25477	0.594548	5.76339	0.845789	7.59451	0.951409	8.4624	1.13666	10.2278	0.305455	2.98591	0.450471	4.35937	0.643542	6.21978	0.747436	6.81181	0.995076	8.88464	1.21027	10.751	1.28277	11.4773
0.300292	2.86217	0.180535	1.72085	1.15823	2.19942	0.439281	4.21109	0.595896	5.68238	0.846305	7.48437	0.953247	8.35188	1.13727	10.0784	0.308724	2.96831	0.45196	4.30267	0.645015	6.1328	0.748026	6.77949	0.995645	8.75619	1.21132	10.5995	1.28363	11.3121
0.303825	2.84946	0.184246	1.72808	1.15457	2.1996	0.441986	4.16877	0.597275	5.60426	0.846837	7.37765	0.955099	8.24474	1.1379	9.93358	0.31198	2.95116	0.453495	4.24822	0.646492	6.04863	0.748406	6.75902	0.996224	8.63165	1.21237	10.4524	1.28451	11.152
0.307443	2.83793	0.187957	1.7351	1.15091	2.19979	0.444686	4.12775	0.598686	5.5289	0.847385	7.27419	0.956964	8.14082	1.13853	9.79312	0.315222	2.93443	0.455077	4.1959	0.647973	5.96713	0.748954	6.72987	0.996815	8.51083	1.21342	10.3097	1.28541	10.9968
0.311137	2.82746	0.19167	1.74192	1.14725	2.19998	0.447381	4.08796	0.600128	5.45616	0.847948	7.17386	0.958842	8.03999	1.13918	9.65682	0.318451	2.91809	0.456705	4.14563	0.649457	5.88819	0.749553	6.69854	0.997418	8.39359	1.21448	10.1712	1.28633	10.8462
0.3149	2.81792	0.195384	1.74853	1.1436	2.20017	0.450071	4.04935	0.601602	5.38593	0.848453	7.08887	0.960733	7.94211	1.13984	9.52451	0.321665	2.90212	0.458379	4.09732	0.650944	5.81169	0.750374	6.65653	0.998033	8.27976	1.21555	10.0365	1.28727	10.7
0.318725	2.80922	0.199099	1.75495	1.13995	2.20037	0.452756	4.01186	0.603107	5.3181	0.848892	7.01815	0.962636	7.84706	1.14051	9.39603	0.324864	2.88651	0.460101	4.05087	0.652434	5.7375	0.751423	6.60437	0.998659	8.16922	1.21662	9.9057	1.28823	10.5581
0.322607	2.80126	0.202815	1.76119	1.1363	2.20058	0.455434	3.97543	0.604645	5.25257	0.849262	6.96084	0.964551	7.75471	1.14119	9.2712	0.328049	2.87124	0.46187	4.0062	0.653926	5.66554	0.752705	6.54269	0.999298	8.06181	1.21769	9.77848	1.2892	10.4203
0.326538	2.79397	0.20653	1.76725	1.13265	2.2008	0.458107	3.94003	0.606216	5.18922	0.849559	6.91625	0.966477	7.66496	1.14188	9.14989	0.331217	2.85628	0.463686	3.96324	0.655421	5.5957	0.75423	6.47222	0.999948	7.95743	1.21877	9.65473	1.2902	10.2863
0.330515	2.78726	0.210246	1.77313	1.129	2.20102	0.460773	3.90559	0.607818	5.12797	0.84978	6.88386	0.968415	7.57769	1.14259	9.03196	0.334371	2.84162	0.46555	3.92192	0.656919	5.52789	0.756007	6.39376	1.00061	7.85593	1.21986	9.53432	1.29122	10.1561
0.334531	2.78108	0.213962	1.77885	1.12536	2.20125	0.463433	3.87209	0.609453	5.06873	0.849922	6.86331	0.970365	7.49282	1.14331	8.91726	0.337508	2.82725	0.467461	3.88217	0.65842	5.46202	0.757812	6.31778	1.00129	7.75722	1.22094	9.4171	1.29225	10.0296
0.338583	2.77537	0.217677	1.7844	1.12172	2.20148	0.466087	3.83947	0.611121	5.01142	0.850129	6.83401	0.972325	7.41023	1.14404	8.80568	0.34063	2.81315	0.469419	3.84391	0.659924	5.39802	0.759645	6.24415	1.00197	7.66118	1.22203	9.30296	1.29331	9.90647
0.342668	2.77007	0.221392	1.7898	1.11808	2.20172	0.468734	3.80771	0.612821	4.95596	0.850355	6.80247	0.974296	7.32985	1.14479	8.69708	0.343736	2.79932	0.471424	3.8071	0.66143	5.3358	0.761506	6.17279	1.00267	7.56771	1.22312	9.19176	1.29439	9.7867
0.346781	2.76514	0.225106	1.79504	1.11445	2.20197	0.471374	3.77676	0.614554	4.90227	0.850665	6.7601	0.976277	7.25159	1.14554	8.59137	0.346826	2.78574	0.473477	3.77165	0.662939	5.2753	0.763393	6.1036	1.00339	7.47672	1.22422	9.0834	1.29549	9.67014
0.350919	2.76055	0.22882	1.80014	1.11082	2.20223	0.474008	3.74659	0.61632	4.85028	0.851064	6.70735	0.978012	7.18504	1.14631	8.48842	0.3499	2.7724	0.475577	3.73753	0.664452	5.21644	0.765308	6.03648	1.00411	7.3881	1.22531	8.97777	1.29661	9.55667
0.35508	2.75625	0.232532	1.80509	1.10719	2.20249	0.476635	3.71718	0.618118	4.79992	0.851554	6.64477	0.979497	7.1295	1.1471	8.38814	0.352958	2.75929	0.477723	3.70468	0.665967	5.15917	0.76725	5.97136	1.00485	7.30178	1.22641	8.87477	1.29775	9.44617
0.359261	2.75222	0.236243	1.80991	1.10356	2.20276	0.479255	3.68849	0.619949	4.75113	0.852141	6.57302	0.980729	7.08437	1.14789	8.29043	0.356001	2.74641	0.479915	3.67303	0.667486	5.10341	0.769217	5.90814	1.0055	7.22836	1.22751	8.77429	1.29891	9.33854
0.36346	2.74842	0.239953	1.81458	1.09994	2.20304	0.481868	3.66049	0.621813	4.70384	0.852829	6.49279	0.981705	7.04919	1.1487	8.1952	0.359028	2.73375	0.482154	3.64255	0.669008	5.04912	0.771211	5.84676	1.00607	7.16706	1.22861	8.67625	1.30009	9.23367
0.367674	2.74485	0.243661	1.81913	1.09632	2.20332	0.484475	3.63316	0.623709	4.658	0.853534	6.41476	0.982425	7.02359	1.14953	8.10236	0.36204	2.7213	0.484437	3.61319	0.670534	4.99624	0.773229	5.78713	1.00654	7.11723	1.22971	8.58056	1.3013	9.13146
0.371902	2.74146	0.247367	1.82355	1.0927	2.20362	0.487076	3.60647	0.625637	4.61356	0.854255	6.33882	0.982886	7.00733	1.15036	8.01181	0.365037	2.70905	0.486766	3.58489	0.672064	4.94472	0.775272	5.72919	1.00692	7.07838	1.23082	8.48712	1.30252	9.03181
0.376143	2.73824	0.251072	1.82785	1.08909	2.20392	0.489671	3.58041	0.627597	4.57046	0.854993	6.2649	0.98355	6.98412	1.15122	7.9235	0.368019	2.697	0.489139	3.55762	0.673598	4.8945	0.77734	5.67288	1.0072	7.05012	1.23192	8.39587	1.30377	8.93465
0.380393	2.73518	0.254774	1.83202	1.08548	2.20423	0.492259	3.55494	0.629589	4.52864	0.855747	6.19293	0.984272	6.95911	1.15208	7.83732	0.370988	2.68515	0.491555	3.53133	0.675136	4.84555	0.779431	5.61812	1.00738	7.03216	1.23303	8.30672	1.30503	8.83988
0.384653	2.73226	0.258474	1.83608	1.08187	2.20455	0.494842	3.53006	0.631612	4.48806	0.856518	6.12283	0.985256	6.92545	1.15296	7.75323	0.373943	2.67349	0.494015	3.50599	0.67668	4.79782	0.781546	5.56486	1.00764	7.00653	1.23414	8.21961	1.30632	8.74742
0.388921	2.72947	0.262172	1.84003	1.07826	2.20488	0.49742	3.50573	0.633667	4.44868	0.857306	6.05455	0.986504	6.88347	1.15385	7.67114	0.376884	2.66201	0.496516	3.48154	0.678228	4.75126	0.783683	5.51304	1.00792	6.97891	1.23524	8.13446	1.30763	8.65719
0.393195	2.72678	0.265867	1.84386	1.07466	2.20522	0.499992	3.48196	0.635754	4.41044	0.85811	5.98801	0.988017	6.83353	1.15476	7.59098	0.379813	2.65073	0.499059	3.45796	0.679781	4.70584	0.785843	5.4626	1.00831	6.94173	1.23635	8.0512	1.30897	8.56912
0.397475	2.72419	0.26956	1.84759	1.07107	2.20556	0.50256	3.4587	0.63787	4.37331	0.858932	5.92315	0.989799	6.7761	1.15568	7.5127	0.382731	2.63962	0.501643	3.43522	0.68134	4.66153	0.788025	5.4135	1.00881	6.89534	1.23746	7.96978	1.31032	8.48313
0.401758	2.72169	0.273249	1.85121	1.06747	2.20592	0.505124	3.43596	0.640018	4.33725	0.85977	5.85992	0.99185	6.71168	1.15662	7.43623	0.385636	2.6287	0.504266	3.41326	0.682905	4.61827	0.790228	5.36568	1.00941	6.84018	1.23857	7.89013	1.31169	8.39917
0.406045	2.71927	0.276936	1.85472	1.06388	2.20628	0.507684	3.41372	0.642195	4.30222	0.860625	5.79826	0.99391	6.64878	1.15745	7.37103	0.388531	2.61796	0.506928	3.39207	0.684477	4.57605	0.792452	5.3191	1.01014	6.77672	1.23967	7.8122	1.31309	8.31715
0.410334	2.71692	0.28062	1.85814	1.06029	2.20666	0.510241	3.39196	0.644402	4.26817	0.861498	5.73811	0.995977	6.58735	1.15816	7.31647	0.391416	2.60739	0.509628	3.3716	0.686055	4.53482	0.794696	5.27371	1.01098	6.70554	1.24078	7.73592	1.31451	8.23702
0.414624	2.71463	0.2843	1.86146	1.05671	2.20704	0.512795	3.37067	0.646639	4.23508	0.862388	5.67943	0.998052	6.52734	1.15876	7.27205	0.394292	2.597	0.512365	3.35184	0.68764	4.49456	0.796959	5.22947	1.01183	6.63604	1.24189	7.66126	1.31594	8.15872
0.418915	2.71239	0.287977	1.86468	1.05313	2.20744	0.515348	3.34985	0.648904	4.2029	0.863294	5.62217	1.00013	6.4687	1.15924	7.23737	0.397159	2.58679	0.515137	3.33274	0.689232	4.45523	0.799242	5.18633	1.0127	6.56817	1.243	7.58815	1.3174	8.08219
0.423204	2.7102	0.29165	1.86781	1.04955	2.20784	0.517899	3.32947	0.651198	4.17161	0.864218	5.56628	1.00222	6.41139	1.15959	7.21211	0.400018	2.57675	0.517944	3.31428	0.690832	4.41682	0.801544	5.14425	1.01358	6.50188	1.24411	7.51655	1.31888	8.00738
0.427492	2.70804	0.29532	1.87085	1.04598	2.20826	0.520449	3.30953	0.653519	4.14118	0.86516	5.51172	1.00432	6.35535	1.15982	7.19605	0.402871	2.56689	0.520785	3.29643	0.69244	4.37928	0.803863	5.1032	1.01448	6.43711	1.24507	7.45535	1.32039	7.93422
0.431778	2.70592	0.298986	1.8738	1.04241	2.20868	0.523	3.29002	0.655868	4.11157	0.866119	5.45844	1.00642	6.30056	1.16014	7.17311	0.405717	2.55719	0.523658	3.27917	0.694057	4.3426	0.806201	5.06315	1.01539	6.37383	1.2459	7.40403	1.32191	7.86267
0.436061	2.70382	0.302648	1.87667	1.03884	2.20912	0.525552	3.27093	0.658243	4.08275	0.867095	5.4064	1.00852	6.24696	1.1605	7.14836	0.408557	2.54768	0.526562	3.26247	0.695682	4.30675	0.808555	5.02405	1.01632	6.31198	1.24658	7.36218	1.32345	7.79269
0.440339	2.70173	0.306306	1.87945	1.03528	2.20957	0.528105	3.25225	0.660645	4.05469	0.868089	5.35557	1.01064	6.19451	1.16099	7.11502	0.411393	2.53833	0.529497	3.2463	0.697317	4.27171	0.810926	4.98587	1.01726	6.25151	1.24712	7.32945	1.32501	7.72421
0.444612	2.69966	0.30996	1.88214	1.03172	2.21003	0.530661	3.23398	0.663073	4.02738	0.869101	5.30591	1.01275	6.14318	1.16162	7.07338	0.414226	2.52915	0.532461	3.23065	0.698961	4.23745	0.813313	4.94858	1.01821	6.19239	1.24751	7.30559	1.32659	7.65721
0.448879	2.6976	0.313609	1.88476	1.02816	2.2105	0.533221	3.21611	0.665525	4.00078	0.87013	5.25738	1.01488	6.09294	1.16238	7.02377	0.417055	2.52015	0.535454	3.21548	0.700616	4.20395	0.815715	4.91216	1.01919	6.13458	1.24776	7.29041	1.3282	7.59162
0.453139	2.69554	0.317254	1.88729	1.02461	2.21099	0.535785	3.19863	0.668003	3.97486	0.871178	5.20995	1.017	6.04374	1.16329	6.9666	0.419882	2.51131	0.538473	3.20079	0.702281	4.1712	0.818132	4.87656	1.02017	6.07803	1.24813	7.2687	1.32961	7.5356
0.457392	2.69347	0.320895	1.88975	1.02107	2.21149	0.538355	3.18153	0.670504	3.94961	0.872243	5.16358	1.01913	5.99556	1.16434	6.90232	0.422707	2.50265	0.541517	3.18654	0.703956	4.13916	0.820564	4.84177	1.02117	6.02271	1.24852	7.24527	1.33083	7.48864
0.461635	2.69139	0.324531	1.89213	1.01752	2.21199	0.540932	3.16482	0.673028	3.92499	0.873327	5.11825	1.02127	5.94836	1.16541	6.83943	0.425532	2.49416	0.544587	3.17271	0.705643	4.10783	0.82301	4.80775	1.02219	5.96859	1.24906	7.21367	1.33184	7.45037
0.465869	2.6893	0.328162	1.89444	1.01399	2.21252	0.543517	3.14848	0.675575	3.90099	0.874428	5.07392	1.02341	5.90211	1.1665	6.77789	0.428357	2.48583	0.54768	3.1593	0.707342	4.07719	0.825469	4.77448	1.02322	5.91562	1.24974	7.17414	1.33265	7.42045
0.470092	2.68718	0.331788	1.89668	1.01045	2.21305	0.546112	3.13252	0.678145	3.87759	0.875548	5.03057	1.02555	5.85678	1.16761	6.71764	0.431183	2.47768	0.550795	3.14627	0.709052	4.0472	0.827941	4.74194	1.02427	5.86377	1.25057	7.12696	1.33324	7.39864
0.474302	2.68504	0.33541	1.89884	1.00692	2.2136	0.548717	3.11693	0.680735	3.85476	0.876687	4.98816	1.0277	5.81235	1.16873	6.65867	0.434011	2.46969	0.553932	3.13362	0.710775	4.01787	0.830426	4.7101	1.02533	5.81302	1.25153	7.07248	1.33363	7.38477
0.4785	2.68286	0.339026	1.90093	1.0034	2.21416	0.551333	3.1017	0.683347	3.83248	0.877843	4.94667	1.02985	5.76878	1.16987	6.60092	0.436841	2.46187	0.557088	3.12132	0.712511	3.98917	0.832922	4.67894	1.02641	5.76333	1.25264	7.01109	1.33418	7.36494
0.482683	2.68065	0.342637	1.90296	0.999874	2.21474	0.553963	3.08684	0.685978	3.81074	0.879019	4.90608	1.032	5.72605	1.17102	6.54438	0.439674	2.45421	0.560264	3.10936	0.71426	3.96109	0.83543	4.64843	1.0275	5.71468	1.25375	6.95085	1.33478	7.34354
0.486851	2.67839	0.346242	1.90491	0.996357	2.21533	0.556608	3.07234	0.688629	3.78952	0.880212	4.86636	1.03415	5.68414	1.17219	6.489	0.442511	2.44672	0.563458	3.09773	0.716023	3.93361	0.837949	4.61856	1.02861	5.66702	1.25486	6.89176	1.3356	7.31468
0.491002	2.67609	0.349843	1.90681	0.992844	2.21593	0.55927	3.0582	0.691299	3.76879	0.881425	4.82748	1.03631	5.64302	1.17338	6.43475	0.445353	2.4394	0.566669	3.0864	0.7178	3.90672	0.840479	4.5893	1.02974	5.62035	1.25597	6.83376	1.33665	7.2786
0.495135	2.67372	0.353438	1.90863	0.989336	2.21655	0.561949	3.04442	0.693986	3.74854	0.882657	4.78943	1.03846	5.60267	1.17459	6.3816	0.448199	2.43224	0.569895	3.07537	0.719592	3.8804	0.843018	4.56064	1.03088	5.57462	1.25708	6.77683	1.33793	7.23556
0.499248	2.6713	0.357027	1.9104	0.985833	2.21719	0.564648	3.031	0.696692	3.72875	0.883908	4.75218	1.04062	5.56306	1.17582	6.32953	0.451051	2.42524	0.573137	3.06462	0.721398	3.85465	0.845567	4.53255	1.03204	5.52983	1.2582	6.72095	1.33944	7.18589
0.50334	2.6688	0.36061	1.9121	0.982334	2.21784	0.567368	3.01794	0.699414	3.70942	0.885178	4.71571	1.04278	5.52417	1.17706	6.2785	0.45391	2.4184	0.576392	3.05413	0.72322	3.82943	0.848125	4.50502	1.03322	5.48593	1.25931	6.66608	1.34119	7.12995
0.507409	2.66624	0.364188	1.91374	0.97884	2.2185	0.570112	3.00523	0.702152	3.69051	0.886467	4.68	1.04494	5.48598	1.17832	6.22848	0.456775	2.41172	0.57966	3.0439	0.725057	3.80476	0.850692	4.47803	1.03441	5.44291	1.26042	6.6122	1.34295	7.07512
0.511454	2.66359	0.36776	1.91532	0.975351	2.21918	0.57288	2.99288	0.704905	3.67202	0.887775	4.64502	1.04711	5.44848	1.1796	6.17946	0.459647	2.4052	0.58294	3.03392	0.726911	3.7806	0.853267	4.45157	1.03562	5.40074	1.26154	6.55929	1.34474	7.02135
0.515474	2.66086	0.371327	1.91685	0.971866	2.21988	0.575675	2.98089	0.707674	3.65394	0.889103	4.61077	1.04927	5.41164	1.1809	6.1314	0.462528	2.39884	0.58623	3.02416	0.728781	3.75696	0.85585	4.42561	1.03685	5.35941	1.26266	6.50731	1.34654	6.96863
0.519466	2.65803	0.374887	1.91831	0.968387	2.22059	0.578499	2.96925	0.710456	3.63624	0.890451	4.57722	1.05143	5.37544	1.18221	6.08428	0.465417	2.39263	0.589531	3.01463	0.730669	3.73382	0.85844	4.40015	1.03809	5.31888	1.26377	6.45625	1.34836	6.91692
0.523429	2.65511	0.378441	1.91972	0.964912	2.22133	0.581354	2.95798	0.713253	3.61892	0.891818	4.54436	1.05359	5.33987	1.18355	6.03808	0.468315	2.38657	0.59284	3.00531	0.732573	3.71116	0.861037	4.37516	1.03935	5.27915	1.26489	6.40608	1.3502	6.86619
0.527361	2.65208	0.381989	1.92108	0.961442	2.22207	0.584242	2.94706	0.716062	3.60196	0.893205	4.51216	1.05575	5.30491	1.1849	5.99278	0.471222	2.38067	0.596158	2.99619	0.734496	3.68899	0.863641	4.35063	1.04063	5.24019	1.26601	6.35677	1.35206	6.81642
0.531261	2.64894	0.385531	1.92238	0.957978	2.22284	0.587164	2.9365	0.718883	3.58535	0.894612	4.48061	1.05791	5.27054	1.18627	5.94834	0.474139	2.37491	0.599482	2.98725	0.736437	3.66728	0.86625	4.32656	1.04193	5.20199	1.26714	6.30832	1.35393	6.76759
0.535127	2.64569	0.389067	1.92363	0.954518	2.22363	0.590122	2.9263	0.721716	3.56908	0.896039	4.4497	1.06007	5.23674	1.18767	5.90475	0.477066	2.36931	0.602812	2.9785	0.738396	3.64603	0.868865	4.30292	1.04324	5.16451	1.26826	6.2607	1.35582	6.71966
0.538958	2.64232	0.392597	1.92483	0.951064	2.22443	0.593119	2.91647	0.72456	3.55314	0.897487	4.4194	1.06223	5.2035	1.18908	5.862	0.480003	2.36384	0.606148	2.96992	0.740375	3.62523	0.871486	4.2797	1.04457	5.12776	1.26939	6.21388	1.35772	6.67261
0.542752	2.63882	0.396121	1.92598	0.947615	2.22525	0.596156	2.90699	0.727414	3.53751	0.898955	4.38972	1.06439	5.17081	1.19051	5.82005	0.482951	2.35853	0.609489	2.96151	0.742373	3.60487	0.874111	4.25689	1.04593	5.0917	1.27052	6.16785	1.35964	6.62643
0.546507	2.6352	0.399638	1.92708	0.944172	2.22609	0.599235	2.89787	0.730278	3.52218	0.900443	4.36062	1.06654	5.13865	1.19196	5.77889	0.485911	2.35335	0.612832	2.95325	0.744391	3.58494	0.876741	4.23448	1.04729	5.05632	1.27166	6.12259	1.36157	6.58108
0.550222	2.63145	0.403149	1.92813	0.940734	2.22695	0.602357	2.88911	0.733152	3.50715	0.901952	4.3321	1.0687	5.107	1.19343	5.73851	0.488881	2.34831	0.616179	2.94514	0.746429	3.56543	0.879375	4.21245	1.04868	5.02162	1.27279	6.07808	1.36352	6.53654
0.553898	2.62756	0.406653	1.92914	0.937301	2.22783	0.605524	2.8807	0.736034	3.49241	0.903482	4.30414	1.07085	5.07585	1.19492	5.69887	0.491864	2.34342	0.619527	2.93716	0.748488	3.54633	0.882012	4.1908	1.05009	4.98756	1.27393	6.0343	1.36549	6.4928
0.557531	2.62354	0.410152	1.93009	0.933874	2.22874	0.608737	2.87264	0.738924	3.47794	0.905033	4.27673	1.073	5.0452	1.19643	5.65997	0.494858	2.33865	0.622877	2.92933	0.750569	3.52764	0.884653	4.16951	1.05151	4.95414	1.27507	5.99124	1.36746	6.44983
0.561123	2.61939	0.413644	1.93101	0.930453	2.22966	0.611996	2.86493	0.741821	3.46373	0.906604	4.24986	1.07514	5.01502	1.19796	5.62179	0.497864	2.33402	0.626226	2.92161	0.75267	3.50935	0.887297	4.14858	1.05295	4.92134	1.27622	5.94888	1.36946	6.40762
0.564672	2.61511	0.41713	1.93188	0.927037	2.2306	0.615303	2.85757	0.744726	3.44978	0.908197	4.22352	1.07729	4.9853	1.19951	5.58431	0.500883	2.32952	0.629576	2.91402	0.754794	3.49145	0.889943	4.12799	1.05442	4.88914	1.27736	5.90721	1.37146	6.36614
0.568178	2.6107	0.420609	1.93271	0.923627	2.23157	0.618657	2.85054	0.747636	3.43609	0.909811	4.19768	1.07943	4.95604	1.20108	5.54751	0.503914	2.32515	0.632924	2.90654	0.75694	3.47394	0.892592	4.10774	1.0559	4.85754	1.27852	5.86621	1.37349	6.32538
0.571642	2.60617	0.424082	1.93349	0.920222	2.23255	0.62206	2.84384	0.750553	3.42263	0.911447	4.17235	1.08157	4.92722	1.20267	5.51139	0.506958	2.32091	0.63627	2.89917	0.759109	3.4568	0.895243	4.08781	1.0574	4.82652	1.27967	5.82586	1.37552	6.28531
0.575064	2.60151	0.427549	1.93424	0.916824	2.23356	0.625511	2.83746	0.753475	3.4094	0.913104	4.14751	1.0837	4.89883	1.20428	5.47591	0.510015	2.31679	0.639613	2.8919	0.7613	3.44002	0.897895	4.06819	1.05891	4.79607	1.28083	5.78615	1.37757	6.24592
0.578444	2.59674	0.43101	1.93494	0.913432	2.2346	0.62901	2.8314	0.756402	3.3964	0.914783	4.12316	1.08583	4.87086	1.20591	5.44108	0.513084	2.31279	0.642953	2.88473	0.763516	3.42361	0.900548	4.04889	1.06045	4.76617	1.282	5.74707	1.37963	6.2072
0.581783	2.59186	0.434464	1.93561	0.910045	2.23565	0.632555	2.82563	0.759334	3.38361	0.916483	4.09927	1.08796	4.8433	1.20757	5.40687	0.516167	2.30891	0.646289	2.87764	0.765755	3.40756	0.903203	4.02988	1.06201	4.73681	1.28316	5.7086	1.3817	6.16912
0.585083	2.58688	0.437912	1.93624	0.906665	2.23673	0.636146	2.82016	0.762269	3.37104	0.918206	4.07584	1.09008	4.81614	1.20924	5.37327	0.519262	2.30515	0.64962	2.87065	0.768018	3.39185	0.905858	4.01116	1.06359	4.70799	1.28434	5.67073	1.38379	6.13168
0.588345	2.58181	0.441355	1.93684	0.903291	2.23784	0.639783	2.81497	0.765207	3.35867	0.91995	4.05285	1.0922	4.78936	1.21093	5.34027	0.522371	2.3015	0.652945	2.86373	0.770306	3.37649	0.908513	3.99272	1.06519	4.67968	1.28551	5.63345	1.38588	6.09485
0.59157	2.57665	0.444791	1.9374	0.899923	2.23897	0.643463	2.81005	0.768149	3.34649	0.921717	4.03031	1.09432	4.76297	1.21265	5.30786	0.525493	2.29796	0.656265	2.85689	0.772618	3.36146	0.911168	3.97456	1.0668	4.65188	1.28669	5.59674	1.38799	6.05862
0.59476	2.57141	0.448221	1.93792	0.896561	2.24012	0.647186	2.80538	0.771093	3.33451	0.923506	4.0082	1.09643	4.73696	1.21438	5.27601	0.528628	2.29453	0.659577	2.85012	0.774956	3.34677	0.913824	3.95667	1.06844	4.62458	1.28788	5.56059	1.39011	6.02297
0.597917	2.56611	0.451645	1.93841	0.893206	2.2413	0.650949	2.80096	0.774039	3.32271	0.925317	3.98652	1.09854	4.7113	1.21614	5.24472	0.531776	2.29122	0.662883	2.84342	0.777319	3.33239	0.916478	3.93904	1.0701	4.59776	1.28907	5.525	1.39224	5.9879
0.601042	2.56076	0.455063	1.93887	0.889857	2.24251	0.654751	2.79676	0.776987	3.31109	0.927151	3.96524	1.10064	4.686	1.21791	5.21398	0.534937	2.288	0.666181	2.83679	0.779708	3.31834	0.919132	3.92166	1.07177	4.57142	1.29027	5.48994	1.39439	5.95339
0.604137	2.55535	0.458476	1.9393	0.886514	2.24374	0.65859	2.79279	0.779936	3.29964	0.929007	3.94437	1.10274	4.66105	1.21971	5.18377	0.538112	2.28489	0.66947	2.83021	0.782123	3.3046	0.921785	3.90452	1.07347	4.54555	1.29147	5.45541	1.39654	5.91942
0.607205	2.54991	0.461883	1.9397	0.883179	2.245	0.662464	2.78902	0.782886	3.28836	0.930886	3.9239	1.10484	4.63644	1.22153	5.15408	0.541299	2.28188	0.67275	2.82369	0.784565	3.29117	0.924436	3.88763	1.07519	4.52014	1.29268	5.4214	1.3987	5.88599
0.610248	2.54444	0.465284	1.94007	0.879849	2.24629	0.666372	2.78544	0.785836	3.27725	0.932788	3.90381	1.10693	4.61216	1.22336	5.12491	0.5445	2.27896	0.676021	2.81723	0.787033	3.27803	0.927087	3.87097	1.07693	4.49517	1.29389	5.3879	1.40088	5.85307
0.613266	2.53895	0.46868	1.94041	0.876527	2.24761	0.670311	2.78205	0.788787	3.26629	0.934712	3.8841	1.10902	4.58821	1.22522	5.09623	0.547713	2.27614	0.679282	2.81081	0.789527	3.2652	0.929735	3.85455	1.07869	4.47064	1.29511	5.35489		
0.616263	2.53344	0.472071	1.94073	0.873211	2.24895	0.674279	2.77882	0.791738	3.25548	0.93666	3.86477	1.1111	4.56458	1.2271	5.06804	0.55094	2.27341	0.682533	2.80444	0.792049	3.25265	0.932381	3.83834	1.08046	4.44654	1.29634	5.32238		
0.61924	2.52793	0.475456	1.94101	0.869902	2.25033	0.678275	2.77576	0.794688	3.24483	0.93863	3.8458	1.11318	4.54126	1.229	5.04033	0.554179	2.27078	0.685773	2.79812	0.794597	3.24039	0.935026	3.82235	1.08226	4.42286	1.29757	5.29033		
0.622199	2.52242	0.478836	1.94128	0.866599	2.25173	0.682298	2.77284	0.797638	3.23432	0.940624	3.82718	1.11525	4.51824	1.23092	5.01309	0.557431	2.26823	0.689002	2.79184	0.797173	3.22841	0.937668	3.80658	1.08408	4.39959	1.2988	5.25876		
0.625141	2.51692	0.482211	1.94152	0.863304	2.25317	0.686344	2.77006	0.800586	3.22395	0.94264	3.80892	1.11732	4.49552	1.23286	4.9863	0.560696	2.26577	0.692219	2.7856	0.799776	3.21671	0.940307	3.79101	1.08592	4.37672	1.30005	5.22765		
0.628068	2.51144	0.48558	1.94173	0.860016	2.25464	0.690413	2.7674	0.803534	3.21372	0.94468	3.791	1.11939	4.4731	1.23481	4.95996	0.563972	2.26339	0.695425	2.7794	0.802407	3.20527	0.942944	3.77564	1.08778	4.35425	1.3013	5.19698		
0.630983	2.50598	0.488946	1.94193	0.856734	2.25614	0.694503	2.76487	0.80648	3.20362	0.946743	3.77342	1.12145	4.45097	1.23679	4.93406	0.567262	2.26109	0.698618	2.77323	0.805065	3.1941	0.945578	3.76048	1.08967	4.33217	1.30255	5.16676		
0.633886	2.50055	0.492306	1.9421	0.85346	2.25767	0.698612	2.76245	0.809424	3.19365	0.948828	3.75617	1.12351	4.42912	1.23879	4.90859	0.570563	2.25888	0.7018	2.7671	0.80775	3.18318	0.948209	3.7455	1.09157	4.31047	1.30382	5.13697		
0.636778	2.49515	0.495662	1.94225	0.850193	2.25923	0.702739	2.76013	0.812367	3.1838	0.950938	3.73923	1.12557	4.40754	1.24081	4.88354	0.573877	2.25674	0.704968	2.761	0.810463	3.17252	0.950837	3.73071	1.09349	4.28913	1.30509	5.10761		
0.639662	2.48979	0.499013	1.94239	0.846933	2.26083	0.706882	2.7579	0.815307	3.17408	0.95307	3.72262	1.12762	4.38624	1.24284	4.85889	0.577202	2.25467	0.708124	2.75494	0.813203	3.16211	0.953462	3.71611	1.09544	4.26817	1.30636	5.07866		
0.642538	2.48447	0.50236	1.9425	0.843681	2.26246	0.71104	2.75576	0.818246	3.16448	0.955225	3.70632	1.12966	4.36521	1.2449	4.83465	0.580539	2.25268	0.711267	2.7489	0.815971	3.15194	0.956083	3.70169	1.0974	4.24755	1.30765	5.05013		
0.645407	2.47919	0.505703	1.9426	0.840436	2.26413	0.715212	2.7537	0.821182	3.155	0.957404	3.69032	1.13171	4.34443	1.24697	4.8108	0.583888	2.25076	0.714397	2.74289	0.818765	3.14201	0.958702	3.68744	1.09938	4.22729	1.30894	5.02199		
0.648271	2.47396	0.509042	1.94268	0.837198	2.26583	0.719397	2.75172	0.824116	3.14563	0.959606	3.67461	1.13375	4.32392	1.24907	4.78733	0.587248	2.2489	0.717514	2.73691	0.821587	3.13231	0.961316	3.67337	1.10139	4.20738	1.31024	4.99425		
0.651131	2.46878	0.512376	1.94275	0.833968	2.26757	0.723592	2.74981	0.827047	3.13638	0.96183	3.6592	1.13579	4.30366	1.25118	4.76424	0.590619	2.24712	0.720618	2.73096	0.824436	3.12283	0.963928	3.65947	1.10342	4.18779	1.31155	4.9669		
0.653987	2.46366	0.515707	1.9428	0.830745	2.26934	0.727798	2.74796	0.829976	3.12723	0.964078	3.64408	1.13782	4.28365	1.25331	4.74151	0.594002	2.2454	0.723708	2.72504	0.827311	3.11358	0.966536	3.64573	1.10546	4.16854	1.31286	4.93993		
0.656841	2.4586	0.519035	1.94283	0.82753	2.27116	0.732014	2.74616	0.832903	3.11819	0.966349	3.62923	1.13985	4.26389	1.25546	4.71915	0.597395	2.24374	0.726786	2.71914	0.830213	3.10455	0.96914	3.63216	1.10753	4.14961	1.31418	4.91333		
0.659693	2.45359	0.522359	1.94285	0.824322	2.27301	0.736237	2.74442	0.835828	3.10926	0.968642	3.61466	1.14188	4.24436	1.25762	4.69713	0.600798	2.24214	0.72985	2.71327	0.833141	3.09573	0.971741	3.61874	1.10962	4.13099	1.31551	4.8871		
0.662545	2.44864	0.525679	1.94286	0.821122	2.2749	0.740467	2.74273	0.83875	3.10044	0.970959	3.60036	1.14391	4.22508	1.2598	4.67546	0.604213	2.2406	0.732901	2.70742	0.836095	3.08711	0.974338	3.60548	1.11172	4.11269	1.31685	4.86123		
0.665396	2.44375	0.528996	1.94286	0.81793	2.27683	0.744704	2.74109	0.84167	3.09171	0.973298	3.58632	1.14594	4.20602	1.262	4.65413	0.607637	2.23912	0.73594	2.7016	0.839074	3.0787	0.976931	3.59238	1.11385	4.09469	1.3182	4.83572		
0.668248	2.43893	0.53231	1.94284	0.814745	2.27879	0.748946	2.73948	0.844587	3.08309	0.975659	3.57254	1.14796	4.1872	1.26422	4.63312	0.611072	2.23769	0.738965	2.69581	0.842078	3.07048	0.979521	3.57942	1.116	4.07698	1.31955	4.81055		
0.671101	2.43417	0.535621	1.94282	0.811568	2.2808	0.753192	2.73791	0.847503	3.07456	0.978043	3.55901	1.14998	4.16861	1.26645	4.61243	0.614516	2.23632	0.741979	2.69004	0.845107	3.06246	0.982108	3.56662	1.11816	4.05957	1.32092	4.78572		
0.673955	2.42947	0.538929	1.94278	0.808399	2.28285	0.757442	2.73637	0.850417	3.06614	0.980449	3.54573	1.152	4.15023	1.2687	4.59206	0.61797	2.235	0.74498	2.6843	0.848161	3.05462	0.984692	3.55396	1.12035	4.04245	1.32229	4.76123		
0.676812	2.42484	0.542235	1.94274	0.805238	2.28495	0.761695	2.73486	0.85333	3.05781	0.982877	3.53269	1.15402	4.13208	1.27097	4.572	0.621434	2.23373	0.747968	2.67859	0.851238	3.04696	0.987272	3.54144	1.12255	4.0256	1.32367	4.73707		
0.679672	2.42028	0.545538	1.94268	0.802085	2.28708	0.76595	2.73338	0.856241	3.04958	0.985326	3.51989	1.15604	4.11415	1.27325	4.55224	0.624907	2.23251	0.750945	2.6729	0.854338	3.03948	0.989849	3.52906	1.12478	4.00902	1.32506	4.71324		
0.682535	2.41578	0.548838	1.94262	0.79894	2.28926	0.770206	2.73191	0.859151	3.04145	0.987798	3.50732	1.15805	4.09643	1.27554	4.53277	0.628389	2.23133	0.75391	2.66724	0.857461	3.03216	0.992423	3.51683	1.12702	3.99272	1.32646	4.68972		
0.685402	2.41135	0.552136	1.94255	0.795803	2.29149	0.774462	2.73047	0.862061	3.03341	0.990291	3.49498	1.16007	4.07892	1.27785	4.51359	0.631879	2.2302	0.756864	2.66161	0.860606	3.02502	0.994994	3.50473	1.12929	3.97668	1.32786	4.66652		
0.688273	2.40699	0.555432	1.94248	0.792673	2.29376	0.778718	2.72904	0.86497	3.02546	0.992805	3.48286	1.16209	4.06162	1.28018	4.49469	0.635379	2.22912	0.759808	2.65601	0.863773	3.01803	0.997562	3.49276	1.13157	3.96089	1.32928	4.64363		
0.691148	2.4027	0.558725	1.94239	0.789552	2.29607	0.782973	2.72763	0.867879	3.01761	0.995339	3.47096	1.1641	4.04453	1.28252	4.47606	0.638887	2.22808	0.76274	2.65044	0.866962	3.0112	1.00013	3.48093	1.13387	3.94536	1.33071	4.62104		
0.694028	2.39847	0.562017	1.94231	0.786439	2.29843	0.787225	2.72622	0.870789	3.00985	0.997895	3.45927	1.16612	4.02763	1.28487	4.45771	0.642404	2.22708	0.765662	2.64489	0.87017	3.00453	1.00269	3.46923	1.13619	3.93007	1.33214	4.59875		
0.696913	2.39431	0.565307	1.94221	0.783333	2.30084	0.791475	2.72483	0.873699	3.00219	1.00047	3.44779	1.16814	4.01094	1.28724	4.43962	0.645928	2.22611	0.768575	2.63938	0.873399	2.99799	1.00525	3.45766	1.13853	3.91503	1.33359	4.57676		
0.699803	2.39021	0.568595	1.94211	0.780236	2.3033	0.795722	2.72343	0.876612	2.99463	1.00307	3.43651	1.17015	3.99445	1.28962	4.42178	0.64946	2.22519	0.771477	2.6339	0.876646	2.9916	1.00781	3.44622	1.14088	3.90022	1.33504	4.55505		
0.702699	2.38619	0.571881	1.94201	0.777147	2.3058	0.799964	2.72204	0.879526	2.98716	1.00568	3.42543	1.17217	3.97815	1.29201	4.4042	0.653001	2.22431	0.774371	2.62846	0.879913	2.98535	1.01037	3.4349	1.14325	3.88564	1.33651	4.53363		
0.705601	2.38223	0.575166	1.9419	0.774066	2.30836	0.804201	2.72065	0.882443	2.97978	1.00832	3.41454	1.17419	3.96205	1.29442	4.38686	0.656548	2.22346	0.777256	2.62305	0.883197	2.97923	1.01292	3.42371	1.14564	3.87129	1.33798	4.51249		
0.708509	2.37833	0.578449	1.94179	0.770993	2.31096	0.808431	2.71925	0.885364	2.9725	1.01097	3.40384	1.17622	3.94613	1.29684	4.36977	0.660104	2.22264	0.780133	2.61767	0.886498	2.97324	1.01548	3.41265	1.14805	3.85717	1.33947	4.49163		
0.711424	2.3745	0.581731	1.94168	0.767928	2.31362	0.812655	2.71784	0.888289	2.96532	1.01365	3.39333	1.17824	3.93041	1.29927	4.35291	0.663666	2.22186	0.783002	2.61232	0.889816	2.96737	1.01803	3.4017	1.15047	3.84326	1.34096	4.47103		
0.714345	2.37074	0.585012	1.94156	0.764871	2.31633	0.816872	2.71643	0.891218	2.95823	1.01634	3.383	1.18027	3.91487	1.30171	4.33627	0.667235	2.22111	0.785863	2.60702	0.89315	2.96162	1.02058	3.39088	1.15291	3.82956	1.34246	4.45071		
0.717273	2.36704	0.588292	1.94144	0.761822	2.31909	0.82108	2.715	0.894154	2.95125	1.01905	3.37285	1.1823	3.89951	1.30416	4.31987	0.670812	2.22039	0.788717	2.60174	0.8965	2.95599	1.02313	3.38018	1.15537	3.81607	1.34398	4.43064		
0.720207	2.3634	0.59157	1.94132	0.758781	2.3219	0.825278	2.71356	0.897096	2.94436	1.02178	3.36287	1.18433	3.88434	1.30663	4.30368	0.674394	2.2197	0.791565	2.59651	0.899863	2.95047	1.02569	3.3696	1.15784	3.80278	1.3455	4.41084		
0.723149	2.35983	0.594848	1.94119	0.755749	2.32477	0.829465	2.7121	0.900045	2.93757	1.02452	3.35306	1.18637	3.86935	1.3091	4.28771	0.677984	2.21904	0.794407	2.59131	0.903241	2.94505	1.02824	3.35913	1.16033	3.78969	1.34704	4.39129		
0.726098	2.35632	0.598124	1.94107	0.752724	2.3277	0.833641	2.71062	0.903004	2.93089	1.02728	3.34341	1.18841	3.85453	1.31159	4.27196	0.68158	2.21841	0.797242	2.58616	0.906631	2.93973	1.03079	3.34879	1.16283	3.7768	1.34859	4.37199		
0.729054	2.35287	0.6014	1.94094	0.749707	2.33068	0.837805	2.70911	0.905971	2.92431	1.03006	3.33392	1.19045	3.83989	1.31408	4.2564	0.685182	2.21781	0.800072	2.58104	0.910035	2.93452	1.03334	3.33856	1.16534	3.76409	1.35015	4.35294		
0.732017	2.34949	0.604676	1.94082	0.746698	2.33371	0.841954	2.70758	0.90895	2.91784	1.03286	3.32459	1.1925	3.82542	1.31658	4.24105	0.68879	2.21723	0.802898	2.57596	0.913449	2.9294	1.0359	3.32844	1.16788	3.75158	1.35172	4.33414		
0.734988	2.34616	0.60795	1.94069	0.743697	2.33681	0.846089	2.70601	0.91194	2.91148	1.03567	3.31541	1.19456	3.81113	1.3191	4.2259	0.692403	2.21668	0.805719	2.57092	0.916875	2.92437	1.03845	3.31845	1.17042	3.73924	1.3533	4.31557		
0.737967	2.3429	0.611224	1.94056	0.740704	2.33996	0.850209	2.70442	0.914943	2.90523	1.03849	3.30638	1.19661	3.79701	1.32162	4.21093	0.696023	2.21615	0.808535	2.56593	0.920311	2.91942	1.04101	3.30856	1.17298	3.72708	1.35489	4.29724		
0.740953	2.33969	0.614497	1.94043	0.737718	2.34317	0.854311	2.70278	0.917961	2.89909	1.04133	3.2975	1.19868	3.78305	1.32415	4.19616	0.699648	2.21564	0.811348	2.56098	0.923756	2.91456	1.04357	3.29879	1.17556	3.7151	1.35649	4.27915		
0.743947	2.33655	0.61777	1.9403	0.73474	2.34644	0.858394	2.70111	0.920994	2.89306	1.04419	3.28875	1.20075	3.76927	1.32668	4.18157	0.703279	2.21516	0.814157	2.55606	0.927211	2.90978	1.04613	3.28914	1.17814	3.70328	1.3581	4.26128		
0.746949	2.33346	0.621043	1.94017	0.73177	2.34977	0.862458	2.69939	0.924044	2.88716	1.04706	3.28014	1.20282	3.75564	1.32923	4.16716	0.706914	2.2147	0.816964	2.5512	0.930673	2.90508	1.0487	3.27959	1.18074	3.69164	1.35973	4.24364		
0.749958	2.33043	0.624315	1.94005	0.728807	2.35316	0.866501	2.69762	0.927113	2.88137	1.04994	3.27167	1.2049	3.74218	1.33178	4.15293	0.710555	2.21426	0.819767	2.54637	0.934143	2.90045	1.05127	3.27016	1.18335	3.68015	1.36137	4.22622		
0.752976	2.32745	0.627587	1.93992	0.725852	2.35661	0.870522	2.69581	0.930201	2.8757	1.05284	3.26333	1.20699	3.72889	1.33434	4.13887	0.714201	2.21384	0.822569	2.54159	0.937619	2.89589	1.05384	3.26084	1.18598	3.66882	1.36301	4.20903		
0.756001	2.32453	0.630859	1.93979	0.722904	2.36013	0.874519	2.69394	0.93331	2.87016	1.05575	3.25512	1.20908	3.71575	1.33691	4.12498	0.717852	2.21343	0.825368	2.53685	0.941102	2.89139	1.05642	3.25163	1.18861	3.65765	1.36468	4.19205		
0.759034	2.32167	0.634131	1.93967	0.719963	2.3637	0.878491	2.69201	0.936443	2.86475	1.05867	3.24702	1.21118	3.70277	1.33948	4.11126	0.721508	2.21305	0.828166	2.53216	0.94459	2.88696	1.059	3.24253	1.19126	3.64663	1.36635	4.17529		
0.762076	2.31886	0.637403	1.93954	0.717029	2.36734	0.882437	2.69003	0.939599	2.85947	1.0616	3.23905	1.21329	3.68995	1.34206	4.09769	0.725168	2.21269	0.830963	2.52752	0.948083	2.88259	1.06159	3.23355	1.19391	3.63576	1.36803	4.15873		
0.765125	2.3161	0.640674	1.93942	0.714101	2.37105	0.886355	2.68798	0.942781	2.85431	1.06454	3.2312	1.2154	3.67728	1.34465	4.08428	0.728833	2.21234	0.833759	2.52291	0.951579	2.87827	1.06418	3.22467	1.19658	3.62503	1.36973	4.14239		
0.768183	2.3134	0.643946	1.9393	0.711181	2.37482	0.890244	2.68586	0.94599	2.8493	1.0675	3.22346	1.21753	3.66477	1.34724	4.07103	0.732501	2.21201	0.836554	2.51836	0.955079	2.87401	1.06678	3.2159	1.19926	3.61445	1.37144	4.12625		
0.771249	2.31074	0.647218	1.93918	0.708267	2.37865	0.894103	2.68367	0.949227	2.84442	1.07046	3.21583	1.21966	3.65241	1.34983	4.05793	0.736175	2.2117	0.839349	2.51385	0.958581	2.8698	1.06938	3.20724	1.20195	3.604	1.37316	4.11031		
0.774322	2.30814	0.650489	1.93906	0.705359	2.38255	0.89793	2.68142	0.952495	2.83968	1.07344	3.20831	1.2218	3.6402	1.35243	4.04498	0.739852	2.2114	0.842144	2.50938	0.962086	2.86564	1.072	3.1987	1.20465	3.59368	1.3749	4.09457		
0.777404	2.30559	0.653761	1.93894	0.702458	2.38652	0.901725	2.67908	0.955793	2.83507	1.07642	3.20089	1.22395	3.62814	1.35503	4.03217	0.743534	2.21112	0.84494	2.50496	0.965591	2.86153	1.07462	3.19026	1.20735	3.5835	1.37665	4.07903		
0.780494	2.30309	0.657033	1.93882	0.699562	2.39055	0.905486	2.67668	0.959123	2.83061	1.07942	3.19358	1.2261	3.61623	1.35764	4.01951	0.747219	2.21085	0.847735	2.50059	0.969097	2.85746	1.07724	3.18193	1.21007	3.57345	1.37841	4.06369		
0.783592	2.30064	0.660306	1.93871	0.696672	2.39465	0.909212	2.67419	0.962487	2.8263	1.08242	3.18636	1.22827	3.60446	1.36025	4.00698	0.750908	2.21059	0.850532	2.49627	0.972603	2.85343	1.07988	3.1737	1.21279	3.56352	1.38018	4.04853		
0.786698	2.29823	0.663578	1.9386	0.693788	2.39882	0.912902	2.67163	0.965885	2.82212	1.08543	3.17924	1.23045	3.59285	1.36287	3.99459	0.754601	2.21035	0.85333	2.49199	0.976108	2.84943	1.08253	3.16559	1.21553	3.55371	1.38197	4.03357		
0.789812	2.29588	0.666851	1.93849	0.690908	2.40305	0.916556	2.66898	0.969318	2.81809	1.08845	3.17221	1.23263	3.58137	1.36549	3.98234	0.758297	2.21012	0.856129	2.48775	0.979612	2.84547	1.08518	3.15758	1.21827	3.54403	1.38377	4.01879		
0.792934	2.29356	0.670124	1.93838	0.688033	2.40735	0.920174	2.66625	0.972787	2.8142	1.09148	3.16528	1.23483	3.57004	1.36811	3.97021	0.761997	2.20991	0.85893	2.48357	0.983113	2.84155	1.08785	3.14969	1.22101	3.53446	1.38558	4.0042		
0.796064	2.2913	0.673397	1.93827	0.685163	2.41172	0.923754	2.66345	0.976291	2.81045	1.09451	3.15843	1.23704	3.55885	1.37074	3.95821	0.7657	2.2097	0.861733	2.47943	0.986612	2.83765	1.09052	3.1419	1.22377	3.525	1.38741	3.98978		
0.799202	2.28908	0.676671	1.93817	0.682296	2.41616	0.927296	2.66056	0.979832	2.80685	1.09755	3.15167	1.23926	3.5478	1.37336	3.94633	0.769407	2.20951	0.864537	2.47533	0.990108	2.83379	1.09321	3.13422	1.22653	3.51566	1.38925	3.97555		
0.802348	2.2869	0.679945	1.93806	0.679434	2.42066	0.930801	2.65759	0.98341	2.80338	1.10059	3.14499	1.24148	3.53688	1.37599	3.93458	0.773117	2.20933	0.867344	2.47129	0.993599	2.82995	1.09591	3.12664	1.22929	3.50643	1.39111	3.9615		
0.805501	2.28477	0.68322	1.93796	0.676574	2.42523	0.934269	2.65455	0.987024	2.80005	1.10364	3.13839	1.24372	3.52611	1.37863	3.92295	0.77683	2.20915	0.870154	2.46729	0.997086	2.82613	1.09862	3.11918	1.23207	3.4973	1.39297	3.94762		
0.808663	2.28268	0.686495	1.93786	0.673717	2.42986	0.9377	2.65143	0.990673	2.79685	1.1067	3.13187	1.24598	3.51547	1.38126	3.91143	0.780546	2.20899	0.872966	2.46333	1.00057	2.82234	1.10134	3.11182	1.23484	3.48827	1.39486	3.93391		
0.811833	2.28063	0.68977	1.93777	0.670863	2.43456	0.941094	2.64824	0.994359	2.79379	1.10976	3.12542	1.24824	3.50497	1.38389	3.90003	0.784265	2.20884	0.875781	2.45942	1.00404	2.81857	1.10407	3.10456	1.23763	3.47935	1.39675	3.92038		
0.81501	2.27863	0.693046	1.93767	0.66801	2.43933	0.944453	2.64498	0.998079	2.79085	1.11282	3.11905	1.25051	3.4946	1.38653	3.88874	0.787986	2.2087	0.878599	2.45556	1.00751	2.81481	1.10682	3.09742	1.24042	3.47053	1.39866	3.90701		
0.818196	2.27666	0.696322	1.93758	0.665158	2.44416	0.947776	2.64165	1.00183	2.78804	1.11589	3.11275	1.2528	3.48436	1.38916	3.87756	0.791711	2.20857	0.88142	2.45174	1.01098	2.81107	1.10958	3.09038	1.24321	3.4618	1.40059	3.89381		
0.821388	2.27474	0.699599	1.93749	0.662307	2.44905	0.951065	2.63826	1.00562	2.78534	1.11897	3.10652	1.2551	3.47425	1.3918	3.86649	0.795438	2.20844	0.884244	2.44797	1.01443	2.80735	1.11236	3.08344	1.246	3.45316				
0.824589	2.27285	0.702876	1.93741	0.659456	2.454	0.954322	2.63481	1.00944	2.78276	1.12204	3.10036	1.25741	3.46428	1.39444	3.85553	0.799168	2.20833	0.887072	2.44424	1.01788	2.80363	1.11515	3.07662	1.24881	3.44462				
0.827797	2.271	0.706153	1.93732	0.656603	2.45902	0.957546	2.63131	1.01329	2.78029	1.12512	3.09426	1.25974	3.45443	1.39708	3.84467	0.802901	2.20822	0.889904	2.44056	1.02132	2.79993	1.11796	3.0699	1.25161	3.43617				
0.831013	2.2692	0.709432	1.93724	0.653749	2.46409	0.96074	2.62775	1.01718	2.77792	1.1282	3.08823	1.26208	3.44471	1.39971	3.83391	0.806636	2.20812	0.89274	2.43692	1.02474	2.79624	1.12078	3.06328	1.25442	3.42781				
0.834237	2.26742	0.71271	1.93716	0.650893	2.46921	0.963904	2.62415	1.02109	2.77565	1.13128	3.08226	1.26443	3.43512	1.40235	3.82325	0.810373	2.20803	0.895579	2.43333	1.02816	2.79256	1.12362	3.05677	1.25723	3.41953				
0.837468	2.26569	0.715989	1.93708	0.648033	2.4744	0.967041	2.62051	1.02502	2.77348	1.13437	3.07635	1.2668	3.42566			0.814113	2.20795	0.898423	2.42978	1.03157	2.78888	1.12647	3.05037	1.26004	3.41134				
0.840706	2.26399	0.719269	1.937	0.645168	2.47963	0.97015	2.61682	1.02899	2.7714	1.13745	3.0705	1.26918	3.41631			0.817855	2.20787	0.901271	2.42628	1.03497	2.78521	1.12935	3.04407	1.26286	3.40322				
0.843952	2.26232	0.722549	1.93693	0.642298	2.48491	0.973235	2.61311	1.03298	2.76941	1.14054	3.0647	1.27157	3.40709			0.821599	2.2078	0.904123	2.42282	1.03836	2.78154	1.13224	3.03787	1.26568	3.39519				
0.847205	2.2607	0.72583	1.93685	0.639422	2.49023	0.976296	2.60936	1.03699	2.76749	1.14363	3.05896	1.27398	3.398			0.825346	2.20773	0.90698	2.4194	1.04173	2.77787	1.13514	3.03178	1.2685	3.38724				
0.850465	2.2591	0.729111	1.93678	0.636537	2.4956	0.979334	2.60558	1.04103	2.76566	1.14671	3.05327	1.2764	3.38902			0.829094	2.20768	0.909841	2.41603	1.0451	2.77421	1.13807	3.02578	1.27132	3.37936				
0.853733	2.25754	0.732393	1.93672	0.633644	2.501	0.982351	2.60179	1.04508	2.76389	1.1498	3.04763	1.27884	3.38017			0.832845	2.20762	0.912707	2.41269	1.04845	2.77054	1.14101	3.0199	1.27414	3.37156				
0.857008	2.25601	0.735676	1.93665	0.63074	2.50644	0.985348	2.59798	1.04916	2.7622	1.15289	3.04205	1.28129	3.37143			0.836598	2.20758	0.915578	2.40941	1.05179	2.76688	1.14397	3.01411	1.27696	3.36383				
0.860289	2.25451	0.738959	1.93659	0.627825	2.5119	0.988327	2.59415	1.05325	2.76056	1.15598	3.03651	1.28376	3.36281			0.840352	2.20754	0.918453	2.40616	1.05511	2.76321	1.14695	3.00843	1.27979	3.35617				
0.863578	2.25305	0.742242	1.93652	0.624896	2.51738	0.991288	2.59031	1.05736	2.75899	1.15906	3.03102	1.28624	3.3543			0.844109	2.2075	0.921334	2.40295	1.05842	2.75954	1.14995	3.00284	1.28261	3.34859				
0.866874	2.25162	0.745526	1.93646	0.621953	2.52288	0.994233	2.58646	1.06149	2.75747	1.16215	3.02558	1.28874	3.34591			0.847867	2.20747	0.924219	2.39979	1.06172	2.75587	1.15297	2.99736	1.28544	3.34107				
0.870177	2.25021	0.748811	1.9364	0.618993	2.52839	0.997163	2.58261	1.06563	2.756	1.16524	3.02018	1.29125	3.33764			0.851627	2.20745	0.92711	2.39667	1.06501	2.75219	1.15601	2.99197	1.28827	3.33361				
0.873487	2.24884	0.752096	1.93635	0.616014	2.5339	1.00008	2.57876	1.06979	2.75458	1.16832	3.01483	1.29378	3.32947			0.855389	2.20742	0.930006	2.39359	1.06828	2.74851	1.15906	2.98668	1.29109	3.32623				
0.876803	2.2475	0.755382	1.93629	0.613015	2.5394	1.00298	2.57491	1.07395	2.7532	1.1714	3.00952	1.29632	3.32142			0.859152	2.20741	0.932907	2.39055	1.07153	2.74483	1.16214	2.98149	1.29392	3.31891				
0.880126	2.24618	0.758668	1.93624	0.609995	2.5449	1.00587	2.57106	1.07813	2.75187	1.17448	3.00426	1.29888	3.31348			0.862917	2.2074	0.935813	2.38754	1.07477	2.74114	1.16524	2.97639	1.29674	3.31165				
0.883456	2.24489	0.761955	1.93619	0.606951	2.55037	1.00876	2.56721	1.08232	2.75058	1.17756	2.99903	1.30145	3.30565			0.866684	2.20739	0.938725	2.38458	1.078	2.73745	1.16835	2.97139	1.29957	3.30445				
0.886793	2.24364	0.765242	1.93614	0.60388	2.55581	1.01163	2.56338	1.08652	2.74932	1.18064	2.99385	1.30405	3.29792			0.870452	2.20738	0.941642	2.38166	1.08121	2.73375	1.17149	2.96648	1.30239	3.29731				
0.890136	2.24241	0.76853	1.93609	0.600782	2.56121	1.01449	2.55955	1.09073	2.74809	1.18372	2.98871	1.30665	3.2903			0.874222	2.20738	0.944565	2.37878	1.08441	2.73004	1.17465	2.96167	1.30522	3.29023				
0.893485	2.2412	0.771818	1.93605	0.597655	2.56656	1.01734	2.55574	1.09495	2.7469	1.18679	2.9836	1.30928	3.28279			0.877993	2.20739	0.947493	2.37593	1.08759	2.72633	1.17782	2.95694	1.30804	3.28322				
0.896841	2.24002	0.775107	1.936	0.594495	2.57185	1.02019	2.55194	1.09917	2.74573	1.18986	2.97854	1.31191	3.27538			0.881766	2.20739	0.950426	2.37313	1.09076	2.72262	1.18102	2.95231	1.31086	3.27625				
0.900203	2.23887	0.778396	1.93596	0.591303	2.57708	1.02302	2.54815	1.1034	2.74458	1.19293	2.97351	1.31457	3.26808			0.88554	2.2074	0.953366	2.37036	1.09391	2.71889	1.18423	2.94776	1.31368	3.26935				
0.903572	2.23774	0.781686	1.93592	0.588075	2.58223	1.02586	2.54438	1.10764	2.74346	1.196	2.96852	1.31724	3.26087			0.889315	2.20742	0.956311	2.36763	1.09705	2.71517	1.18747	2.9433	1.3165	3.2625				
0.906946	2.23664	0.784976	1.93588	0.58481	2.5873	1.02868	2.54063	1.11188	2.74236	1.19907	2.96357	1.31993	3.25377			0.893092	2.20743	0.959261	2.36493	1.10017	2.71144	1.19072	2.93892	1.31932	3.2557				
0.910327	2.23556	0.788267	1.93584	0.581507	2.59227	1.03151	2.5369	1.11612	2.74128	1.20213	2.95866	1.32263	3.24676			0.896869	2.20745	0.962218	2.36227	1.10328	2.7077	1.19399	2.93463	1.32214	3.24896				
0.913714	2.23451	0.791558	1.93581	0.578164	2.59714	1.03432	2.53319	1.12037	2.74022	1.20519	2.95378	1.32535	3.23986			0.900648	2.20747	0.96518	2.35965	1.10637	2.70396	1.19728	2.93042	1.32495	3.24227				
0.917107	2.23348	0.79485	1.93577	0.57478	2.6019	1.03714	2.5295	1.12461	2.73917	1.20826	2.94894	1.32809	3.23305			0.904429	2.2075	0.968148	2.35707	1.10945	2.70022	1.20059	2.92628	1.32776	3.23563				
0.920506	2.23247	0.798142	1.93574	0.571355	2.60655	1.03995	2.52584	1.12886	2.73813	1.21132	2.94413	1.33084	3.22633			0.90821	2.20753	0.971122	2.35452	1.11252	2.69647	1.20392	2.92223	1.33058	3.22905				
0.923911	2.23148	0.801434	1.93571	0.567888	2.61108	1.04275	2.52219	1.13311	2.7371	1.21437	2.93937	1.3336	3.21971			0.911992	2.20756	0.974102	2.352	1.11557	2.69272	1.20727	2.91825	1.33339	3.22251				
0.927321	2.23052	0.804728	1.93568	0.564378	2.61548	1.04556	2.51857	1.13737	2.73608	1.21743	2.93464	1.33639	3.21318			0.915776	2.20759	0.977087	2.34952	1.11861	2.68897	1.21063	2.91435	1.3362	3.21603				
0.930738	2.22958	0.808021	1.93565	0.560825	2.61975	1.04836	2.51498	1.14162	2.73507	1.22049	2.92994	1.33919	3.20674			0.91956	2.20762	0.980078	2.34708	1.12163	2.68522	1.21401	2.91052	1.339	3.20959				
0.934159	2.22866	0.811315	1.93562	0.55723	2.62388	1.05116	2.51141	1.14586	2.73406	1.22354	2.92529	1.342	3.20039			0.923346	2.20766	0.983076	2.34467	1.12464	2.68146	1.21741	2.90677	1.34181	3.2032				
0.937587	2.22776	0.814609	1.93559	0.553593	2.62789	1.05396	2.50787	1.15011	2.73306	1.2266	2.92067	1.34483	3.19413			0.927132	2.2077	0.986079	2.34229	1.12764	2.67771	1.22082	2.90308	1.34461	3.19686				
0.94102	2.22688	0.817904	1.93557	0.549914	2.63176	1.05676	2.50435	1.15436	2.73206	1.22966	2.91609	1.34768	3.18796			0.93092	2.20774	0.989088	2.33994	1.13063	2.67396	1.22425	2.89946	1.34741	3.19057				
0.944459	2.22602	0.821199	1.93554	0.546195	2.63551	1.05956	2.50086	1.1586	2.73105	1.23271	2.91155	1.35054	3.18187			0.934708	2.20778	0.992103	2.33763	1.1336	2.67021	1.22769	2.8959	1.35022	3.18433				
0.947903	2.22518	0.824495	1.93552	0.542437	2.63912	1.06236	2.4974	1.16283	2.73005	1.23577	2.90704	1.35341	3.17586			0.938497	2.20783	0.995124	2.33535	1.13657	2.66646	1.23115	2.89241	1.35302	3.17813				
0.951352	2.22436	0.827791	1.9355	0.53864	2.6426	1.06516	2.49396	1.16706	2.72904	1.23883	2.90258	1.3563	3.16994			0.942288	2.20787	0.998151	2.33311	1.13952	2.66271	1.23463	2.88898	1.35581	3.17198				
0.954807	2.22356	0.831087	1.93547	0.534806	2.64597	1.06796	2.49056	1.17129	2.72802	1.24189	2.89816	1.35921	3.1641			0.946079	2.20792	1.00118	2.33089	1.14246	2.65897	1.23812	2.88561	1.35861	3.16587				
0.958266	2.22278	0.834384	1.93545	0.530938	2.64921	1.07076	2.48718	1.17551	2.727	1.24496	2.89377	1.36213	3.15834			0.94987	2.20797	1.00422	2.32871	1.14539	2.65523	1.24162	2.8823	1.36141	3.15981				
0.961731	2.22201	0.837681	1.93543	0.527035	2.65234	1.07356	2.48383	1.17972	2.72597	1.24803	2.88943	1.36506	3.15266			0.953663	2.20802	1.00727	2.32655	1.14831	2.6515	1.24513	2.87904	1.3642	3.1538				
0.965201	2.22126	0.840979	1.93542	0.5231	2.65536	1.07636	2.48051	1.18392	2.72493	1.2511	2.88514	1.36801	3.14706			0.957456	2.20807	1.01032	2.32443	1.15121	2.64778	1.24866	2.87583	1.367	3.14783				
0.968676	2.22053	0.844276	1.9354	0.519134	2.65827	1.07916	2.47722	1.18811	2.72387	1.25417	2.88089	1.37097	3.14153			0.96125	2.20812	1.01338	2.32234	1.15411	2.64406	1.25219	2.87268	1.36979	3.14191				
0.972156	2.21982	0.847575	1.93538	0.51514	2.66109	1.08196	2.47395	1.1923	2.7228	1.25726	2.87668	1.37394	3.13607			0.965045	2.20818	1.01644	2.32028	1.157	2.64035	1.25574	2.86958	1.37258	3.13603				
0.975641	2.21912	0.850873	1.93537	0.511118	2.66381	1.08477	2.47072	1.19647	2.72171	1.26034	2.87252	1.37693	3.13069			0.96884	2.20823	1.01951	2.31825	1.15988	2.63665	1.2593	2.86653	1.37538	3.1302				
0.979131	2.21844	0.854172	1.93535	0.507071	2.66645	1.08757	2.46752	1.20063	2.72061	1.26344	2.86841	1.37993	3.12538			0.972636	2.20829	1.02258	2.31624	1.16275	2.63295	1.26287	2.86352	1.37817	3.12441				
0.982625	2.21778	0.857471	1.93534	0.502999	2.66901	1.09038	2.46434	1.20477	2.71948	1.26654	2.86435	1.38295	3.12013			0.976433	2.20834	1.02566	2.31427	1.16562	2.62927	1.26645	2.86056	1.38096	3.11867				
0.986125	2.21713	0.86077	1.93533	0.498906	2.6715	1.0932	2.4612	1.20891	2.71833	1.26966	2.86034	1.38597	3.11496			0.98023	2.2084	1.02875	2.31232	1.16847	2.6256	1.27004	2.85764	1.38376	3.11297				
0.989629	2.2165	0.86407	1.93531	0.494791	2.67392	1.09601	2.45808	1.21302	2.71715	1.27278	2.85639	1.38901	3.10985			0.984028	2.20846	1.03184	2.31041	1.17132	2.62194	1.27363	2.85476	1.38655	3.10732				
0.993137	2.21588	0.86737	1.9353	0.490657	2.67628	1.09883	2.45499	1.21713	2.71595	1.27591	2.85249	1.39206	3.10481			0.987826	2.20852	1.03494	2.30852	1.17416	2.61829	1.27724	2.85192	1.38935	3.10171				
0.99665	2.21528	0.87067	1.93529	0.486504	2.67858	1.10164	2.45194	1.22121	2.71471	1.27906	2.84865	1.39513	3.09983			0.991625	2.20858	1.03805	2.30666	1.177	2.61465	1.28085	2.84912	1.39214	3.09615				
1.00017	2.21469	0.873971	1.93528	0.482335	2.68084	1.10447	2.44891	1.22527	2.71345	1.28222	2.84486	1.3982	3.09492			0.995424	2.20864	1.04116	2.30482	1.17983	2.61103	1.28446	2.84635	1.39494	3.09063				
1.00369	2.21411	0.877272	1.93527	0.478151	2.68305	1.10729	2.44591	1.22932	2.71215	1.28539	2.84114	1.40128	3.09006			0.999224	2.2087	1.04427	2.30301	1.18265	2.60742	1.28809	2.84361	1.39774	3.08516				
1.00722	2.21355	0.880573	1.93526	0.473952	2.68522	1.11012	2.44294	1.23334	2.71081	1.28858	2.83748					1.00302	2.20877	1.0474	2.30123	1.18547	2.60383	1.29171	2.84091	1.40054	3.07973				
1.01075	2.21301	0.883874	1.93525	0.46974	2.68736	1.11295	2.44	1.23734	2.70943	1.29179	2.83389					1.00682	2.20883	1.05052	2.29948	1.18828	2.60025	1.29535	2.83824						
1.01428	2.21247	0.887175	1.93525	0.465517	2.68947	1.11578	2.43709	1.24132	2.70802	1.29502	2.83036					1.01063	2.20889	1.05366	2.29775	1.19109	2.59668	1.29898	2.8356						
1.01782	2.21195	0.890477	1.93524	0.461282	2.69156	1.11862	2.4342	1.24527	2.70655	1.29826	2.8269					1.01443	2.20895	1.0568	2.29605	1.19389	2.59314	1.30262	2.83298						
1.02136	2.21144	0.893779	1.93523	0.457038	2.69364	1.12146	2.43135	1.2492	2.70505	1.30153	2.82352					1.01823	2.20902	1.05995	2.29437	1.19668	2.58961	1.30627	2.83039						
1.02491	2.21095	0.897081	1.93523	0.452785	2.69571	1.12431	2.42853	1.2531	2.70349	1.30482	2.82021					1.02203	2.20908	1.0631	2.29271	1.19948	2.58609	1.30991	2.82783						
1.02846	2.21046	0.900384	1.93522	0.448524	2.69777	1.12716	2.42573	1.25697	2.70189	1.30813	2.81697					1.02583	2.20915	1.06626	2.29109	1.20227	2.5826	1.31356	2.82528						
1.03202	2.20999	0.903686	1.93521	0.444256	2.69984	1.13001	2.42296	1.26081	2.70023	1.31147	2.81381					1.02964	2.20921	1.06942	2.28948	1.20505	2.57912	1.3172	2.82276						
1.03557	2.20953	0.906989	1.93521	0.439983	2.70191	1.13286	2.42022	1.26462	2.69852	1.31484	2.81073					1.03344	2.20927	1.07259	2.2879	1.20784	2.57566	1.32085	2.82025						
1.03914	2.20909	0.910292	1.93521	0.435704	2.70399	1.13572	2.41751	1.26839	2.69675	1.31823	2.80773					1.03724	2.20934	1.07576	2.28635	1.21062	2.57222	1.3245	2.81777						
1.0427	2.20865	0.913595	1.9352	0.431421	2.70609	1.13858	2.41483	1.27214	2.69493	1.32165	2.80481					1.04105	2.2094	1.07895	2.28482	1.21339	2.5688	1.32815	2.8153						
1.04627	2.20822	0.916899	1.9352	0.427135	2.70822	1.14145	2.41217	1.27585	2.69304	1.3251	2.80198					1.04485	2.20947	1.08213	2.28331	1.21617	2.5654	1.33179	2.81284						
1.04985	2.20781	0.920202	1.9352	0.422847	2.71038	1.14432	2.40954	1.27953	2.6911	1.32858	2.79923					1.04865	2.20953	1.08532	2.28182	1.21894	2.56202	1.33544	2.8104						
1.05343	2.2074	0.923506	1.93519	0.418557	2.71258	1.1472	2.40694	1.28317	2.68911	1.33209	2.79656					1.05246	2.20959	1.08852	2.28036	1.22171	2.55866	1.33908	2.80797						
1.05701	2.20701	0.926809	1.93519	0.414267	2.71482	1.15008	2.40437	1.28678	2.68705	1.33563	2.79398					1.05626	2.20966	1.09173	2.27892	1.22448	2.55532	1.34271	2.80555						
1.06059	2.20663	0.930113	1.93519	0.409977	2.71712	1.15296	2.40182	1.29035	2.68493	1.3392	2.79148					1.06006	2.20972	1.09494	2.2775	1.22725	2.552	1.34635	2.80314						
1.06418	2.20625	0.933417	1.93519	0.405688	2.71947	1.15585	2.3993	1.29388	2.68275	1.34281	2.78907					1.06387	2.20978	1.09815	2.2761	1.23001	2.5487	1.34998	2.80073						
1.06777	2.20589	0.936722	1.93518	0.401401	2.7219	1.15874	2.39681	1.29738	2.68052	1.34645	2.78674					1.06767	2.20985	1.10137	2.27473	1.23278	2.54543	1.3536	2.79834						
1.07137	2.20553	0.940026	1.93518	0.397118	2.7244	1.16164	2.39434	1.30085	2.67822	1.35012	2.78449					1.07148	2.20991	1.1046	2.27337	1.23555	2.54217	1.35722	2.79594						
1.07496	2.20519	0.94333	1.93518	0.392839	2.727	1.16454	2.3919	1.30428	2.67588	1.35382	2.78233					1.07528	2.20997	1.10783	2.27204	1.23831	2.53894	1.36083	2.79356						
1.07857	2.20485	0.946635	1.93518	0.388565	2.72969	1.16744	2.38948	1.30767	2.67347	1.35755	2.78025					1.07909	2.21003	1.11107	2.27073	1.24107	2.53572	1.36443	2.79117						
1.08217	2.20452	0.94994	1.93518	0.384298	2.7325	1.17035	2.3871	1.31103	2.67102	1.36132	2.77824					1.08289	2.21009	1.11432	2.26944	1.24384	2.53253	1.36803	2.78879						
1.08578	2.2042	0.953244	1.93518	0.380039	2.73543	1.17327	2.38473	1.31436	2.66851	1.36512	2.77631					1.08669	2.21015	1.11757	2.26817	1.2466	2.52937	1.37162	2.78641						
1.08939	2.20389	0.956549	1.93518	0.375789	2.73851	1.17619	2.38239	1.31765	2.66596	1.36894	2.77446					1.0905	2.21021	1.12082	2.26692	1.24936	2.52622	1.3752	2.78402						
1.093	2.20359	0.959854	1.93518	0.371549	2.74173	1.17911	2.38008	1.32092	2.66336	1.3728	2.77267					1.0943	2.21027	1.12408	2.26569	1.25213	2.5231	1.37878	2.78164						
1.09662	2.2033	0.963159	1.93518	0.367322	2.74514	1.18204	2.37779	1.32415	2.66071	1.37668	2.77096					1.0981	2.21033	1.12735	2.26448	1.25489	2.51999	1.38234	2.77925						
1.10024	2.20301	0.966465	1.93518	0.363109	2.74873	1.18497	2.37553	1.32735	2.65803	1.38059	2.76931					1.10191	2.21038	1.13062	2.26329	1.25766	2.51691	1.38589	2.77685						
1.10386	2.20274	0.96977	1.93518	0.358912	2.75254	1.18791	2.37329	1.33053	2.65531	1.38453	2.76773					1.10571	2.21044	1.1339	2.26211	1.26042	2.51386	1.38943	2.77445						
1.10749	2.20247	0.973075	1.93518	0.354732	2.7566	1.19085	2.37108	1.33368	2.65255	1.38849	2.7662					1.10951	2.2105	1.13718	2.26096	1.26319	2.51082	1.39296	2.77205						
1.11112	2.2022	0.976381	1.93518	0.350573	2.76092	1.19379	2.36889	1.3368	2.64976	1.39248	2.76474					1.11332	2.21055	1.14047	2.25983	1.26596	2.50781	1.39648	2.76964						
1.11475	2.20195	0.979686	1.93518	0.346437	2.76554	1.19674	2.36672	1.3399	2.64694	1.39649	2.76333					1.11712	2.2106	1.14377	2.25871	1.26873	2.50482	1.39999	2.76722						
1.11839	2.2017	0.982992	1.93519	0.342326	2.77049	1.1997	2.36458	1.34297	2.64409	1.40052	2.76197					1.12092	2.21065	1.14707	2.25762	1.2715	2.50186	1.40348	2.76479						
1.12202	2.20146	0.986297	1.93519	0.338244	2.77583	1.20266	2.36246	1.34602	2.64122							1.12472	2.21071	1.15038	2.25654	1.27427	2.49891								
1.12566	2.20123	0.989603	1.93519	0.334195	2.78158	1.20562	2.36037	1.34905	2.63833							1.12852	2.21075	1.15369	2.25548	1.27704	2.49599								
1.12931	2.201	0.992909	1.93519	0.330182	2.7878	1.20859	2.3583	1.35207	2.63541							1.13232	2.2108	1.15701	2.25444	1.27982	2.49309								
1.13295	2.20078	0.996214	1.93519	0.326209	2.79455	1.21157	2.35625	1.35506	2.63248							1.13612	2.21085	1.16033	2.25342	1.28259	2.49022								
1.1366	2.20056	0.99952	1.93519	0.322281	2.8019	1.21455	2.35422	1.35803	2.62953							1.13992	2.21089	1.16366	2.25241	1.28537	2.48737								
1.14025	2.20036	1.00283	1.93519	0.318404	2.80992	1.21753	2.35222	1.36099	2.62657							1.14372	2.21094	1.16699	2.25142	1.28815	2.48454								
1.1439	2.20016	1.00613	1.9352	0.314584	2.81868	1.22052	2.35023	1.36393	2.6236							1.14752	2.21098	1.17033	2.25045	1.29094	2.48173								
1.14756	2.19996	1.00944	1.9352	0.310826	2.82829	1.22351	2.34828	1.36686	2.62062							1.15131	2.21102	1.17368	2.2495	1.29372	2.47894								
1.15122	2.19977	1.01274	1.9352	0.307138	2.83885	1.22651	2.34634	1.36977	2.61764							1.15511	2.21106	1.17703	2.24856	1.29651	2.47618								
1.15488	2.19959	1.01605	1.9352	0.303527	2.85047	1.22951	2.34442	1.37267	2.61465							1.1589	2.21109	1.18039	2.24764	1.2993	2.47344								
1.15854	2.19941	1.01936	1.9352	0.300002	2.86328	1.23252	2.34253	1.37556	2.61165							1.1627	2.21113	1.18375	2.24674	1.30209	2.47072								
1.16221	2.19924	1.02266	1.93521	0.29657	2.87743	1.23553	2.34065	1.37843	2.60865							1.16649	2.21116	1.18712	2.24585	1.30488	2.46803								
1.16587	2.19907	1.02597	1.93521	0.293239	2.89305	1.23854	2.3388	1.3813	2.60565							1.17028	2.21119	1.19049	2.24498	1.30768	2.46536								
1.16954	2.19891	1.02927	1.93521	0.290019	2.91032	1.24156	2.33697	1.38415	2.60265							1.17407	2.21121	1.19387	2.24413	1.31048	2.4627								
1.17321	2.19875	1.03258	1.93521	0.286918	2.9294	1.24459	2.33516	1.387	2.59966							1.17786	2.21124	1.19726	2.2433	1.31328	2.46008								
1.17689	2.1986	1.03589	1.93521	0.283942	2.95047	1.24762	2.33337	1.38984	2.59666							1.18165	2.21126	1.20065	2.24248	1.31609	2.45747								
1.18056	2.19846	1.03919	1.93522	0.2811	2.97371	1.25066	2.3316	1.39267	2.59367							1.18544	2.21128	1.20405	2.24168	1.3189	2.45488								
1.18424	2.19831	1.0425	1.93522	0.278398	2.99931	1.2537	2.32984	1.39549	2.59069							1.18922	2.21129	1.20746	2.24089	1.32171	2.45232								
1.18792	2.19818	1.0458	1.93522	0.275838	3.02744	1.25674	2.32811	1.3983	2.58771							1.193	2.21131	1.21087	2.24012	1.32452	2.44978								
1.19161	2.19805	1.04911	1.93522	0.273426	3.05828	1.25979	2.3264	1.40111	2.58474							1.19678	2.21131	1.21429	2.23937	1.32734	2.44726								
1.19529	2.19792	1.05242	1.93522	0.271162	3.09202	1.26284	2.32471									1.20056	2.21132	1.21771	2.23863	1.33016	2.44476								
1.19898	2.19779	1.05572	1.93523	0.269046	3.12883	1.2659	2.32304									1.20434	2.21132	1.22114	2.23791	1.33298	2.44228								
1.20267	2.19768	1.05903	1.93523	0.267077	3.16887	1.26897	2.32138									1.20812	2.21132	1.22458	2.23721	1.33581	2.43983								
1.20636	2.19756	1.06234	1.93523	0.265253	3.21232	1.27203	2.31975									1.21189	2.21131	1.22802	2.23652	1.33864	2.43739								
1.21005	2.19745	1.06564	1.93523	0.263571	3.25936	1.27511	2.31813									1.21566	2.2113	1.23147	2.23585	1.34147	2.43498								
1.21374	2.19735	1.06895	1.93523	0.262026	3.31016	1.27818	2.31654									1.21943	2.21129	1.23493	2.23519	1.34431	2.43259								
1.21744	2.19724	1.07225	1.93524	0.260613	3.36491	1.28127	2.31496									1.22319	2.21127	1.23839	2.23456	1.34715	2.43022								
1.22114	2.19715	1.07556	1.93524	0.259329	3.42383	1.28435	2.3134									1.22696	2.21124	1.24186	2.23393	1.34999	2.42787								
1.22484	2.19705	1.07887	1.93524	0.258168	3.48713	1.28744	2.31185									1.23072	2.21121	1.24534	2.23333	1.35284	2.42554								
1.22854	2.19696	1.08217	1.93524	0.257125	3.55505	1.29054	2.31033									1.23447	2.21118	1.24882	2.23274	1.35569	2.42323								
1.23224	2.19688	1.08548	1.93524	0.256197	3.62788	1.29364	2.30882									1.23823	2.21113	1.25232	2.23217	1.35854	2.42094								
1.23595	2.19679	1.08878	1.93525	0.255377	3.7059	1.29675	2.30733									1.24197	2.21109	1.25582	2.23162	1.3614	2.41867								
1.23965	2.19671	1.09209	1.93525	0.254663	3.78945	1.29986	2.30585									1.24572	2.21103	1.25933	2.23108	1.36426	2.41642								
1.24336	2.19664	1.0954	1.93525	0.25405	3.8789	1.30297	2.3044									1.24946	2.21097	1.26284	2.23056	1.36712	2.41419								
1.24707	2.19656	1.0987	1.93525	0.253535	3.97468	1.30609	2.30296									1.2532	2.2109	1.26637	2.23006	1.36999	2.41198								
1.25078	2.19649	1.10201	1.93525	0.253115	4.07725	1.30921	2.30153									1.25693	2.21083	1.2699	2.22957	1.37286	2.40979								
1.2545	2.19643	1.10532	1.93526	0.252786	4.18714	1.31234	2.30013									1.26066	2.21075	1.27344	2.2291	1.37574	2.40762								
1.25821	2.19636	1.10862	1.93526	0.252545	4.30493	1.31547	2.29874									1.26439	2.21066	1.27699	2.22865	1.37862	2.40547								
1.26193	2.1963	1.11193	1.93526	0.25239	4.43129	1.31861	2.29736									1.26811	2.21056	1.28054	2.22822	1.3815	2.40334								
1.26565	2.19625	1.11523	1.93526	0.252318	4.56697	1.32175	2.296									1.27182	2.21046	1.28411	2.2278	1.38439	2.40122								
1.26937	2.19619	1.11854	1.93526	0.252328	4.71283	1.3249	2.29466									1.27553	2.21035	1.28768	2.22741	1.38728	2.39913								
1.27309	2.19614	1.12185	1.93526	0.252416	4.86982	1.32805	2.29333									1.27924	2.21023	1.29127	2.22703	1.39017	2.39706								
1.27681	2.19609	1.12515	1.93527	0.252582	5.03904	1.3312	2.29202									1.28294	2.2101	1.29486	2.22666	1.39307	2.395								
1.28053	2.19604	1.12846	1.93527	0.252822	5.22175	1.33436	2.29072									1.28663	2.20996	1.29846	2.22632	1.39597	2.39296								
1.28426	2.196	1.13176	1.93527	0.253136	5.41939	1.33753	2.28944									1.29032	2.20982	1.30207	2.22599	1.39888	2.39094								
1.28798	2.19596	1.13507	1.93527	0.253468	5.60508	1.34069	2.28818									1.29401	2.20966	1.30569	2.22567	1.40179	2.38894								
1.29171	2.19592	1.13838	1.93527	0.253793	5.77426	1.34387	2.28693									1.29769	2.2095	1.30931	2.22538										
1.29544	2.19589	1.14168	1.93527	0.25409	5.92238	1.34704	2.28569									1.30136	2.20934	1.31295	2.2251										
1.29917	2.19585	1.14499	1.93528	0.254343	6.04516	1.35022	2.28447									1.30503	2.20916	1.31659	2.22483										
1.3029	2.19582	1.14829	1.93528	0.254539	6.13882	1.35341	2.28326									1.3087	2.20898	1.32025	2.22458										
1.30664	2.19579	1.1516	1.93528	0.254727	6.22764	1.3566	2.28207									1.31236	2.20879	1.32391	2.22435										
1.31037	2.19577	1.15491	1.93528	0.254862	6.29097	1.35979	2.28089									1.31601	2.20859	1.32757	2.22413										
1.31411	2.19574	1.15821	1.93528	0.25508	6.39259	1.36299	2.27972									1.31966	2.20839	1.33125	2.22393										
1.31784	2.19572	1.16152	1.93528	0.255389	6.53622	1.36619	2.27857									1.32331	2.20818	1.33493	2.22373										
1.32158	2.1957	1.16482	1.93528	0.255802	6.72742	1.3694	2.27743									1.32695	2.20796	1.33862	2.22355										
1.32532	2.19568	1.16813	1.93528	0.256333	6.97408	1.37261	2.27631									1.33059	2.20774	1.34232	2.22339										
1.32906	2.19566	1.17143	1.93528	0.257	7.28728	1.37583	2.27519									1.33422	2.20752	1.34602	2.22323										
1.3328	2.19565	1.17474	1.93529	0.257821	7.6826	1.37905	2.2741									1.33785	2.20729	1.34973	2.22309										
1.33654	2.19564	1.17805	1.93529	0.258701	8.12216	1.38227	2.27301									1.34148	2.20705	1.35345	2.22296										
1.34029	2.19563	1.18135	1.93529	0.259638	8.61342	1.3855	2.27194									1.3451	2.20682	1.35717	2.22284										
1.34403	2.19562	1.18466	1.93529	0.26063	9.16563	1.38873	2.27088									1.34873	2.20658	1.3609	2.22272										
1.34778	2.19561	1.18796	1.93529	0.261676	9.7904	1.39197	2.26983									1.35235	2.20633	1.36463	2.22262										
1.35152	2.19561	1.19127	1.93529	0.262772	10.5025	1.39521	2.2688									1.35597	2.20609	1.36837	2.22252										
1.35527	2.1956	1.19457	1.93529	0.263917	11.321	1.39845	2.26778									1.35958	2.20584	1.37211	2.22244										
1.35902	2.1956	1.19788	1.93529	0.265108	12.2711	1.4017	2.26677									1.3632	2.2056	1.37586	2.22236										
1.36277	2.1956	1.20119	1.93529	0.266342	13.3864											1.36681	2.20535	1.37961	2.22229										
1.36652	2.1956	1.20449	1.93529	0.267615	14.7133											1.37042	2.2051	1.38336	2.22222										
1.37027	2.1956	1.2078	1.93529	0.268922	16.3173											1.37403	2.20485	1.38712	2.22216										
1.37402	2.19561	1.2111	1.9353	0.270257	18.294											1.37764	2.2046	1.39088	2.22211										
1.37777	2.19561	1.21441	1.9353	0.271612	20.789											1.38125	2.20435	1.39465	2.22206										
1.38153	2.19562	1.21771	1.9353	0.272975	24.0351											1.38486	2.2041	1.39842	2.22202										
1.38528	2.19563	1.22102	1.9353	0.274329	28.4293											1.38847	2.20385	1.40219	2.22198										
1.38904	2.19564	1.22433	1.9353	0.275649	34.709											1.39207	2.20361												
1.39279	2.19565	1.22763	1.9353	0.276894	44.4176											1.39568	2.20336												
1.39655	2.19566	1.23094	1.9353	0.278002	61.4226											1.39929	2.20312												
1.40031	2.19567	1.23424	1.9353	0.278879	98.9557											1.4029	2.20288												
		1.23755	1.9353	0.279406	251.626																								
		1.24085	1.9353																										
		1.24416	1.9353																										
		1.24746	1.9353																										
		1.25077	1.9353																										
		1.25407	1.9353																										
		1.25738	1.9353																										
		1.26069	1.9353																										
		1.26399	1.9353																										
		1.2673	1.9353																										
		1.2706	1.9353																										
		1.27391	1.93531																										
		1.27721	1.93531																										
		1.28052	1.93531																										
		1.28382	1.93531																										
		1.28713	1.93531																										
		1.29043	1.93531																										
		1.29374	1.93531																										
		1.29704	1.93531																										
		1.30035	1.93531																										
		1.30365	1.93531																										
		1.30696	1.93531																										
		1.31027	1.93531																										
		1.31357	1.93531																										
		1.31688	1.93531																										
		1.32018	1.93531																										
		1.32349	1.93531																										
		1.32679	1.93531																										
		1.3301	1.93531																										
		1.3334	1.93531																										
		1.33671	1.93531																										
		1.34001	1.93531																										
		1.34332	1.93531																										
		1.34662	1.93531																										
		1.34993	1.93531																										
		1.35323	1.93531																										
		1.35654	1.93531																										
		1.35984	1.93531																										
		1.36315	1.93531																										
		1.36645	1.93531																										
		1.36976	1.93531																										
		1.37306	1.93531																										
		1.37637	1.93531																										
		1.37967	1.93531																										
		1.38298	1.93531																										
		1.38629	1.93531																										
		1.38959	1.93531																										
		1.3929	1.93531																										
		1.3962	1.93531																										
		1.39951	1.93531																										
		1.40281	1.93531																										
