Sym0		Asym0		Sym1		Sym2		Sym3		Sym4		Sym5		Sym6		Asym1		Asym2		Asym3		Asym4		Asym5		Asym6		Asym7	
377  Points		425  Points		377  Points		362  Points		317  Points		296  Points		266  Points		217  Points		376  Points		373  Points		342  Points		296  Points		267  Points		211  Points		144  Points	
Freq (MHz)	Vgr (m/ms)	Freq (MHz)	Vgr (m/ms)	Freq (MHz)	Vgr (m/ms)	Freq (MHz)	Vgr (m/ms)	Freq (MHz)	Vgr (m/ms)	Freq (MHz)	Vgr (m/ms)	Freq (MHz)	Vgr (m/ms)	Freq (MHz)	Vgr (m/ms)	Freq (MHz)	Vgr (m/ms)	Freq (MHz)	Vgr (m/ms)	Freq (MHz)	Vgr (m/ms)	Freq (MHz)	Vgr (m/ms)	Freq (MHz)	Vgr (m/ms)	Freq (MHz)	Vgr (m/ms)	Freq (MHz)	Vgr (m/ms)
0.279497	-0.191756	0.000553727	0.355582	1.40336	2.19767	0.293298	0.29892	0.559021	0.0124351	0.838525	-0.00295919	0.879734	0.0393948	1.11803	0.00276991	0.13976	0.0963772	0.419266	0.00673048	0.586497	0.0367931	0.698775	0.013981	0.978281	0.00458811	1.17296	0.0175735	1.25779	0.00676084
0.27917	-0.306001	0.001161	0.418607	1.39961	2.19739	0.293808	0.429206	0.559043	0.0175997	0.83852	-0.0051076	0.879802	0.0533759	1.11804	0.00536485	0.139925	0.161503	0.419277	0.00928298	0.58656	0.0493367	0.698799	0.0203551	0.978289	0.00681449	1.17299	0.0237232	1.2578	0.00995475
0.278452	-0.501598	0.00198354	0.542497	1.39586	2.19687	0.294764	0.65652	0.559081	0.027956	0.838508	-0.00932438	0.879917	0.0812676	1.11805	0.0105498	0.140312	0.290709	0.419297	0.0144025	0.586665	0.0743399	0.698845	0.0331016	0.978304	0.0112652	1.17304	0.0360441	1.25782	0.0163795
0.277456	-0.634231	0.00301398	0.66171	1.3921	2.19631	0.29605	0.822443	0.559138	0.0383929	0.838488	-0.0134249	0.880079	0.108948	1.11807	0.0157201	0.140918	0.41721	0.419326	0.0196277	0.586813	0.0992144	0.698912	0.045843	0.978327	0.0157097	1.17312	0.0483677	1.25786	0.0228533
0.276286	-0.715096	0.00424371	0.775529	1.38835	2.19576	0.297573	0.940543	0.559213	0.0488054	0.838462	-0.0173547	0.880289	0.136392	1.11811	0.020923	0.141737	0.539849	0.419365	0.0249402	0.587004	0.123955	0.699001	0.0585742	0.978358	0.0201419	1.17321	0.0606966	1.2579	0.0293012
0.275014	-0.759956	0.00566292	0.883388	1.3846	2.19522	0.299263	1.02614	0.559305	0.0592312	0.838429	-0.0210051	0.880545	0.163547	1.11815	0.0261289	0.142762	0.657797	0.419412	0.0303656	0.587237	0.148615	0.699112	0.0713469	0.978396	0.0246113	1.17332	0.0729741	1.25796	0.0357593
0.27369	-0.781151	0.00726106	0.984962	1.38086	2.19462	0.301078	1.09055	0.559415	0.0697452	0.83839	-0.0243443	0.880848	0.190312	1.1182	0.0313412	0.143984	0.770324	0.419468	0.0359547	0.587512	0.173112	0.699245	0.0841408	0.978442	0.0290933	1.17346	0.085211	1.25802	0.0422378
0.272346	-0.786897	0.0090272	1.08009	1.37711	2.19405	0.302988	1.14108	0.559543	0.08025	0.838346	-0.0273705	0.881195	0.216668	1.11825	0.036566	0.145393	0.876838	0.419534	0.0416857	0.587828	0.197346	0.6994	0.0969768	0.978495	0.0335385	1.17361	0.0974283	1.2581	0.0486953
0.271002	-0.782355	0.0109503	1.16877	1.37336	2.19347	0.304975	1.18233	0.559689	0.0907985	0.838297	-0.0300183	0.881588	0.242638	1.11832	0.041754	0.146979	0.977081	0.419611	0.0476386	0.588186	0.221425	0.699576	0.109897	0.978556	0.0380338	1.17379	0.109607	1.25819	0.0552344
0.269674	-0.770673	0.0130193	1.25112	1.36962	2.19285	0.307026	1.21717	0.559853	0.101434	0.838243	-0.0322188	0.882024	0.268146	1.1184	0.0469923	0.14873	1.07085	0.419697	0.0538493	0.588584	0.245256	0.699775	0.122863	0.978625	0.0425676	1.17399	0.121769	1.25829	0.0617511
0.26837	-0.75387	0.0152236	1.32728	1.36587	2.19225	0.309133	1.24743	0.560035	0.112121	0.838187	-0.03402	0.882503	0.293101	1.11848	0.0522073	0.150636	1.15811	0.419795	0.0602665	0.589024	0.268776	0.699996	0.135857	0.978702	0.0470546	1.17421	0.133898	1.2584	0.0682849
0.267099	-0.733263	0.0175529	1.39754	1.36213	2.19165	0.311287	1.27426	0.560236	0.122846	0.838127	-0.0353322	0.883025	0.317572	1.11857	0.0574377	0.152686	1.23898	0.419903	0.0669107	0.589503	0.292047	0.700239	0.148907	0.978786	0.0515718	1.17445	0.145963	1.25852	0.0748529
0.265865	-0.709752	0.0199971	1.46222	1.35839	2.19101	0.313485	1.29846	0.560455	0.133651	0.838066	-0.0361613	0.883588	0.341566	1.11868	0.0626988	0.154868	1.31373	0.420023	0.0738851	0.590021	0.315004	0.700505	0.16207	0.978878	0.0561492	1.1747	0.157959	1.25866	0.0814275
0.264674	-0.683838	0.0225473	1.5217	1.35464	2.19036	0.315722	1.3206	0.560693	0.144551	0.838004	-0.0365198	0.884192	0.364981	1.11879	0.0679593	0.15687	1.37418	0.420155	0.0811488	0.590578	0.337582	0.700793	0.175274	0.978978	0.0607233	1.17498	0.169882	1.2588	0.088077
0.26353	-0.655967	0.0251947	1.57628	1.3509	2.18973	0.317996	1.34107	0.560949	0.155519	0.837941	-0.0363699	0.884835	0.387854	1.11891	0.0732188	0.158645	1.42225	0.4203	0.0887433	0.591174	0.359833	0.701103	0.188558	0.979085	0.065291	1.17529	0.18178	1.25896	0.0946908
0.262434	-0.626471	0.0279313	1.62632	1.34716	2.18909	0.320303	1.36015	0.561224	0.166561	0.83788	-0.0357608	0.885517	0.410203	1.11904	0.0784762	0.160157	1.45965	0.420458	0.0966897	0.591808	0.381743	0.701437	0.201941	0.979201	0.0699075	1.17561	0.19363	1.25913	0.101357
0.26139	-0.595458	0.0307497	1.67225	1.34343	2.18844	0.322642	1.37801	0.561518	0.177687	0.837819	-0.0346664	0.886236	0.431996	1.11918	0.0837913	0.16138	1.48794	0.420631	0.104969	0.592478	0.403216	0.701793	0.2154	0.979324	0.0745598	1.17595	0.205382	1.2593	0.108066
0.2604	-0.563083	0.0336431	1.71433	1.33969	2.18774	0.32501	1.39479	0.561831	0.188921	0.837761	-0.0330966	0.886992	0.453298	1.11932	0.089098	0.162294	1.50793	0.420817	0.113604	0.593185	0.424311	0.702172	0.229008	0.979455	0.0792218	1.17631	0.217063	1.25949	0.114798
0.259466	-0.529529	0.0366052	1.75287	1.33595	2.18704	0.327406	1.41063	0.562163	0.200248	0.837706	-0.0310711	0.887784	0.474113	1.11948	0.0943879	0.162885	1.52035	0.421019	0.122641	0.593927	0.44496	0.702575	0.242667	0.979595	0.0839033	1.17669	0.228665	1.2597	0.121576
0.258591	-0.494859	0.0396303	1.78822	1.33222	2.18637	0.329828	1.42568	0.562515	0.211697	0.837655	-0.0285676	0.888612	0.494388	1.11965	0.0997062	0.163743	1.53777	0.421236	0.132111	0.594705	0.465149	0.703001	0.256429	0.979742	0.0886237	1.17709	0.240169	1.25991	0.128387
0.257776	-0.459069	0.0427132	1.82068	1.32849	2.18566	0.332275	1.43992	0.562886	0.223267	0.837609	-0.0256654	0.889473	0.514138	1.11982	0.105081	0.164687	1.55604	0.42147	0.141951	0.595516	0.484915	0.703451	0.270336	0.979897	0.0933602	1.17751	0.251601	1.26013	0.135261
0.257023	-0.422215	0.0458491	1.85043	1.32475	2.18492	0.334746	1.45342	0.563277	0.234956	0.837567	-0.0223369	0.890368	0.533458	1.12001	0.110446	0.165987	1.57996	0.421721	0.152223	0.596361	0.504204	0.703925	0.284345	0.980061	0.0981285	1.17795	0.262952	1.26037	0.142137
0.256334	-0.384347	0.0490336	1.87775	1.32102	2.18423	0.33724	1.46631	0.563689	0.246758	0.837532	-0.0185893	0.891295	0.552353	1.1202	0.115789	0.167661	1.60875	0.42199	0.162925	0.597238	0.523037	0.704422	0.298497	0.980233	0.102961	1.17841	0.274202	1.26062	0.149081
0.25571	-0.345444	0.0522628	1.90286	1.31729	2.18349	0.339755	1.47853	0.56412	0.258664	0.837504	-0.0144988	0.892254	0.570768	1.1204	0.121215	0.169723	1.64144	0.422277	0.174053	0.598147	0.541389	0.704944	0.312749	0.980413	0.107797	1.17888	0.285374	1.26088	0.156098
0.255154	-0.30552	0.0555331	1.92591	1.31357	2.18274	0.34229	1.49016	0.564572	0.270713	0.837483	-0.0100316	0.893245	0.588718	1.12061	0.12662	0.172193	1.67708	0.422584	0.185662	0.599087	0.559214	0.705491	0.327141	0.980601	0.112641	1.17938	0.29639	1.26115	0.163136
0.254667	-0.264607	0.0588411	1.94713	1.30984	2.18198	0.344844	1.50122	0.565045	0.282926	0.83747	-0.0052447	0.894265	0.606295	1.12083	0.132044	0.175091	1.71464	0.422911	0.197738	0.600057	0.57654	0.706062	0.341688	0.980797	0.117563	1.1799	0.307343	1.26144	0.170219
0.25425	-0.222585	0.0621838	1.96666	1.30611	2.1812	0.347417	1.51172	0.565538	0.295282	0.837465	-0.000127744	0.895315	0.623498	1.12106	0.137506	0.17805	1.74886	0.42326	0.210252	0.601057	0.593365	0.706658	0.356359	0.981002	0.122516	1.18043	0.318167	1.26173	0.177389
0.253907	-0.179518	0.0655585	1.98467	1.30239	2.18045	0.350008	1.52169	0.566053	0.307737	0.837469	0.0053398	0.896395	0.640323	1.1213	0.142983	0.181065	1.78003	0.42363	0.22321	0.602084	0.609683	0.707279	0.371153	0.981216	0.12747	1.18098	0.32886	1.26204	0.18461
0.253637	-0.135353	0.0689628	2.00126	1.29866	2.17964	0.352615	1.53116	0.56659	0.320391	0.837483	0.0110752	0.897503	0.656766	1.12155	0.148489	0.18413	1.80836	0.424022	0.236683	0.603139	0.625481	0.707925	0.386072	0.981438	0.132489	1.18155	0.339476	1.26237	0.191873
0.253444	-0.0899834	0.0723941	2.01654	1.29494	2.17881	0.355238	1.54014	0.567148	0.333196	0.837507	0.0170368	0.898638	0.672814	1.12181	0.153994	0.187241	1.8341	0.424438	0.25063	0.604221	0.640736	0.708598	0.401177	0.981668	0.137574	1.18214	0.349935	1.2627	0.199217
0.25333	-0.0434407	0.0758506	2.0307	1.29122	2.17802	0.357876	1.54864	0.567728	0.346115	0.837541	0.0232652	0.899801	0.688568	1.12208	0.159555	0.190395	1.85743	0.424878	0.26503	0.605328	0.655462	0.709296	0.416469	0.981908	0.142669	1.18275	0.360269	1.26305	0.206602
0.253296	0.00439491	0.0793303	2.04373	1.2875	2.1772	0.360186	1.55571	0.56833	0.359263	0.837586	0.0297794	0.90099	0.704045	1.12236	0.165105	0.193586	1.87857	0.425343	0.279964	0.606459	0.669685	0.71002	0.431887	0.982156	0.147783	1.18337	0.370476	1.2634	0.214067
0.253345	0.0536405	0.0828312	2.05575	1.28379	2.17634	0.362163	1.56143	0.568955	0.372561	0.837643	0.0364939	0.902205	0.719151	1.12264	0.170698	0.196811	1.89771	0.425834	0.295347	0.607615	0.683399	0.710771	0.447433	0.982412	0.152996	1.18401	0.380552	1.26378	0.221632
0.253479	0.104344	0.086352	2.0669	1.28007	2.17551	0.363804	1.56595	0.569602	0.385973	0.837711	0.0433614	0.903446	0.733951	1.12294	0.176312	0.200068	1.91499	0.426352	0.311194	0.608794	0.69659	0.711548	0.463112	0.982678	0.158223	1.18467	0.390491	1.26416	0.22927
0.253701	0.156602	0.089891	2.07719	1.27636	2.17463	0.365104	1.56948	0.570273	0.39961	0.837791	0.050473	0.904712	0.748508	1.12324	0.181968	0.203352	1.93059	0.426897	0.3276	0.609994	0.709229	0.712353	0.478995	0.982953	0.163477	1.18535	0.400279	1.26456	0.236933
0.254014	0.210545	0.0934469	2.0867	1.27264	2.17376	0.366062	1.57195	0.570967	0.413452	0.837883	0.0577634	0.906003	0.762766	1.12356	0.187649	0.206662	1.94459	0.427471	0.344442	0.611216	0.721324	0.713184	0.495037	0.983237	0.168786	1.18604	0.409888	1.26497	0.244708
0.25442	0.266371	0.0970185	2.0955	1.26893	2.17287	0.366676	1.57343	0.571685	0.427456	0.837988	0.0652255	0.907318	0.776735	1.12389	0.193314	0.209994	1.95712	0.427995	0.359468	0.612458	0.732947	0.714044	0.511214	0.983529	0.174143	1.18675	0.419389	1.2654	0.252581
0.254924	0.324171	0.100604	2.10364	1.26522	2.17197	0.36756	1.57566	0.572427	0.441598	0.838106	0.0728454	0.908656	0.790497	1.12422	0.199075	0.213347	1.96834	0.428459	0.372602	0.61372	0.74406	0.714931	0.527535	0.983831	0.179532	1.18747	0.428733	1.26583	0.260529
0.255528	0.384121	0.104204	2.11118	1.26151	2.17103	0.368521	1.57807	0.573194	0.455956	0.838237	0.0805951	0.910018	0.803971	1.12457	0.204839	0.216717	1.97828	0.428856	0.383724	0.615	0.75465	0.715845	0.544021	0.984143	0.184988	1.18821	0.437889	1.26629	0.268562
0.256236	0.446392	0.10735	2.11731	1.2578	2.17009	0.369832	1.58111	0.573985	0.470556	0.838382	0.0884809	0.911402	0.817177	1.12492	0.21061	0.220104	1.98703	0.429178	0.392539	0.616297	0.764749	0.716789	0.560651	0.984463	0.190513	1.18897	0.446915	1.26675	0.276642
0.257052	0.511137	0.11004	2.12223	1.2541	2.16918	0.371492	1.58489	0.574801	0.485273	0.838539	0.0965147	0.912809	0.830218	1.12528	0.216458	0.223504	1.99472	0.429419	0.39914	0.617612	0.774362	0.71776	0.577446	0.984793	0.196054	1.18974	0.455745	1.26723	0.28488
0.257982	0.578602	0.112268	2.12604	1.2504	2.16824	0.373506	1.58925	0.575642	0.500221	0.838711	0.104659	0.914238	0.842991	1.12566	0.222334	0.226917	2.00138	0.429576	0.403452	0.618942	0.783498	0.718761	0.594384	0.985133	0.201627	1.19053	0.46443	1.26772	0.293186
0.259029	0.648785	0.114033	2.12889	1.24669	2.16722	0.375875	1.59403	0.576509	0.515385	0.838897	0.112901	0.915688	0.855537	1.12604	0.228207	0.23034	2.00706	0.429804	0.409668	0.620288	0.792175	0.719791	0.611422	0.985482	0.207263	1.19133	0.472946	1.26823	0.301564
0.260041	0.712263	0.115332	2.13099	1.24299	2.16624	0.378602	1.59917	0.577403	0.530672	0.839097	0.121275	0.91716	0.867879	1.12644	0.234134	0.233772	2.01185	0.430056	0.41642	0.621648	0.800367	0.720849	0.628601	0.985841	0.212966	1.19214	0.481252	1.26875	0.310087
0.260979	0.768146	0.116164	2.13224	1.23929	2.16527	0.381337	1.60396	0.578322	0.546202	0.839311	0.129728	0.918653	0.879997	1.12684	0.240106	0.237212	2.01579	0.430405	0.425632	0.623022	0.808086	0.721938	0.645935	0.986209	0.218737	1.19297	0.489382	1.26929	0.318715
0.26181	0.815675	0.117361	2.13402	1.2356	2.16425	0.38408	1.60831	0.579268	0.561975	0.83954	0.138278	0.920166	0.891914	1.12726	0.246109	0.240658	2.01891	0.430858	0.437589	0.624408	0.815416	0.723056	0.663396	0.986588	0.224524	1.19381	0.497349	1.26984	0.327429
0.262502	0.853958	0.118663	2.13603	1.2319	2.1632	0.386831	1.61231	0.580242	0.57792	0.839783	0.146898	0.921699	0.903615	1.12768	0.252171	0.244108	2.02127	0.431422	0.452286	0.625807	0.822336	0.724204	0.680922	0.986976	0.23034	1.19467	0.50511	1.27041	0.336251
0.263031	0.882669	0.120436	2.1385	1.22821	2.16216	0.389587	1.61592	0.581242	0.594026	0.840042	0.155595	0.923252	0.915132	1.12812	0.25823	0.247562	2.02289	0.432108	0.469802	0.627217	0.828812	0.725382	0.698581	0.987375	0.236278	1.19554	0.51271	1.27099	0.345169
0.26338	0.90119	0.122681	2.14147	1.22452	2.16112	0.39235	1.61915	0.582271	0.610329	0.840315	0.164384	0.924825	0.926467	1.12857	0.264343	0.251017	2.02382	0.432928	0.49037	0.628638	0.834892	0.72659	0.716318	0.987783	0.242212	1.19642	0.52011	1.27159	0.354214
0.263893	0.928066	0.125401	2.14501	1.22083	2.16005	0.395118	1.62207	0.58319	0.624751	0.840603	0.173236	0.926417	0.937624	1.12902	0.270503	0.254474	2.0241	0.433783	0.511393	0.630069	0.840613	0.727828	0.73415	0.988202	0.248198	1.19731	0.527296	1.2722	0.36339
0.264468	0.957791	0.128596	2.14882	1.21714	2.15894	0.39789	1.62458	0.58399	0.637134	0.840907	0.182148	0.928028	0.948548	1.12949	0.276695	0.257931	2.02368	0.434675	0.532861	0.631509	0.845991	0.729097	0.752112	0.988631	0.25429	1.19822	0.534303	1.27283	0.372643
0.265279	0.99861	0.132269	2.15282	1.21345	2.15785	0.400667	1.62676	0.584664	0.647423	0.841225	0.191122	0.929657	0.959315	1.12997	0.282951	0.261386	2.0227	0.435603	0.554768	0.632958	0.850989	0.730397	0.770083	0.989071	0.260407	1.19914	0.541073	1.27347	0.38205
0.266354	1.05107	0.135949	2.15656	1.20977	2.15672	0.403447	1.62859	0.585204	0.655605	0.841559	0.200155	0.931304	0.969894	1.13046	0.289273	0.26484	2.02112	0.436569	0.577112	0.634416	0.855662	0.731728	0.788075	0.989521	0.266574	1.20007	0.547681	1.27413	0.391579
0.267728	1.11567	0.139635	2.15997	1.20609	2.15558	0.40623	1.6301	0.585606	0.661711	0.841909	0.209246	0.932969	0.98028	1.13096	0.295603	0.26829	2.01897	0.437574	0.599921	0.635692	0.859519	0.733089	0.80617	0.989981	0.272782	1.20101	0.554087	1.27481	0.401228
0.269446	1.19274	0.143327	2.16307	1.20241	2.15441	0.409015	1.63129	0.585865	0.665612	0.842274	0.218391	0.934652	0.990528	1.13147	0.301948	0.271736	2.01629	0.438619	0.623179	0.636785	0.862626	0.734481	0.824284	0.990452	0.279069	1.20196	0.560276	1.27551	0.410993
0.271559	1.28226	0.147024	2.16592	1.19873	2.15323	0.411801	1.63213	0.58624	0.67126	0.842655	0.227581	0.936353	1.00056	1.13199	0.308388	0.275177	2.01303	0.439703	0.646817	0.637691	0.865076	0.735904	0.842374	0.990934	0.28539	1.20292	0.566278	1.27622	0.420865
0.273825	1.37234	0.150725	2.16853	1.19505	2.15207	0.414589	1.63267	0.586651	0.67742	0.843051	0.236799	0.93807	1.01042	1.13252	0.31489	0.278612	2.00933	0.440828	0.670862	0.638409	0.866869	0.737359	0.860481	0.991427	0.291781	1.2039	0.572031	1.27694	0.430892
0.276246	1.46206	0.154431	2.17085	1.19138	2.15085	0.417378	1.63291	0.587217	0.685712	0.843464	0.246074	0.939804	1.02011	1.13306	0.321396	0.28204	2.00512	0.441994	0.695357	0.638938	0.868181	0.738844	0.878619	0.991931	0.298249	1.20488	0.577594	1.27769	0.441042
0.278819	1.55057	0.15814	2.17294	1.1877	2.14964	0.420167	1.63285	0.587942	0.696409	0.843892	0.255401	0.941554	1.02965	1.13362	0.327969	0.285461	2.00039	0.443203	0.720202	0.639277	0.869069	0.74036	0.896696	0.992446	0.304746	1.20587	0.582963	1.27845	0.451314
0.281542	1.63691	0.161853	2.17485	1.18403	2.14841	0.422955	1.63247	0.588833	0.709411	0.844336	0.26477	0.943321	1.03901	1.13418	0.334616	0.288873	1.99524	0.444454	0.745406	0.639766	0.87029	0.741906	0.914713	0.992972	0.311304	1.20687	0.588067	1.27923	0.461707
0.28441	1.7202	0.165568	2.17655	1.18037	2.14713	0.425743	1.63185	0.589901	0.724743	0.844796	0.27416	0.945103	1.0482	1.13476	0.341286	0.292276	1.98966	0.445749	0.771008	0.640297	0.871507	0.743484	0.932673	0.993509	0.31792	1.20788	0.593015	1.28003	0.472215
0.287418	1.79972	0.169287	2.17802	1.1767	2.14586	0.428529	1.63096	0.591153	0.74256	0.845273	0.283595	0.946901	1.05723	1.13535	0.348004	0.295669	1.98365	0.447088	0.796932	0.64102	0.873148	0.745092	0.950579	0.994058	0.324591	1.20889	0.597774	1.28084	0.482896
0.290558	1.87486	0.173008	2.17931	1.17304	2.14455	0.431314	1.62979	0.592437	0.760537	0.845765	0.293055	0.948714	1.06606	1.13595	0.354815	0.299051	1.97724	0.448471	0.823202	0.641937	0.875162	0.746518	0.966121	0.994618	0.33131	1.20992	0.602276	1.28168	0.493672
0.293822	1.94512	0.176731	2.18045	1.16938	2.14324	0.434096	1.62841	0.593751	0.778687	0.846274	0.302565	0.950543	1.07474	1.13656	0.361692	0.302422	1.97045	0.449899	0.84977	0.643049	0.877471	0.747752	0.979349	0.995189	0.338123	1.21095	0.606576	1.28253	0.504576
0.297201	2.01033	0.180455	2.18139	1.16572	2.14193	0.436876	1.62673	0.595097	0.796954	0.846798	0.312115	0.952385	1.08325	1.13718	0.368573	0.305781	1.96327	0.451374	0.87661	0.644357	0.880091	0.748786	0.990162	0.995773	0.345003	1.21199	0.610658	1.2834	0.515614
0.300688	2.07035	0.184181	2.18217	1.16206	2.14054	0.439652	1.62486	0.596473	0.815373	0.84734	0.321683	0.954243	1.09161	1.13782	0.375526	0.309128	1.95576	0.452894	0.903773	0.645863	0.882876	0.74961	0.998695	0.996368	0.351891	1.21304	0.614551	1.28429	0.526734
0.304273	2.12522	0.187909	2.18281	1.1584	2.13917	0.442426	1.62279	0.597882	0.833991	0.847897	0.331286	0.956114	1.0998	1.13847	0.382562	0.312462	1.94791	0.45446	0.931158	0.647373	0.885537	0.750221	1.0051	0.996975	0.358858	1.21409	0.61825	1.2852	0.538017
0.307947	2.17513	0.191637	2.18328	1.15475	2.13781	0.445195	1.62045	0.599322	0.85274	0.848471	0.340897	0.957999	1.1078	1.13913	0.389639	0.315781	1.93978	0.456074	0.958747	0.648887	0.888074	0.750615	1.00909	0.997594	0.365922	1.21515	0.62175	1.28613	0.549441
0.311702	2.22029	0.195366	2.18364	1.1511	2.13638	0.447961	1.61798	0.600794	0.871554	0.849062	0.350586	0.959898	1.11565	1.1398	0.396797	0.319087	1.93138	0.457735	0.986531	0.650406	0.890457	0.751182	1.01472	0.998225	0.372993	1.21621	0.625035	1.28707	0.560961
0.315531	2.26097	0.199096	2.18385	1.14746	2.13495	0.450722	1.61535	0.602299	0.890525	0.849669	0.360308	0.96181	1.12334	1.14048	0.403996	0.322378	1.9227	0.459444	1.01451	0.651929	0.892794	0.751803	1.02097	0.998868	0.380139	1.21728	0.628139	1.28804	0.572549
0.319425	2.29754	0.202825	2.1839	1.14381	2.1335	0.453478	1.61252	0.603836	0.909636	0.850211	0.368782	0.963735	1.13088	1.14118	0.411274	0.325654	1.91377	0.4612	1.04264	0.653456	0.895046	0.752654	1.02941	0.999523	0.387376	1.21836	0.631065	1.28903	0.584274
0.323379	2.33036	0.206555	2.18386	1.14017	2.13204	0.456229	1.60953	0.605406	0.928818	0.850684	0.37598	0.965672	1.13822	1.14189	0.41865	0.328915	1.90467	0.463005	1.07085	0.654986	0.897224	0.753739	1.04002	1.00019	0.394668	1.21944	0.633762	1.29004	0.596149
0.327385	2.35975	0.210285	2.18368	1.13653	2.13054	0.458976	1.60645	0.607009	0.948096	0.851081	0.381992	0.967623	1.1454	1.14261	0.426035	0.33216	1.89535	0.464858	1.09916	0.65652	0.899365	0.755067	1.05278	1.00087	0.402011	1.22052	0.636308	1.29107	0.608076
0.331439	2.38598	0.214014	2.18338	1.13289	2.12902	0.461717	1.60328	0.608644	0.967422	0.8514	0.386829	0.969585	1.1524	1.14334	0.433502	0.335389	1.88589	0.466759	1.12755	0.658058	0.901488	0.756645	1.06762	1.00156	0.409391	1.22161	0.638675	1.29212	0.620105
0.335535	2.40938	0.217742	2.18301	1.12926	2.12746	0.464452	1.59998	0.610313	0.986804	0.851637	0.39034	0.971559	1.15929	1.14409	0.44107	0.338602	1.87633	0.468709	1.15592	0.659599	0.903602	0.758483	1.08449	1.00227	0.416847	1.22271	0.640872	1.29318	0.632218
0.339668	2.43023	0.22147	2.18248	1.12562	2.12591	0.467181	1.5966	0.612015	1.00624	0.85179	0.392499	0.973544	1.166	1.14485	0.448716	0.341798	1.86667	0.470708	1.18425	0.661144	0.905742	0.760349	1.10116	1.00299	0.424394	1.2238	0.642914	1.29427	0.644435
0.343835	2.4488	0.225197	2.18185	1.122	2.12434	0.469905	1.59318	0.61375	1.02571	0.852011	0.395702	0.975541	1.17249	1.14562	0.456393	0.344978	1.85694	0.472754	1.21253	0.662693	0.907926	0.762244	1.11767	1.00372	0.431998	1.2249	0.64477	1.29539	0.656736
0.348032	2.46536	0.228923	2.18113	1.11837	2.12274	0.472623	1.58974	0.615518	1.04523	0.852253	0.399298	0.977549	1.17884	1.14641	0.464133	0.348141	1.84719	0.474849	1.24075	0.664245	0.910164	0.764166	1.1339	1.00446	0.439654	1.226	0.646501	1.29652	0.669081
0.352256	2.48005	0.232647	2.18031	1.11474	2.12111	0.475335	1.58625	0.61732	1.0647	0.852587	0.404044	0.979568	1.18505	1.14721	0.472	0.351287	1.83745	0.476992	1.26885	0.665802	0.912459	0.766117	1.14991	1.00522	0.447351	1.22711	0.648106	1.29767	0.681514
0.356503	2.49302	0.23637	2.1794	1.11112	2.11945	0.478041	1.58281	0.619155	1.08416	0.853014	0.410092	0.981335	1.19031	1.14802	0.479935	0.354417	1.82776	0.479183	1.29674	0.667362	0.914782	0.768094	1.16572	1.00599	0.455132	1.22822	0.64952	1.29885	0.694002
0.360771	2.50449	0.240091	2.17839	1.10751	2.11779	0.480742	1.57941	0.621023	1.10361	0.853539	0.417462	0.982848	1.19467	1.14885	0.487944	0.35753	1.81811	0.481422	1.32442	0.668926	0.917244	0.770098	1.1813	1.00678	0.463018	1.22933	0.650801	1.30004	0.706535
0.365058	2.51465	0.24381	2.1773	1.10389	2.1161	0.483436	1.57601	0.622924	1.12299	0.854166	0.426085	0.984104	1.19825	1.14969	0.496038	0.360627	1.80859	0.483707	1.35188	0.670495	0.919805	0.772129	1.19658	1.00747	0.469905	1.23044	0.652	1.30126	0.719096
0.369361	2.52354	0.247528	2.1761	1.10028	2.11437	0.486125	1.5727	0.624859	1.1423	0.854902	0.436053	0.985099	1.20103	1.15054	0.504178	0.363707	1.79921	0.486039	1.37908	0.672068	0.922479	0.774186	1.21158	1.00807	0.475821	1.23155	0.653099	1.3025	0.731715
0.373677	2.53127	0.251243	2.17479	1.09667	2.1126	0.488808	1.56953	0.626826	1.16156	0.855656	0.446021	0.985832	1.20293	1.15141	0.512411	0.366772	1.78997	0.488417	1.40595	0.673646	0.925301	0.776267	1.22636	1.00857	0.480813	1.23267	0.65406	1.30376	0.744387
0.378007	2.53804	0.254956	2.17342	1.09306	2.11084	0.491486	1.56646	0.628826	1.18071	0.856426	0.456018	0.986302	1.20426	1.15229	0.520768	0.369821	1.78093	0.490841	1.43245	0.675229	0.928229	0.778374	1.24084	1.00897	0.484664	1.23379	0.654928	1.30504	0.757042
0.382346	2.54381	0.258667	2.172	1.08946	2.10906	0.494158	1.56353	0.630859	1.19973	0.857213	0.466093	0.986978	1.20613	1.15319	0.529187	0.372855	1.77217	0.49331	1.45854	0.676816	0.931334	0.780506	1.25501	1.00927	0.487568	1.23491	0.655736	1.30634	0.769724
0.386695	2.54867	0.262375	2.17048	1.08586	2.10724	0.496826	1.5608	0.632924	1.21859	0.858018	0.476175	0.987714	1.20798	1.1541	0.537669	0.375874	1.76364	0.495823	1.48422	0.67841	0.934588	0.782661	1.26893	1.00946	0.489461	1.23603	0.656424	1.30767	0.782397
0.391052	2.55274	0.26608	2.16888	1.08226	2.10538	0.499489	1.55829	0.635021	1.23734	0.85884	0.486292	0.988717	1.21068	1.15502	0.546277	0.378879	1.75538	0.49838	1.50947	0.680009	0.937979	0.78484	1.28255	1.00973	0.49203	1.23715	0.657057	1.30902	0.795054
0.395415	2.55605	0.269783	2.16716	1.07867	2.10354	0.502149	1.55601	0.637151	1.25593	0.859679	0.496457	0.989989	1.21394	1.15596	0.55495	0.38187	1.74751	0.500979	1.53422	0.681614	0.941594	0.787042	1.29583	1.01004	0.49492	1.23827	0.657641	1.31039	0.80774
0.399782	2.55866	0.273483	2.1654	1.07508	2.10163	0.504804	1.55397	0.639311	1.2743	0.860535	0.506616	0.991532	1.21773	1.15692	0.563692	0.384848	1.73992	0.50362	1.55846	0.683225	0.945382	0.789266	1.30884	1.01045	0.498949	1.2394	0.65813	1.31178	0.82036
0.404154	2.56056	0.277179	2.16359	1.07149	2.09968	0.507457	1.55218	0.641503	1.29249	0.861409	0.516864	0.993347	1.22213	1.15789	0.572572	0.387813	1.73269	0.506302	1.58215	0.684843	0.94935	0.791512	1.32154	1.01097	0.503998	1.24052	0.658612	1.31319	0.832974
0.408528	2.56178	0.280873	2.16166	1.0679	2.09777	0.510106	1.55076	0.643726	1.31046	0.862301	0.527157	0.995439	1.22703	1.15888	0.581542	0.390766	1.72588	0.509024	1.60529	0.686467	0.9535	0.79378	1.33392	1.01162	0.510152	1.24165	0.65908	1.31462	0.845573
0.412904	2.56243	0.284563	2.15971	1.06432	2.09579	0.512753	1.54971	0.645979	1.32818	0.86321	0.537441	0.997538	1.23173	1.15975	0.589429	0.393708	1.71948	0.511785	1.62785	0.688099	0.957835	0.796068	1.34602	1.01238	0.517369	1.24277	0.65946	1.31608	0.858081
0.417281	2.56244	0.28825	2.15765	1.06075	2.09376	0.515399	1.54903	0.648262	1.34567	0.864137	0.547814	0.999646	1.23628	1.1605	0.596184	0.396639	1.71346	0.514584	1.64975	0.689739	0.962416	0.798377	1.3578	1.01327	0.525763	1.2439	0.659848	1.31755	0.870532
0.421657	2.56183	0.291933	2.15554	1.05717	2.09173	0.518044	1.54872	0.650576	1.3629	0.865081	0.5582	1.00176	1.24063	1.16113	0.601828	0.399561	1.70788	0.51742	1.67103	0.691387	0.967214	0.800706	1.36926	1.01418	0.534231	1.24503	0.660252	1.31905	0.882929
0.426031	2.56068	0.295612	2.15337	1.0536	2.08967	0.520689	1.54884	0.652918	1.37984	0.866043	0.568623	1.00388	1.24482	1.16163	0.606292	0.402473	1.70281	0.520292	1.69173	0.693043	0.972213	0.803054	1.38041	1.0151	0.542737	1.24615	0.660627	1.32057	0.895281
0.430403	2.55894	0.299288	2.1511	1.05003	2.08758	0.523335	1.54949	0.655289	1.39651	0.867023	0.579128	1.00601	1.24883	1.162	0.609537	0.405377	1.69816	0.523199	1.71174	0.694707	0.977436	0.805421	1.39124	1.01603	0.551322	1.24728	0.661006	1.32211	0.907544
0.434771	2.55658	0.30296	2.1488	1.04647	2.0855	0.525982	1.55062	0.657688	1.41286	0.868021	0.589672	1.00815	1.25266	1.16224	0.611706	0.408273	1.69398	0.526139	1.73103	0.696381	0.982864	0.807806	1.40177	1.01698	0.56001	1.24827	0.661332	1.32367	0.919688
0.439135	2.5537	0.306627	2.14644	1.04291	2.08333	0.528631	1.5523	0.660114	1.4289	0.869037	0.600237	1.01029	1.25634	1.16258	0.614843	0.411163	1.69025	0.529111	1.74971	0.698065	0.988518	0.810209	1.41198	1.01794	0.568718	1.24911	0.661609	1.32525	0.931784
0.443494	2.55021	0.310291	2.14399	1.03935	2.08115	0.531284	1.55453	0.662568	1.44463	0.870072	0.610843	1.01244	1.25985	1.16296	0.618162	0.414047	1.68699	0.532115	1.76769	0.699758	0.994409	0.812629	1.42189	1.01892	0.577529	1.2498	0.661884	1.32685	0.94378
0.447846	2.54612	0.31395	2.14149	1.0358	2.07895	0.533941	1.55735	0.665049	1.46001	0.871124	0.621531	1.01459	1.26319	1.16347	0.622737	0.416925	1.68425	0.535149	1.78497	0.701461	1.00054	0.815066	1.43148	1.01992	0.586453	1.25035	0.662171	1.32847	0.955639
0.452191	2.54141	0.317606	2.13898	1.03225	2.07673	0.536603	1.56087	0.667555	1.47504	0.872194	0.632261	1.01675	1.26631	1.16413	0.628526	0.419799	1.68195	0.538212	1.80157	0.703175	1.00689	0.817519	1.4408	1.02093	0.595403	1.25075	0.662202	1.33011	0.96741
0.456527	2.53608	0.321256	2.13636	1.02871	2.07446	0.539272	1.56507	0.670087	1.48973	0.873283	0.643042	1.01892	1.26926	1.16493	0.635623	0.42267	1.68012	0.541303	1.81745	0.7049	1.01347	0.819987	1.44979	1.02195	0.604428	1.25101	0.662325	1.33178	0.979068
0.460853	2.53014	0.324903	2.13372	1.02517	2.07214	0.541949	1.56995	0.672644	1.50407	0.874391	0.65388	1.02109	1.27204	1.16588	0.644018	0.425538	1.67877	0.54442	1.83266	0.706637	1.02029	0.822471	1.45843	1.02299	0.613552	1.25138	0.662604	1.33324	0.989135
0.465169	2.52352	0.328545	2.131	1.02163	2.06985	0.544635	1.57559	0.675224	1.51805	0.875517	0.664746	1.02327	1.27467	1.16699	0.65369	0.428404	1.67785	0.547562	1.84717	0.708385	1.02735	0.824969	1.46681	1.02405	0.622725	1.25179	0.662692	1.3345	0.997593
0.469472	2.51618	0.332181	2.12822	1.0181	2.0675	0.547331	1.58205	0.677829	1.53164	0.876661	0.675688	1.02544	1.27713	1.16812	0.663509	0.431269	1.67742	0.550729	1.86102	0.710146	1.03468	0.827481	1.47493	1.02512	0.631985	1.25234	0.662912	1.33555	1.00456
0.473763	2.50812	0.335814	2.12541	1.01457	2.06509	0.550038	1.58934	0.680456	1.54483	0.877825	0.6867	1.02763	1.27941	1.16926	0.673433	0.434134	1.67745	0.553919	1.87413	0.711919	1.04222	0.830006	1.4827	1.0262	0.641351	1.25303	0.663239	1.33639	1.01006
0.478039	2.49935	0.339441	2.12258	1.01104	2.06269	0.552759	1.59751	0.683105	1.55769	0.879007	0.697776	1.02981	1.28151	1.17042	0.68344	0.436999	1.67787	0.55713	1.88657	0.713706	1.04998	0.832545	1.49018	1.02731	0.650769	1.25387	0.663659	1.337	1.0141
0.4823	2.4898	0.343064	2.11968	1.00752	2.06024	0.555495	1.6066	0.685776	1.57012	0.880208	0.708886	1.032	1.28339	1.17159	0.693519	0.439865	1.67873	0.560363	1.89839	0.715506	1.05801	0.835096	1.49741	1.02843	0.660276	1.25486	0.664174	1.3374	1.01669
0.486544	2.47942	0.346681	2.11671	1.00401	2.05775	0.558247	1.61666	0.688468	1.58218	0.881428	0.720043	1.0342	1.28514	1.17278	0.703727	0.442733	1.68003	0.563615	1.9095	0.71732	1.0663	0.83766	1.50431	1.02956	0.669857	1.256	0.664818	1.33797	1.02036
0.490769	2.4682	0.350294	2.11374	1.00049	2.05525	0.561017	1.62772	0.691181	1.59388	0.882668	0.731285	1.03639	1.28673	1.17399	0.714062	0.445603	1.6817	0.566885	1.91991	0.719148	1.0748	0.840235	1.51095	1.03072	0.679538	1.25713	0.665512	1.3386	1.02427
0.494974	2.45608	0.353901	2.11071	0.996987	2.05267	0.563806	1.63981	0.693912	1.60511	0.883926	0.742601	1.03859	1.28814	1.17522	0.72446	0.448477	1.68374	0.570172	1.9297	0.720991	1.08358	0.842821	1.51733	1.03188	0.689269	1.25827	0.66623	1.33945	1.02959
0.499158	2.4431	0.357503	2.10765	0.993484	2.0501	0.566618	1.65298	0.696663	1.61599	0.885204	0.753985	1.04079	1.28937	1.17647	0.734983	0.451354	1.68615	0.573476	1.93886	0.722849	1.0926	0.845417	1.52337	1.03307	0.699055	1.25941	0.667053	1.34053	1.03636
0.503319	2.42914	0.3611	2.10454	0.989985	2.0475	0.569452	1.66724	0.699432	1.6265	0.886501	0.765403	1.043	1.29042	1.17773	0.745598	0.454236	1.68894	0.576795	1.94738	0.724723	1.10185	0.848024	1.52917	1.03427	0.708993	1.26055	0.66796	1.34185	1.04442
0.507455	2.41424	0.364692	2.1014	0.98649	2.04485	0.572312	1.68263	0.702219	1.63659	0.887818	0.776899	1.0452	1.29132	1.17902	0.756291	0.457123	1.69209	0.580128	1.95526	0.726613	1.11137	0.85064	1.53474	1.03549	0.718976	1.26169	0.668909	1.34341	1.05375
0.511565	2.39834	0.368278	2.09826	0.983	2.04219	0.5752	1.69921	0.705022	1.64631	0.889155	0.788497	1.04741	1.29204	1.18032	0.767116	0.460016	1.69556	0.583473	1.96254	0.728519	1.12111	0.853266	1.54	1.03673	0.729044	1.26283	0.66994	1.34522	1.06435
0.515647	2.38145	0.371858	2.09508	0.979515	2.03948	0.578116	1.71694	0.707842	1.65562	0.890512	0.800146	1.04961	1.29262	1.18164	0.778038	0.462914	1.6993	0.586831	1.96921	0.730442	1.13112	0.8559	1.54498	1.03798	0.739184	1.26398	0.671075	1.34705	1.07482
0.519699	2.36353	0.375434	2.09184	0.976034	2.03673	0.581064	1.73586	0.710677	1.66455	0.891888	0.81182	1.05182	1.29304	1.18297	0.789039	0.46582	1.70337	0.590199	1.97527	0.732382	1.14141	0.858543	1.54973	1.03925	0.749392	1.26513	0.672261	1.34889	1.08513
0.52372	2.3446	0.379003	2.08862	0.972558	2.03395	0.584045	1.75597	0.713527	1.6731	0.893284	0.823599	1.05403	1.29327	1.18433	0.800141	0.468732	1.70773	0.593578	1.98072	0.73434	1.15192	0.861194	1.55424	1.04054	0.759758	1.26627	0.673535	1.35075	1.0953
0.527708	2.32471	0.382568	2.08537	0.969087	2.03111	0.587062	1.7772	0.716392	1.68124	0.894701	0.835493	1.05624	1.29333	1.18571	0.811357	0.471653	1.71235	0.596965	1.9856	0.736317	1.16268	0.863852	1.55844	1.04185	0.77014	1.26743	0.674915	1.35263	1.10528
0.53166	2.30381	0.386126	2.08207	0.96562	2.02827	0.590116	1.79958	0.71927	1.68903	0.896138	0.847414	1.05845	1.29327	1.1871	0.822628	0.474581	1.71723	0.60036	1.98994	0.738312	1.17369	0.866517	1.56243	1.04317	0.780593	1.26858	0.676348	1.35453	1.11509
0.535577	2.28197	0.389679	2.07878	0.962159	2.02539	0.593209	1.82302	0.722161	1.69645	0.897596	0.859409	1.06066	1.29305	1.18852	0.83399	0.477518	1.72231	0.603762	1.99371	0.740326	1.18495	0.869189	1.56619	1.04451	0.791174	1.26974	0.677869	1.35644	1.1248
0.539455	2.25926	0.393227	2.07546	0.958702	2.02247	0.596343	1.84746	0.725064	1.70347	0.899074	0.871504	1.06287	1.29269	1.18995	0.845458	0.480464	1.72763	0.60717	1.99693	0.742359	1.1965	0.871866	1.56968	1.04587	0.801819	1.2709	0.679496	1.35837	1.13429
0.543293	2.23577	0.396768	2.07213	0.955251	2.01953	0.599519	1.8729	0.727979	1.71011	0.900572	0.883649	1.06507	1.2922	1.1914	0.857011	0.483419	1.7332	0.610583	1.99956	0.744413	1.20824	0.87455	1.57294	1.04725	0.812558	1.27206	0.681238	1.36032	1.14365
0.547091	2.21155	0.400304	2.06883	0.951804	2.01651	0.60274	1.89914	0.730906	1.71643	0.902092	0.895881	1.06728	1.29153	1.19288	0.868606	0.486384	1.73892	0.614	2.00171	0.746486	1.22027	0.877239	1.57597	1.04865	0.823343	1.27322	0.683038	1.36228	1.15285
0.550847	2.18669	0.403835	2.06551	0.948363	2.01351	0.606006	1.9261	0.733842	1.72241	0.903632	0.908187	1.06948	1.29072	1.19437	0.880315	0.489359	1.74479	0.61742	2.00335	0.748581	1.23254	0.879933	1.57875	1.05006	0.834215	1.27439	0.684928	1.36425	1.16188
0.55456	2.16135	0.407359	2.06217	0.944927	2.01046	0.609319	1.95366	0.736789	1.728	0.905194	0.920561	1.07169	1.2898	1.19589	0.892112	0.492344	1.75088	0.620842	2.00444	0.750696	1.24505	0.882632	1.58131	1.0515	0.845221	1.27556	0.686957	1.36625	1.17075
0.55823	2.13568	0.410878	2.05886	0.941496	2.00735	0.612679	1.98165	0.739744	1.73323	0.906777	0.933031	1.07389	1.28878	1.19742	0.903954	0.495339	1.75711	0.624266	2.00502	0.752833	1.25784	0.885334	1.58368	1.05295	0.856265	1.27674	0.689023	1.36825	1.17946
0.561855	2.10982	0.414392	2.05554	0.938071	2.00421	0.616087	2.00997	0.742709	1.73818	0.908381	0.94561	1.07609	1.28758	1.19897	0.915878	0.498345	1.76344	0.627691	2.00512	0.754992	1.27082	0.888041	1.58582	1.05442	0.867388	1.27792	0.691171	1.37028	1.188
0.565436	2.08389	0.417899	2.05224	0.93465	2.00103	0.619544	2.0384	0.745681	1.74275	0.910007	0.958214	1.07829	1.28628	1.20055	0.927845	0.501362	1.76995	0.631115	2.00474	0.757174	1.28409	0.890751	1.58773	1.05591	0.878614	1.2791	0.693451	1.37231	1.19635
0.568973	2.05805	0.421402	2.04891	0.931236	1.99783	0.62305	2.06679	0.748661	1.74699	0.911654	0.970892	1.08048	1.28491	1.20214	0.939864	0.504391	1.77655	0.634538	2.0039	0.759378	1.29757	0.893464	1.58943	1.05742	0.889891	1.28028	0.69583	1.37436	1.20458
0.572466	2.0325	0.424898	2.04561	0.927826	1.99459	0.626604	2.09501	0.751648	1.75096	0.913323	0.983668	1.08268	1.28339	1.20376	0.951971	0.507431	1.78322	0.63796	2.00258	0.761606	1.3113	0.89618	1.59093	1.05895	0.901224	1.28147	0.698288	1.37643	1.21266
0.575915	2.00735	0.428389	2.04238	0.924423	1.99132	0.630206	2.12289	0.754642	1.75459	0.915014	0.996525	1.08487	1.2818	1.20539	0.96409	0.510482	1.79	0.641378	2.00078	0.763857	1.32529	0.898898	1.59223	1.0605	0.912679	1.28267	0.700817	1.3785	1.22053
0.579322	1.98276	0.431874	2.03913	0.921025	1.988	0.633855	2.15026	0.757642	1.75789	0.916727	1.00945	1.08705	1.2801	1.20705	0.976247	0.513545	1.79688	0.644794	1.99858	0.766133	1.33946	0.901618	1.59335	1.06207	0.924194	1.28387	0.703474	1.38059	1.22825
0.582688	1.95889	0.435354	2.03586	0.917633	1.98465	0.63755	2.17695	0.760646	1.76093	0.918462	1.02245	1.08924	1.2783	1.20873	0.988454	0.516619	1.80382	0.648205	1.99596	0.768432	1.35385	0.90434	1.59425	1.06366	0.93577	1.28507	0.706196	1.3827	1.23585
0.586013	1.93581	0.438828	2.03268	0.914246	1.98129	0.64129	2.20292	0.763656	1.76369	0.920219	1.03551	1.09142	1.2764	1.21043	1.00069	0.519706	1.81079	0.651611	1.99289	0.770757	1.36847	0.907064	1.59498	1.06527	0.947408	1.28628	0.70898	1.38482	1.24324
0.5893	1.91363	0.442296	2.02951	0.910865	1.97785	0.645074	2.22803	0.766671	1.76616	0.921999	1.04866	1.0936	1.27446	1.21215	1.01296	0.522804	1.81783	0.655012	1.98937	0.773107	1.38334	0.909788	1.59553	1.0669	0.959107	1.28749	0.71192	1.38695	1.25046
0.592549	1.89248	0.44576	2.02638	0.90749	1.97438	0.648901	2.25217	0.769689	1.76835	0.923801	1.06189	1.09577	1.27247	1.21389	1.02523	0.525915	1.82488	0.658406	1.9855	0.775482	1.39835	0.912513	1.59589	1.06854	0.97093	1.28871	0.714937	1.38909	1.25757
0.595764	1.87243	0.449218	2.02326	0.904121	1.9709	0.652767	2.27532	0.772711	1.77025	0.925626	1.07516	1.09795	1.2704	1.21565	1.03749	0.529037	1.83196	0.661794	1.98128	0.777883	1.4136	0.915239	1.59611	1.07021	0.982753	1.28994	0.717993	1.39124	1.26453
0.598945	1.85346	0.452671	2.02019	0.900758	1.96735	0.656672	2.29741	0.775735	1.77194	0.927473	1.08851	1.10011	1.26827	1.21743	1.04978	0.532172	1.83909	0.665173	1.97666	0.78031	1.42902	0.917965	1.59615	1.0719	0.994638	1.29116	0.721162	1.39341	1.27129
0.602094	1.83562	0.456118	2.01717	0.897402	1.96377	0.660614	2.31837	0.778763	1.77338	0.929344	1.10193	1.10228	1.2661	1.21923	1.06208	0.535319	1.84622	0.668545	1.97166	0.782764	1.44459	0.920691	1.59602	1.07361	1.00662	1.2924	0.724417	1.39558	1.27789
0.605215	1.81893	0.45956	2.01417	0.894051	1.96021	0.664591	2.33819	0.781793	1.77456	0.931237	1.11539	1.10444	1.26393	1.22106	1.07433	0.538478	1.85331	0.671908	1.96635	0.785244	1.46033	0.923417	1.59574	1.07534	1.01864	1.29364	0.727747	1.39777	1.28438
0.608307	1.80344	0.462998	2.01122	0.890706	1.95655	0.668601	2.35692	0.784824	1.77555	0.933153	1.12893	1.10659	1.2617	1.2229	1.08655	0.541649	1.86042	0.675262	1.96072	0.787752	1.47622	0.926142	1.59532	1.07709	1.03069	1.29488	0.731208	1.39997	1.29069
0.611375	1.7891	0.46643	2.00832	0.887368	1.95288	0.672641	2.37449	0.787857	1.77632	0.935093	1.14254	1.10875	1.25944	1.22477	1.09879	0.544833	1.8675	0.678605	1.95474	0.790287	1.49227	0.928866	1.59474	1.07886	1.04278	1.29614	0.734733	1.40218	1.2938
0.614418	1.7759	0.469858	2.00551	0.884036	1.9492	0.676711	2.39098	0.790892	1.7769	0.937056	1.15615	1.1109	1.25716	1.22666	1.11101	0.548028	1.87457	0.681938	1.94851	0.792849	1.50844	0.931589	1.59401	1.08065	1.05495	1.29739	0.738322		
0.61744	1.76378	0.47328	2.00268	0.88071	1.94542	0.680808	2.40641	0.793927	1.77728	0.939042	1.16983	1.11304	1.25488	1.22856	1.12312	0.551236	1.88163	0.685261	1.94199	0.795439	1.52472	0.93431	1.59322	1.08246	1.06713	1.29866	0.742004		
0.620443	1.75275	0.476698	1.99993	0.877391	1.94163	0.684931	2.42074	0.796962	1.77747	0.941052	1.18357	1.11518	1.25265	1.23049	1.13521	0.554455	1.88859	0.688571	1.93523	0.798057	1.54106	0.937031	1.59226	1.0843	1.07936	1.29993	0.745764		
0.623427	1.74271	0.480111	1.99726	0.874078	1.93784	0.689077	2.43404	0.799998	1.77747	0.943085	1.19735	1.11732	1.2504	1.23244	1.14729	0.557686	1.89554	0.691871	1.92823	0.800703	1.5575	0.939749	1.59117	1.08615	1.09159	1.30121	0.749594		
0.626395	1.73366	0.48352	1.99462	0.870772	1.93398	0.693244	2.44638	0.803033	1.77735	0.945141	1.21113	1.11945	1.24818	1.23441	1.15925	0.56093	1.90246	0.695158	1.92098	0.803377	1.57401	0.942465	1.59	1.08802	1.10387	1.30249	0.753521		
0.629349	1.72558	0.486924	1.99203	0.867472	1.93008	0.697432	2.45782	0.806069	1.7771	0.947222	1.22496	1.12158	1.24599	1.2364	1.17113	0.564185	1.90931	0.698432	1.91358	0.806079	1.5905	0.94518	1.58874	1.08992	1.1162	1.30378	0.757527		
0.632289	1.71832	0.490324	1.9895	0.864179	1.92619	0.701639	2.4683	0.809103	1.7767	0.949325	1.23881	1.12371	1.24379	1.23841	1.18296	0.567451	1.91612	0.701694	1.90598	0.808809	1.60707	0.947892	1.58736	1.09184	1.12849	1.30508	0.761603		
0.635218	1.71194	0.49372	1.98706	0.860893	1.92225	0.705863	2.4779	0.812137	1.77622	0.951453	1.25269	1.12583	1.24169	1.24044	1.19472	0.570729	1.92286	0.704942	1.89825	0.811568	1.62365	0.950602	1.5859	1.09377	1.14083	1.30638	0.765777		
0.638137	1.70636	0.497111	1.98466	0.857614	1.91826	0.710103	2.48673	0.81517	1.77561	0.953604	1.26657	1.12795	1.23965	1.24249	1.20636	0.574019	1.92952	0.708177	1.89036	0.814355	1.64014	0.953309	1.5844	1.09573	1.15316	1.30769	0.770031		
0.641046	1.7015	0.500499	1.98232	0.854341	1.91425	0.714357	2.49476	0.818202	1.77493	0.955779	1.28044	1.13007	1.23764	1.24456	1.21787	0.57732	1.93609	0.711399	1.88237	0.81717	1.65665	0.956013	1.58278	1.09771	1.16548	1.30901	0.774324		
0.643948	1.69734	0.503882	1.98007	0.851075	1.91019	0.718624	2.502	0.821233	1.77419	0.957978	1.29434	1.13218	1.23571	1.24665	1.22932	0.580632	1.9426	0.714607	1.87431	0.820014	1.67308	0.958715	1.5811	1.09971	1.1778	1.31034	0.778699		
0.646844	1.69387	0.507262	1.97785	0.847817	1.9061	0.722903	2.50856	0.824262	1.77338	0.9602	1.30822	1.13429	1.23385	1.24876	1.24062	0.583955	1.94904	0.717801	1.86614	0.822885	1.6894	0.961414	1.5794	1.10174	1.19009	1.31167	0.783177		
0.649734	1.69095	0.510638	1.9757	0.844565	1.902	0.727193	2.51444	0.82729	1.77255	0.962446	1.3221	1.13639	1.23205	1.25089	1.25181	0.587289	1.95539	0.720981	1.85796	0.825784	1.70567	0.96411	1.57765	1.10378	1.20239	1.31301	0.787737		
0.65262	1.6886	0.51401	1.97366	0.84132	1.89788	0.731492	2.51961	0.830316	1.7717	0.964716	1.33591	1.13849	1.23037	1.25304	1.26288	0.590634	1.96162	0.724147	1.84976	0.828711	1.72179	0.966803	1.57587	1.10584	1.21464	1.31436	0.792339		
0.655502	1.6868	0.517379	1.97165	0.838082	1.89373	0.735799	2.52417	0.833342	1.77087	0.967009	1.34971	1.14059	1.2288	1.2552	1.27377	0.593989	1.96781	0.727299	1.84154	0.831665	1.73774	0.969492	1.57403	1.10793	1.22686	1.31572	0.797023		
0.658381	1.6855	0.520745	1.96965	0.834852	1.88952	0.740113	2.52812	0.836365	1.77005	0.969326	1.36349	1.14269	1.22729	1.25739	1.28454	0.597355	1.9739	0.730437	1.83335	0.834647	1.75355	0.972179	1.57218	1.11003	1.23907	1.31708	0.80181		
0.661259	1.68463	0.524107	1.96779	0.831628	1.8853	0.744434	2.53149	0.839387	1.76928	0.971666	1.37721	1.14479	1.22595	1.25959	1.29522	0.600732	1.97992	0.733561	1.8252	0.837655	1.76916	0.974862	1.57035	1.11216	1.25121	1.31846	0.806648		
0.664135	1.6842	0.527466	1.96599	0.828412	1.88107	0.74876	2.53432	0.842408	1.76855	0.97403	1.39089	1.14688	1.2247	1.26181	1.30569	0.604118	1.98581	0.736671	1.8171	0.840689	1.78455	0.977543	1.56854	1.11431	1.26329	1.31984	0.811544		
0.667011	1.68423	0.530822	1.96422	0.825203	1.87676	0.75309	2.53657	0.845428	1.76793	0.976417	1.40444	1.14897	1.22354	1.26405	1.31598	0.607514	1.9916	0.739768	1.80909	0.84375	1.7997	0.98022	1.56671	1.11647	1.2753	1.32123	0.816529		
0.669888	1.68456	0.534175	1.96257	0.822002	1.87247	0.757424	2.53829	0.848447	1.76741	0.978827	1.41799	1.15106	1.22253	1.26631	1.32613	0.610921	1.99731	0.742851	1.80121	0.846837	1.81461	0.982894	1.56487	1.11866	1.28727	1.32263	0.821591		
0.672765	1.68521	0.537525	1.96093	0.818808	1.86816	0.76176	2.53948	0.851465	1.76702	0.98126	1.43145	1.15315	1.22162	1.26858	1.33613	0.614337	2.00289	0.74592	1.79344	0.849948	1.82928	0.985565	1.56311	1.12087	1.29918	1.32403	0.826691		
0.675644	1.68625	0.540873	1.95934	0.815621	1.86382	0.766098	2.54015	0.854482	1.76677	0.983716	1.44478	1.15523	1.22089	1.27087	1.34596	0.617762	2.0084	0.748976	1.78577	0.853085	1.84364	0.988233	1.56139	1.1231	1.31098	1.32545	0.831871		
0.678525	1.68758	0.544218	1.95787	0.812441	1.85948	0.770436	2.54029	0.8575	1.76667	0.986195	1.45803	1.15732	1.22031	1.27318	1.35558	0.621197	2.01382	0.75202	1.77826	0.856245	1.85769	0.990898	1.55967	1.12535	1.32269	1.32688	0.837154		
0.681408	1.68914	0.54756	1.95645	0.809269	1.85505	0.774775	2.53993	0.860517	1.76681	0.988697	1.47116	1.1594	1.21986	1.2755	1.36503	0.62464	2.01913	0.75505	1.77094	0.85943	1.87143	0.99356	1.55803	1.12762	1.33431	1.32831	0.842519		
0.684294	1.69097	0.5509	1.95509	0.806105	1.85065	0.779112	2.53907	0.863534	1.76719	0.99122	1.48419	1.16148	1.21955	1.27784	1.37427	0.628093	2.02432	0.758069	1.76382	0.862638	1.8848	0.99622	1.5565	1.12991	1.34584	1.32975	0.847926		
0.687184	1.69306	0.554238	1.95379	0.802948	1.84626	0.783447	2.53771	0.866553	1.76781	0.993766	1.49711	1.16356	1.21939	1.28019	1.38335	0.631555	2.02943	0.761075	1.75685	0.865868	1.89786	0.998877	1.55503	1.13222	1.35724	1.33121	0.853383		
0.690077	1.69535	0.557574	1.95252	0.799799	1.8418	0.78778	2.53582	0.869573	1.76868	0.996334	1.50986	1.16565	1.2194	1.28256	1.39226	0.635025	2.03442	0.764069	1.75006	0.86912	1.91058	1.00153	1.55364	1.13454	1.36855	1.33267	0.858929		
0.692975	1.69782	0.560907	1.95133	0.796657	1.83735	0.792109	2.53342	0.872594	1.76989	0.998923	1.52248	1.16773	1.21956	1.28495	1.40092	0.638504	2.03934	0.767052	1.74353	0.872394	1.92289	1.00418	1.55233	1.13689	1.37974	1.33414	0.864549		
0.695876	1.70051	0.564239	1.95021	0.793523	1.83289	0.796433	2.53052	0.875618	1.77145	1.00153	1.53495	1.16981	1.21989	1.28735	1.40943	0.641991	2.04414	0.770025	1.73724	0.875688	1.93483	1.00683	1.55114	1.13926	1.39078	1.33562	0.870206		
0.698783	1.70337	0.567568	1.94912	0.790397	1.82844	0.800752	2.52709	0.878645	1.77335	1.00417	1.54726	1.1719	1.2204	1.28976	1.4177	0.645486	2.04884	0.772986	1.73115	0.879002	1.94637	1.00948	1.55009	1.14164	1.40172	1.33711	0.875975		
0.701695	1.70635	0.570896	1.94812	0.787278	1.82394	0.805065	2.52308	0.881675	1.77566	1.00682	1.55941	1.17398	1.22105	1.29219	1.4258	0.648989	2.05344	0.775938	1.72532	0.882336	1.95749	1.01213	1.54913	1.14404	1.41248	1.33861	0.881831		
0.704611	1.70954	0.574223	1.94715	0.784167	1.81944	0.80937	2.51851	0.88471	1.77842	1.00949	1.57137	1.17607	1.22187	1.29463	1.43369	0.6525	2.05795	0.778879	1.71971	0.885688	1.96819	1.01477	1.5483	1.14646	1.42306	1.34012	0.887699		
0.707534	1.71284	0.577547	1.94623	0.781063	1.81497	0.813667	2.51338	0.88775	1.78166	1.01219	1.58314	1.17815	1.2229	1.29709	1.44135	0.656018	2.06236	0.781812	1.71434	0.889059	1.97853	1.01742	1.54765	1.1489	1.43355	1.34165	0.893667		
0.710462	1.71626	0.58087	1.9454	0.777968	1.81048	0.817955	2.50769	0.890795	1.78538	1.0149	1.59471	1.18024	1.2241	1.29956	1.44886	0.659544	2.06668	0.784735	1.70924	0.892446	1.98843	1.02006	1.54713	1.15136	1.4439	1.34318	0.899714		
0.713396	1.71982	0.584192	1.94458	0.774879	1.80597	0.822233	2.50137	0.893848	1.78963	1.01763	1.60607	1.18234	1.22544	1.30204	1.45612	0.663077	2.07088	0.78765	1.7044	0.895851	1.99787	1.0227	1.54678	1.15384	1.45403	1.34472	0.905802		
0.716336	1.72346	0.587512	1.9438	0.771799	1.80145	0.826499	2.49441	0.896908	1.79445	1.02039	1.61726	1.18443	1.22698	1.30453	1.46318	0.666617	2.07499	0.790557	1.69981	0.89927	2.00689	1.02534	1.54661	1.15633	1.46398	1.34627	0.911972		
0.719283	1.7272	0.590831	1.9431	0.768726	1.79701	0.830753	2.48681	0.899977	1.79989	1.02316	1.62821	1.18653	1.22871	1.30704	1.47005	0.670164	2.07905	0.793456	1.69551	0.902705	2.01545	1.02798	1.54658	1.15884	1.47379	1.34783	0.918214		
0.722236	1.73102	0.594149	1.94244	0.765661	1.79251	0.834993	2.47853	0.903056	1.80595	1.02595	1.63895	1.18863	1.23059	1.30955	1.47668	0.673719	2.08298	0.796348	1.69144	0.906155	2.0236	1.03063	1.54678	1.16136	1.48343	1.34941	0.924523		
0.725195	1.73494	0.597466	1.9418	0.762604	1.78804	0.839218	2.46958	0.906146	1.81269	1.02876	1.64949	1.19073	1.23265	1.31208	1.48312	0.677279	2.08679	0.799233	1.68757	0.909617	2.0313	1.03327	1.54716	1.1639	1.49286	1.35099	0.930927		
0.728162	1.73894	0.600782	1.94124	0.759554	1.78362	0.843428	2.45991	0.909247	1.82018	1.03158	1.65974	1.19284	1.23492	1.31462	1.48937	0.680846	2.09056	0.802112	1.68403	0.913093	2.03855	1.03591	1.54776	1.16646	1.50209	1.35259	0.937379		
0.731135	1.74299	0.604097	1.94071	0.756511	1.77917	0.847621	2.44948	0.912363	1.82835	1.03442	1.66975	1.19495	1.23735	1.31717	1.4954	0.68442	2.09424	0.804985	1.68075	0.91658	2.04537	1.03855	1.54855	1.16903	1.51117	1.35419	0.943886		
0.734115	1.74711	0.60741	1.94019	0.753477	1.77472	0.851795	2.43832	0.915492	1.8373	1.03728	1.67956	1.19706	1.23996	1.31973	1.50121	0.687999	2.09781	0.807853	1.67765	0.920079	2.05175	1.0412	1.54956	1.17162	1.52004	1.35581	0.950482		
0.737102	1.75128	0.610724	1.93975	0.75045	1.77035	0.855949	2.42636	0.918638	1.84709	1.04016	1.68914	1.19918	1.24278	1.32229	1.5068	0.691585	2.1013	0.810715	1.67483	0.923588	2.05769	1.04385	1.55081	1.17423	1.52868	1.35744	0.957123		
0.740097	1.7555	0.614036	1.93934	0.74743	1.76599	0.860082	2.4136	0.921801	1.85769	1.04305	1.69841	1.20131	1.24577	1.32487	1.51223	0.695177	2.10471	0.813574	1.67228	0.927107	2.06314	1.0465	1.55224	1.17684	1.53712	1.35908	0.963847		
0.743099	1.75978	0.617348	1.93899	0.744418	1.76168	0.864193	2.40005	0.924983	1.86911	1.04596	1.70744	1.20344	1.24893	1.32746	1.51742	0.698774	2.10803	0.816427	1.66992	0.930635	2.06818	1.04915	1.55398	1.17948	1.54539	1.36073	0.970676		
0.746108	1.76408	0.620659	1.93862	0.741413	1.75738	0.86828	2.38565	0.928186	1.88139	1.04889	1.71623	1.20557	1.25228	1.33006	1.5224	0.702377	2.1113	0.819277	1.66781	0.934172	2.07278	1.0518	1.55593	1.18212	1.55343	1.3624	0.977526		
0.749124	1.76846	0.623969	1.93828	0.738415	1.75313	0.872342	2.37047	0.93141	1.89455	1.05182	1.72474	1.20772	1.25581	1.33266	1.52724	0.705986	2.11448	0.822124	1.66595	0.937715	2.07694	1.05446	1.55815	1.18478	1.56125	1.36407	0.984449		
0.752148	1.77282	0.627279	1.93802	0.735424	1.74895	0.876377	2.35446	0.934657	1.90859	1.05478	1.73302	1.20986	1.25953	1.33527	1.53183	0.709599	2.11756	0.824968	1.66431	0.941266	2.08065	1.05713	1.56061	1.18745	1.56888	1.36576	0.9915		
0.755179	1.77719	0.630589	1.9378	0.732441	1.7448	0.880384	2.3376	0.937929	1.92344	1.05774	1.741	1.21202	1.26343	1.33789	1.53619	0.713218	2.12055	0.827809	1.66287	0.944822	2.08391	1.05979	1.56333	1.19014	1.57625	1.36746	0.998585		
0.758218	1.78164	0.633898	1.93756	0.729465	1.7407	0.884361	2.31995	0.941227	1.93919	1.06072	1.74867	1.21418	1.26748	1.34052	1.54042	0.716842	2.1235	0.830647	1.66162	0.948384	2.08674	1.06247	1.56633	1.19284	1.58347	1.36917	1.00572		
0.761265	1.78609	0.637207	1.93735	0.726496	1.73666	0.888308	2.30156	0.944552	1.95576	1.06372	1.75613	1.21635	1.27174	1.34315	1.54442	0.720472	2.12637	0.833484	1.6606	0.95195	2.08911	1.06514	1.5696	1.19555	1.59045	1.37089	1.01294		
0.764319	1.79058	0.640515	1.93722	0.723533	1.73273	0.892222	2.2824	0.947907	1.97312	1.06672	1.76332	1.21852	1.27619	1.34579	1.54822	0.724105	2.12913	0.836319	1.65977	0.955519	2.09111	1.06783	1.57315	1.19827	1.59716	1.37263	1.02023		
0.767381	1.79505	0.643824	1.93709	0.720577	1.72889	0.896104	2.26258	0.951292	1.9912	1.06974	1.7702	1.22071	1.28079	1.34844	1.55185	0.727744	2.13188	0.839153	1.65915	0.959092	2.09266	1.07052	1.57697	1.201	1.6037	1.37438	1.02759		
0.77045	1.79951	0.647132	1.93699	0.717628	1.7251	0.899951	2.24214	0.954708	2.00997	1.07277	1.77683	1.2229	1.28561	1.35109	1.55527	0.731387	2.13455	0.841987	1.65868	0.962667	2.09375	1.07321	1.58111	1.20375	1.61004	1.37614	1.03501		
0.773527	1.80401	0.65044	1.93688	0.714685	1.72137	0.903762	2.22109	0.958157	2.02937	1.07581	1.7832	1.2251	1.29055	1.35375	1.5585	0.735035	2.13712	0.844819	1.65844	0.966243	2.09441	1.07592	1.58553	1.2065	1.61611	1.37791	1.04253		
0.776612	1.80848	0.653748	1.93682	0.711748	1.7178	0.907537	2.19958	0.96164	2.04932	1.07886	1.78927	1.22731	1.29568	1.35642	1.56157	0.738687	2.13965	0.847651	1.65836	0.969821	2.09469	1.07863	1.59021	1.20927	1.622	1.3797	1.0501		
0.779704	1.81298	0.657055	1.9368	0.708817	1.71432	0.911275	2.17765	0.965157	2.06973	1.08192	1.79506	1.22952	1.301	1.35909	1.56444	0.742343	2.14212	0.850483	1.65844	0.973398	2.09457	1.08135	1.59522	1.21204	1.62763	1.3815	1.05775		
0.782805	1.81748	0.660363	1.93675	0.705893	1.71095	0.914975	2.15542	0.968709	2.09045	1.08499	1.80058	1.23175	1.30648	1.36176	1.56711	0.746004	2.14453	0.853316	1.65869	0.976975	2.09399	1.08408	1.60054	1.21483	1.63305	1.38331	1.06548		
0.785912	1.82197	0.663671	1.93676	0.702973	1.70775	0.918637	2.13298	0.972297	2.11146	1.08807	1.80585	1.23399	1.31216	1.36444	1.56962	0.749668	2.14685	0.856149	1.65907	0.980551	2.09299	1.08682	1.60611	1.21762	1.6383	1.38514	1.07324		
0.789028	1.82647	0.666978	1.93677	0.70006	1.70467	0.922261	2.11043	0.975921	2.13262	1.09116	1.81087	1.23623	1.318	1.36712	1.57196	0.753336	2.14912	0.858983	1.65966	0.984124	2.09159	1.08956	1.61202	1.22042	1.64327	1.38698	1.08108		
0.792151	1.83095	0.670286	1.9368	0.697151	1.70174	0.925846	2.08792	0.979581	2.15381	1.09426	1.81561	1.23849	1.32399	1.36981	1.57412	0.757009	2.15134	0.861818	1.66036	0.987695	2.08981	1.09232	1.61822	1.22323	1.64805	1.38883	1.089		
0.795282	1.83538	0.673594	1.93685	0.694247	1.69898	0.929392	2.06549	0.983278	2.17496	1.09736	1.82005	1.24075	1.33014	1.3725	1.57613	0.760685	2.15351	0.864654	1.66117	0.991262	2.08765	1.09509	1.6247	1.22605	1.65264	1.3907	1.09701		
0.79842	1.83986	0.676902	1.9369	0.691348	1.69642	0.932901	2.04322	0.98701	2.19593	1.10047	1.82425	1.24303	1.33649	1.37519	1.57797	0.764364	2.15561	0.867492	1.66217	0.994825	2.08505	1.09787	1.63153	1.22888	1.65698	1.39258	1.10507		
0.801566	1.84433	0.68021	1.93699	0.688453	1.69404	0.936371	2.02132	0.990778	2.21663	1.10359	1.82821	1.24532	1.34298	1.37789	1.5796	0.768047	2.15765	0.870331	1.66328	0.998384	2.08205	1.10066	1.63865	1.23171	1.66109	1.39447	1.11315		
0.804719	1.84873	0.683518	1.9371	0.685561	1.69186	0.939805	1.99985	0.994581	2.23695	1.10672	1.83189	1.24762	1.34963	1.38059	1.58106	0.771734	2.15966	0.873173	1.66452	1.00194	2.07869	1.10347	1.64606	1.23455	1.66504	1.39638	1.12134		
0.807881	1.85313	0.686826	1.93721	0.682674	1.68992	0.943202	1.9788	0.998419	2.25686	1.10985	1.83534	1.24993	1.35645	1.38329	1.58242	0.775424	2.16163	0.876017	1.66585	1.00548	2.07497	1.10629	1.65375	1.2374	1.66878	1.3983	1.12965		
0.811049	1.85752	0.690134	1.9373	0.679789	1.68822	0.946564	1.95835	1.00229	2.27622	1.11299	1.83855	1.25225	1.36342	1.38599	1.58362	0.779118	2.16351	0.878863	1.66732	1.00902	2.07088	1.10912	1.66174	1.24025	1.67229	1.40024	1.13382		
0.814225	1.86192	0.693443	1.93744	0.676907	1.68678	0.949891	1.93852	1.00619	2.29497	1.11613	1.84149	1.25459	1.37053	1.3887	1.58462	0.782814	2.16535	0.881712	1.66889	1.01256	2.06642	1.11196	1.67001	1.24311	1.67562				
0.817409	1.86625	0.696752	1.9376	0.674028	1.68565	0.953185	1.91939	1.01013	2.3131	1.11928	1.84423	1.25693	1.3778	1.39141	1.58549	0.786514	2.16719	0.884563	1.67055	1.01608	2.06159	1.11482	1.6786	1.24598	1.67874				
0.8206	1.87058	0.700061	1.93771	0.67115	1.68481	0.956447	1.90103	1.01409	2.33053	1.12243	1.84671	1.25929	1.38524	1.39411	1.58624	0.790216	2.16892	0.887418	1.67236	1.0196	2.05642	1.1177	1.68745	1.24885	1.68166				
0.823798	1.87492	0.703371	1.93789	0.668273	1.68431	0.959678	1.88337	1.01809	2.34722	1.12558	1.84894	1.26166	1.39283	1.39682	1.58683	0.793922	2.17062	0.890275	1.67423	1.02311	2.05093	1.12058	1.69654	1.25172	1.68442				
0.827004	1.87919	0.70668	1.93807	0.665397	1.68416	0.96288	1.86653	1.02211	2.36316	1.12874	1.85102	1.26405	1.40055	1.39953	1.58728	0.79763	2.17231	0.893136	1.67615	1.0266	2.04512	1.12349	1.70592	1.2546	1.68695				
0.830217	1.88343	0.70999	1.93823	0.662521	1.68443	0.966054	1.85052	1.02616	2.3783	1.13191	1.85283	1.26645	1.40841	1.40225	1.58747	0.801342	2.17392	0.896	1.67823	1.03009	2.03896	1.12641	1.71556	1.25748	1.6893				
0.833437	1.88765	0.713301	1.9384	0.659643	1.68509	0.969201	1.83528	1.03024	2.39271	1.13507	1.85441	1.26886	1.41639			0.805056	2.17551	0.898868	1.68038	1.03357	2.03251	1.12935	1.72546	1.26037	1.69149				
0.836664	1.89187	0.716611	1.93857	0.656765	1.68615	0.972322	1.82084	1.03433	2.40633	1.13824	1.85586	1.27129	1.4245			0.808772	2.17707	0.90174	1.68254	1.03703	2.02579	1.13231	1.73554	1.26326	1.69349				
0.839899	1.89605	0.719922	1.93879	0.653884	1.68773	0.97542	1.80725	1.03845	2.41911	1.14141	1.85711	1.27373	1.43273			0.812492	2.17856	0.904615	1.68483	1.04049	2.01878	1.13528	1.74588	1.26615	1.69532				
0.843141	1.90022	0.723234	1.93898	0.651	1.68984	0.978495	1.79445	1.0426	2.43116	1.14458	1.85813	1.27618	1.44111			0.816214	2.17999	0.907495	1.68721	1.04393	2.01149	1.13827	1.75643	1.26905	1.69698				
0.846389	1.90434	0.726545	1.93918	0.648112	1.69251	0.981549	1.78239	1.04676	2.44245	1.14776	1.85899	1.27865	1.44964			0.819938	2.18145	0.910378	1.68964	1.04736	2.00398	1.14128	1.76712	1.27195	1.69846				
0.849645	1.90842	0.729857	1.93937	0.645219	1.69573	0.984583	1.7711	1.05094	2.45299	1.15093	1.85966	1.28113	1.45827			0.823665	2.18283	0.913266	1.69212	1.05077	1.99623	1.1443	1.77804	1.27485	1.69982				
0.852908	1.91247	0.733169	1.93958	0.64232	1.69959	0.987599	1.76053	1.05514	2.46283	1.15411	1.86021	1.28363	1.46698			0.827394	2.18417	0.916158	1.69463	1.05418	1.98824	1.14735	1.78913	1.27776	1.70099				
0.856177	1.9165	0.736482	1.93982	0.639414	1.70414	0.990597	1.75066	1.05935	2.47194	1.15729	1.86061	1.28614	1.47579			0.831125	2.18552	0.919054	1.69725	1.05757	1.98007	1.15042	1.80034	1.28066	1.70201				
0.859454	1.9205	0.739795	1.94003	0.636499	1.70941	0.993578	1.74146	1.06358	2.48032	1.16046	1.86085	1.28867	1.48471			0.834859	2.18678	0.921955	1.69992	1.06094	1.97171	1.1535	1.81174	1.28357	1.70292				
0.862737	1.92445	0.743108	1.94022	0.633575	1.71544	0.996545	1.73293	1.06782	2.48811	1.16364	1.86099	1.29121	1.49376			0.838594	2.18803	0.924861	1.70262	1.0643	1.96317	1.1566	1.82319	1.28648	1.70366				
0.866027	1.92837	0.746422	1.94045	0.63064	1.72228	0.999497	1.72501	1.07208	2.49525	1.16682	1.861	1.29377	1.50289			0.842332	2.18928	0.927771	1.70539	1.06765	1.9545	1.15973	1.83473	1.28939	1.70427				
0.869324	1.93229	0.749736	1.94068	0.627693	1.73003	1.00244	1.71764	1.07635	2.50173	1.17	1.86092	1.29635	1.51207			0.846072	2.19045	0.930686	1.7082	1.07098	1.94574	1.16287	1.84636	1.2923	1.70477				
0.872627	1.93616	0.753051	1.94089	0.624731	1.73865	1.00536	1.71087	1.08062	2.50763	1.17318	1.86075	1.29894	1.52133			0.849814	2.1916	0.933605	1.71103	1.07429	1.93685	1.16603	1.85805	1.29521	1.70514				
0.875937	1.93999	0.756366	1.94109	0.621754	1.74821	1.00828	1.7046	1.08491	2.51297	1.17635	1.86045	1.30154	1.53067			0.853558	2.19273	0.93653	1.7139	1.07759	1.92785	1.16922	1.86977	1.29812	1.70542				
0.879253	1.94376	0.759681	1.94131	0.61876	1.7588	1.01119	1.69887	1.08921	2.51774	1.17953	1.86014	1.30416	1.5401			0.857304	2.19382	0.93946	1.71685	1.08088	1.9188	1.17242	1.88149	1.30104	1.70556				
0.882576	1.94753	0.762997	1.94155	0.615746	1.77045	1.01408	1.69359	1.09351	2.52195	1.18271	1.85978	1.3068	1.54955			0.861051	2.1949	0.942394	1.71981	1.08415	1.90966	1.17564	1.89322	1.30395	1.70559				
0.885906	1.95127	0.766313	1.94179	0.612712	1.78316	1.01697	1.68875	1.09782	2.52567	1.18588	1.85934	1.30946	1.55904			0.864801	2.19596	0.945334	1.72281	1.0874	1.90054	1.17889	1.90494	1.30686	1.70555				
0.889241	1.95494	0.769629	1.942	0.609656	1.79701	1.01985	1.68435	1.10214	2.52882	1.18906	1.85894	1.31213	1.56865			0.868552	2.19698	0.948279	1.72582	1.09064	1.89144	1.18215	1.91659	1.30978	1.70538				
0.892583	1.9586	0.772946	1.9422	0.606574	1.81202	1.02272	1.68035	1.10646	2.53149	1.19223	1.85852	1.31482	1.57822			0.872305	2.19796	0.951229	1.72888	1.09386	1.8823	1.18543	1.92814	1.31269	1.70516				
0.895931	1.96222	0.776263	1.94243	0.603467	1.82816	1.02559	1.67675	1.11078	2.53368	1.19541	1.85813	1.31752	1.58783			0.876059	2.19891	0.954184	1.73195	1.09707	1.87318	1.18874	1.93964	1.3156	1.7049				
0.899285	1.9658	0.77958	1.94266	0.60033	1.84548	1.02845	1.67346	1.11511	2.53537	1.19858	1.85775	1.32024	1.59747			0.879815	2.19985	0.957144	1.73504	1.10026	1.86414	1.19206	1.95099	1.31851	1.70452				
0.902645	1.96935	0.782898	1.94287	0.597163	1.86394	1.03131	1.67054	1.11944	2.53662	1.20175	1.85743	1.32297	1.60711			0.883573	2.20079	0.96011	1.73822	1.10343	1.85516	1.1954	1.96224	1.32142	1.70412				
0.906012	1.97286	0.786217	1.94307	0.593964	1.88355	1.03416	1.66794	1.12378	2.53736	1.20492	1.85718	1.32573	1.61676			0.887333	2.20169	0.963081	1.74136	1.10659	1.84627	1.19876	1.97337	1.32433	1.70364				
0.909384	1.97632	0.789535	1.94329	0.59073	1.90425	1.037	1.66565	1.12811	2.53764	1.2081	1.85702	1.3285	1.62642			0.891093	2.20254	0.966058	1.74451	1.10974	1.83747	1.20214	1.98426	1.32724	1.70312				
0.912762	1.97978	0.792854	1.9435	0.587459	1.92596	1.03985	1.66364	1.13244	2.53744	1.21127	1.85698	1.33128	1.63604			0.894856	2.2034	0.96904	1.74769	1.11287	1.82876	1.20554	1.995	1.33015	1.70258				
0.916146	1.98318	0.796174	1.94372	0.584151	1.94866	1.04269	1.66186	1.13678	2.53679	1.21444	1.85708	1.33409	1.64562			0.89862	2.20423	0.972028	1.75089	1.11599	1.82023	1.20895	2.00554	1.33306	1.702				
0.919536	1.98653	0.799493	1.94393	0.580803	1.97219	1.04552	1.66035	1.14111	2.53572	1.21761	1.85734	1.3369	1.65524			0.902385	2.20502	0.975021	1.75413	1.11909	1.81179	1.21239	2.01585	1.33596	1.7014				
0.922932	1.98987	0.802813	1.94413	0.577415	1.99649	1.04836	1.6591	1.14544	2.53413	1.22078	1.85779	1.33974	1.66478			0.906151	2.20582	0.978019	1.75736	1.12218	1.80351	1.21584	2.02593	1.33887	1.70079				
0.926333	1.99315	0.806134	1.94435	0.573984	2.02143	1.05119	1.65807	1.14977	2.53203	1.22396	1.85847	1.34259	1.67426			0.909919	2.20659	0.981023	1.76062	1.12525	1.79544	1.21931	2.03573	1.34177	1.70018				
0.92974	1.99643	0.809455	1.94452	0.57051	2.0468	1.05402	1.65722	1.15409	2.5295	1.22713	1.85934	1.34546	1.68367			0.913688	2.20731	0.984033	1.76389	1.12831	1.78754	1.22279	2.04531	1.34467	1.69956				
0.933152	1.99965	0.812776	1.9447	0.566993	2.07253	1.05685	1.65661	1.15841	2.52647	1.23031	1.86049	1.34834	1.69302			0.917458	2.20805	0.987048	1.76713	1.13135	1.77978	1.22629	2.05462	1.34758	1.69898				
0.93657	2.00284	0.816097	1.94491	0.563431	2.09842	1.05968	1.65618	1.16272	2.52291	1.23349	1.86196	1.35124	1.70234			0.92123	2.20878	0.990069	1.77039	1.13439	1.77225	1.22981	2.06363	1.35048	1.69841				
0.939993	2.00598	0.819419	1.94511	0.559825	2.12433	1.06251	1.6559	1.16702	2.51884	1.23667	1.86372	1.35416	1.71154			0.925003	2.20946	0.993095	1.77369	1.13741	1.76492	1.23334	2.07232	1.35338	1.69787				
0.943421	2.00906	0.822741	1.94531	0.556175	2.15016	1.06534	1.65582	1.17132	2.51427	1.23985	1.86583	1.35709	1.72064			0.928777	2.21011	0.996127	1.77696	1.14042	1.75779	1.23689	2.08069	1.35628	1.69739				
0.946855	2.01216	0.826063	1.94546	0.552481	2.17563	1.06816	1.65588	1.17561	2.50917	1.24304	1.86834	1.36003	1.72967			0.932552	2.21078	0.999164	1.78026	1.14341	1.75092	1.24045	2.08874	1.35918	1.69693				
0.950294	2.01522	0.829386	1.94564	0.548744	2.2007	1.07099	1.65612	1.17989	2.50349	1.24623	1.87124	1.36299	1.73858			0.936328	2.21142	1.00221	1.78358	1.1464	1.7442	1.24402	2.09651	1.36207	1.69655				
0.953738	2.01823	0.832709	1.94585	0.544964	2.22521	1.07382	1.65649	1.18416	2.49718	1.24943	1.87458	1.36597	1.74737			0.940105	2.21205	1.00526	1.78685	1.14937	1.73771	1.24761	2.10393	1.36497	1.69623				
0.957188	2.02117	0.836032	1.94601	0.541144	2.24904	1.07665	1.65695	1.18842	2.49032	1.25264	1.87838	1.36896	1.75604			0.943884	2.21264	1.00831	1.79016	1.15233	1.7315	1.25121	2.11097	1.36787	1.69598				
0.960642	2.02412	0.839356	1.94616	0.537282	2.27212	1.07948	1.65759	1.19267	2.48286	1.25585	1.8827	1.37197	1.76455			0.947663	2.21325	1.01137	1.79345	1.15528	1.72548	1.25482	2.11772	1.37076	1.69582				
0.964101	2.02702	0.84268	1.94632	0.533383	2.29433	1.08231	1.65834	1.1969	2.47477	1.25907	1.88758	1.37499	1.77295			0.951443	2.21383	1.01444	1.79674	1.15822	1.71969	1.25844	2.12409	1.37366	1.69574				
0.967566	2.02986	0.846004	1.9465	0.529446	2.31565	1.08514	1.65921	1.20112	2.46599	1.26229	1.89302	1.37802	1.78124			0.955224	2.21437	1.01751	1.80005	1.16116	1.71413	1.26208	2.1301	1.37656	1.6958				
0.971035	2.0327	0.849328	1.94668	0.525473	2.33601	1.08798	1.66017	1.20532	2.45652	1.26553	1.89909	1.38107	1.78934			0.959007	2.21492	1.02059	1.80335	1.16408	1.70881	1.26572	2.13576	1.37945	1.69595				
0.974509	2.03552	0.852653	1.94683	0.521467	2.35537	1.09081	1.66124	1.20951	2.44643	1.26878	1.90574	1.38414	1.79726			0.96279	2.21544	1.02367	1.80664	1.16699	1.70371	1.26937	2.14104	1.38235	1.69621				
0.977987	2.03829	0.855978	1.94697	0.517428	2.37373	1.09365	1.66239	1.21368	2.43557	1.27204	1.91303	1.38721	1.80503			0.966574	2.21595	1.02676	1.80992	1.1699	1.6988	1.27303	2.14597	1.38525	1.69662				
0.981471	2.04097	0.859303	1.9471	0.513359	2.39108	1.09649	1.66365	1.21783	2.42398	1.27532	1.92107	1.3903	1.81266			0.970359	2.21648	1.02985	1.81321	1.1728	1.69416	1.2767	2.1505	1.38814	1.69716				
0.984959	2.04368	0.862628	1.94726	0.509261	2.40738	1.09933	1.66502	1.22196	2.41168	1.2786	1.92979	1.3934	1.8201			0.974145	2.21699	1.03295	1.81649	1.17569	1.68976	1.28038	2.15466	1.39104	1.69784				
0.988451	2.04636	0.865954	1.94743	0.505136	2.42273	1.10218	1.66642	1.22607	2.3986	1.28191	1.93923	1.39652	1.82731			0.977931	2.21744	1.03605	1.81977	1.17857	1.68551	1.28406	2.15847	1.39394	1.6987				
0.991948	2.04897	0.86928	1.94755	0.500986	2.43708	1.10503	1.66789	1.23015	2.38479	1.28523	1.94946	1.39965	1.83438			0.981719	2.21791	1.03916	1.82302	1.18144	1.68151	1.28775	2.16189	1.39684	1.69972				
0.99545	2.05158	0.872606	1.94767	0.496812	2.45048	1.10788	1.66949	1.23421	2.37021	1.28857	1.96042	1.40278	1.8379			0.985507	2.21836	1.04228	1.82629	1.18431	1.67777	1.29144	2.16497	1.39975	1.70091				
0.998956	2.05412	0.875933	1.94782	0.492616	2.463	1.11073	1.67113	1.23825	2.35487	1.29192	1.97212					0.989296	2.2188	1.0454	1.82956	1.18717	1.67417	1.29514	2.16762	1.40265	1.70158				
1.00247	2.05663	0.879259	1.94793	0.488399	2.47459	1.11358	1.67282	1.24226	2.33878	1.2953	1.98463					0.993085	2.21924	1.04853	1.8328	1.19003	1.67079	1.29885	2.1699						
1.00598	2.05915	0.882586	1.94804	0.484164	2.48534	1.11644	1.67462	1.24624	2.32195	1.2987	1.99788					0.996876	2.21964	1.05166	1.83604	1.19288	1.66764	1.30256	2.17182						
1.0095	2.06162	0.885913	1.94819	0.47991	2.49526	1.1193	1.67645	1.25019	2.30446	1.30213	2.01184					1.00067	2.22006	1.0548	1.83926	1.19573	1.66465	1.30627	2.17333						
1.01302	2.06406	0.889241	1.94833	0.475641	2.50439	1.12217	1.67832	1.25411	2.28628	1.30557	2.02655					1.00446	2.22046	1.05795	1.84252	1.19857	1.66185	1.30998	2.17446						
1.01655	2.06646	0.892568	1.94843	0.471356	2.51275	1.12504	1.68028	1.258	2.26744	1.30905	2.04193					1.00825	2.22084	1.06109	1.84572	1.2014	1.65924	1.31369	2.17524						
1.02008	2.0688	0.895896	1.94851	0.467058	2.52036	1.12791	1.68225	1.26185	2.24805	1.31255	2.05794					1.01204	2.22122	1.06425	1.8489	1.20423	1.65686	1.31741	2.17564						
1.02362	2.07115	0.899223	1.94861	0.462747	2.5273	1.13078	1.68426	1.26568	2.22818	1.31608	2.07455					1.01584	2.22159	1.06741	1.85207	1.20706	1.65461	1.32113	2.17561						
1.02715	2.07347	0.902551	1.94876	0.458426	2.53356	1.13366	1.68637	1.26946	2.20784	1.31963	2.09168					1.01963	2.22193	1.07058	1.85526	1.20988	1.6525	1.32484	2.17523						
1.0307	2.07571	0.90588	1.94886	0.454094	2.53915	1.13654	1.68849	1.27322	2.18712	1.32322	2.10925					1.02343	2.22226	1.07375	1.85844	1.21271	1.65061	1.32856	2.17448						
1.03424	2.07798	0.909208	1.94891	0.449753	2.54414	1.13943	1.69062	1.27693	2.16608	1.32684	2.12723					1.02722	2.22261	1.07692	1.86158	1.21552	1.64889	1.33227	2.17337						
1.0378	2.08022	0.912537	1.94903	0.445404	2.54848	1.14232	1.69284	1.28062	2.14485	1.33049	2.1455					1.03102	2.22294	1.08011	1.86472	1.21834	1.64731	1.33598	2.17182						
1.04135	2.08237	0.915865	1.94915	0.441048	2.55221	1.14521	1.69506	1.28426	2.12356	1.33417	2.16392					1.03482	2.22322	1.08329	1.86787	1.22115	1.64585	1.33969	2.1699						
1.04491	2.08452	0.919194	1.94921	0.436686	2.5554	1.14811	1.69732	1.28787	2.1022	1.33788	2.18251					1.03861	2.22355	1.08649	1.871	1.22396	1.64456	1.34339	2.16767						
1.04847	2.08665	0.922523	1.94931	0.43232	2.558	1.15101	1.69962	1.29144	2.08088	1.34162	2.20115					1.04241	2.22387	1.08968	1.87407	1.22677	1.64342	1.34709	2.16501						
1.05204	2.08877	0.925852	1.94938	0.427949	2.55998	1.15391	1.70195	1.29498	2.05975	1.3454	2.21973					1.04621	2.22413	1.09289	1.87716	1.22957	1.64241	1.35079	2.16197						
1.0556	2.09085	0.929182	1.94945	0.423576	2.5614	1.15682	1.70432	1.29848	2.03886	1.3492	2.23814					1.05001	2.22441	1.0961	1.88025	1.23238	1.64157	1.35447	2.1586						
1.05918	2.09288	0.932511	1.94955	0.4192	2.56226	1.15973	1.70668	1.30194	2.01829	1.35304	2.2563					1.05381	2.22467	1.09931	1.88334	1.23518	1.64081	1.35816	2.15481						
1.06275	2.09489	0.935841	1.94963	0.414824	2.5625	1.16265	1.70907	1.30537	1.9981	1.35691	2.27413					1.05761	2.22493	1.10253	1.88638	1.23798	1.64018	1.36183	2.15069						
1.06633	2.09688	0.93917	1.9497	0.410448	2.56212	1.16557	1.71153	1.30876	1.97838	1.36081	2.29163					1.06141	2.22521	1.10575	1.88938	1.24078	1.63968	1.3655	2.14624						
1.06992	2.09887	0.9425	1.94976	0.406073	2.56117	1.1685	1.71397	1.31213	1.9592	1.36474	2.3087					1.06521	2.22545	1.10898	1.89243	1.24358	1.63928	1.36917	2.14139						
1.0735	2.10079	0.94583	1.94983	0.4017	2.55958	1.17143	1.7164	1.31546	1.94054	1.36869	2.32522					1.06901	2.22569	1.11222	1.89544	1.24638	1.63901	1.37282	2.13614						
1.07709	2.10268	0.94916	1.94989	0.39733	2.55726	1.17436	1.71891	1.31876	1.92252	1.37268	2.34118					1.07281	2.22593	1.11546	1.89843	1.24918	1.63888	1.37646	2.13061						
1.08068	2.10455	0.95249	1.94995	0.392965	2.55429	1.1773	1.72144	1.32202	1.90515	1.37669	2.35657					1.07661	2.22615	1.1187	1.90141	1.25198	1.63881	1.3801	2.12475						
1.08428	2.10642	0.95582	1.95002	0.388605	2.55059	1.18024	1.72391	1.32526	1.88845	1.38073	2.37134					1.08041	2.22635	1.12195	1.90435	1.25478	1.63884	1.38372	2.11854						
1.08788	2.10828	0.959151	1.95008	0.384253	2.54604	1.18319	1.72644	1.32847	1.87242	1.38479	2.38548					1.08422	2.22654	1.1252	1.90731	1.25758	1.63898	1.38733	2.112						
1.09148	2.11008	0.962481	1.95011	0.379909	2.54064	1.18614	1.72904	1.33166	1.85707	1.38888	2.39895					1.08802	2.22676	1.12846	1.91025	1.26038	1.6392	1.39093	2.10514						
1.09509	2.11184	0.965812	1.95019	0.375575	2.53437	1.18909	1.73158	1.33482	1.84243	1.39299	2.41176					1.09182	2.22693	1.13173	1.91314	1.26318	1.63953	1.39452	2.09796						
1.09869	2.11362	0.969142	1.95023	0.371253	2.52708	1.19205	1.73411	1.33795	1.82849	1.39711	2.42385					1.09562	2.22711	1.135	1.91604	1.26598	1.63998	1.3981	2.09051						
1.1023	2.11535	0.972473	1.95028	0.366943	2.5187	1.19501	1.73674	1.34106	1.81521	1.40126	2.42974					1.09943	2.22732	1.13827	1.91894	1.26878	1.64044	1.40166	2.08672						
1.10592	2.11702	0.975804	1.95033	0.36265	2.50911	1.19798	1.73933	1.34415	1.80265							1.10323	2.22749	1.14155	1.92182	1.27158	1.64099								
1.10954	2.11872	0.979135	1.95036	0.358373	2.49823	1.20096	1.74192	1.34722	1.79074							1.10704	2.22764	1.14484	1.92468	1.27438	1.64166								
1.11316	2.1204	0.982465	1.95041	0.354116	2.48594	1.20393	1.74455	1.35027	1.77943							1.11084	2.22777	1.14813	1.9275	1.27719	1.6424								
1.11678	2.12202	0.985796	1.95043	0.349882	2.47202	1.20691	1.74713	1.3533	1.76877							1.11465	2.22793	1.15142	1.93031	1.27999	1.64317								
1.1204	2.12363	0.989127	1.9505	0.345673	2.45629	1.2099	1.74975	1.35631	1.7587							1.11845	2.22808	1.15472	1.93313	1.2828	1.64402								
1.12403	2.12521	0.992459	1.95054	0.341492	2.43865	1.21289	1.75239	1.3593	1.7492							1.12226	2.22821	1.15803	1.93594	1.28561	1.64498								
1.12766	2.12681	0.99579	1.95056	0.337343	2.41884	1.21589	1.75504	1.36228	1.74028							1.12606	2.22834	1.16133	1.9387	1.28842	1.64595								
1.1313	2.12835	0.999121	1.9506	0.33323	2.39655	1.21889	1.75767	1.36525	1.73192							1.12987	2.22843	1.16465	1.94145	1.29123	1.64699								
1.13493	2.12986	1.00245	1.95062	0.329158	2.3716	1.22189	1.76031	1.3682	1.72402							1.13367	2.22857	1.16796	1.94418	1.29404	1.64813								
1.13857	2.13139	1.00578	1.95066	0.32513	2.34368	1.2249	1.76297	1.37114	1.71658							1.13748	2.22867	1.17129	1.94691	1.29686	1.64929								
1.14221	2.13284	1.00912	1.95068	0.321152	2.3124	1.22791	1.76559	1.37406	1.70964							1.14129	2.22875	1.17461	1.94964	1.29968	1.65052								
1.14586	2.1343	1.01245	1.95069	0.317231	2.27752	1.23093	1.76824	1.37698	1.70316							1.14509	2.22889	1.17795	1.95236	1.3025	1.65178								
1.1495	2.13578	1.01578	1.95072	0.313373	2.23863	1.23395	1.77089	1.37988	1.69708							1.1489	2.22896	1.18128	1.95502	1.30532	1.65306								
1.15315	2.1372	1.01911	1.95074	0.309585	2.19548	1.23698	1.77355	1.38277	1.69138							1.15271	2.22902	1.18462	1.95769	1.30814	1.65445								
1.1568	2.13859	1.02244	1.95078	0.305874	2.14772	1.24001	1.77621	1.38566	1.68605							1.15651	2.22911	1.18797	1.96035	1.31097	1.65588								
1.16046	2.13993	1.02577	1.9508	0.302249	2.09505	1.24304	1.77887	1.38853	1.68109							1.16032	2.22916	1.19132	1.96298	1.3138	1.65734								
1.16411	2.14132	1.0291	1.95081	0.298718	2.0373	1.24608	1.7815	1.3914	1.67651							1.16413	2.22922	1.19468	1.96559	1.31663	1.65885								
1.16777	2.14269	1.03244	1.95085	0.29529	1.97436	1.24913	1.78414	1.39426	1.67221							1.16793	2.22927	1.19803	1.9682	1.31946	1.66037								
1.17143	2.14396	1.03577	1.95087	0.291974	1.9063	1.25218	1.7868	1.39711	1.6682							1.17174	2.2293	1.2014	1.9708	1.3223	1.66194								
1.17509	2.14528	1.0391	1.95084	0.288779	1.83326	1.25523	1.78942	1.39996	1.66453							1.17555	2.22932	1.20477	1.97334	1.32514	1.66356								
1.17876	2.14659	1.04243	1.95086	0.285713	1.75558	1.25829	1.79207	1.4028	1.66276							1.17935	2.22936	1.20814	1.97591	1.32798	1.6652								
1.18243	2.14783	1.04576	1.9509	0.282783	1.67387	1.26135	1.79472									1.18316	2.22941	1.21151	1.9785	1.33083	1.66689								
1.18609	2.14907	1.04909	1.95089	0.279995	1.58876	1.26442	1.79735									1.18697	2.2294	1.2149	1.98103	1.33368	1.6686								
1.18977	2.15031	1.05243	1.95092	0.277356	1.50106	1.26749	1.79996									1.19078	2.2294	1.21828	1.98353	1.33653	1.67033								
1.19344	2.15155	1.05576	1.95093	0.274868	1.41177	1.27057	1.8026									1.19458	2.22943	1.22167	1.98605	1.33938	1.67212								
1.19711	2.15273	1.05909	1.95094	0.272534	1.32176	1.27365	1.80522									1.19839	2.22941	1.22506	1.98855	1.34224	1.67391								
1.20079	2.1539	1.06242	1.95097	0.270354	1.23192	1.27673	1.80783									1.2022	2.22937	1.22846	1.99101	1.3451	1.67573								
1.20447	2.15508	1.06575	1.95096	0.268326	1.14307	1.27982	1.81046									1.20601	2.22935	1.23187	1.99347	1.34796	1.67761								
1.20815	2.15623	1.06909	1.95095	0.266449	1.05585	1.28292	1.81308									1.20981	2.22931	1.23527	1.99595	1.35083	1.6795								
1.21184	2.15736	1.07242	1.95098	0.26472	0.970863	1.28602	1.81566									1.21362	2.22926	1.23868	1.99839	1.3537	1.68141								
1.21552	2.15845	1.07575	1.95096	0.263133	0.88848	1.28912	1.81825									1.21743	2.2292	1.2421	2.00082	1.35657	1.68329								
1.21921	2.15955	1.07908	1.95098	0.261685	0.808952	1.29223	1.82084									1.22124	2.22914	1.24552	2.00324	1.35945	1.68525								
1.2229	2.16066	1.08241	1.951	0.26037	0.732409	1.29534	1.82341									1.22504	2.22908	1.24894	2.00566	1.36233	1.68722								
1.22659	2.16171	1.08575	1.95097	0.259183	0.658804	1.29846	1.82599									1.22885	2.22899	1.25237	2.00807	1.36521	1.6892								
1.23028	2.16276	1.08908	1.95099	0.25812	0.588165	1.30158	1.82855									1.23266	2.22891	1.2558	2.01042	1.3681	1.69121								
1.23398	2.16381	1.09241	1.951	0.257174	0.520364	1.3047	1.83113									1.23646	2.22881	1.25923	2.01281	1.37099	1.69324								
1.23767	2.1648	1.09574	1.951	0.256342	0.455205	1.30783	1.83369									1.24027	2.2287	1.26267	2.01521	1.37388	1.69527								
1.24137	2.16582	1.09907	1.951	0.255619	0.392608	1.31096	1.83621									1.24408	2.22858	1.26612	2.01752	1.37678	1.69731								
1.24507	2.16683	1.10241	1.95101	0.255001	0.332347	1.3141	1.83877									1.24788	2.22843	1.26957	2.01988	1.37968	1.69938								
1.24877	2.16779	1.10574	1.95101	0.254484	0.274283	1.31725	1.84128									1.25169	2.22829	1.27302	2.02224	1.38258	1.70144								
1.25247	2.16874	1.10907	1.95098	0.254065	0.218198	1.32039	1.84378									1.25549	2.22813	1.27647	2.02457	1.38549	1.70355								
1.25618	2.16971	1.1124	1.95099	0.253739	0.163969	1.32354	1.84633									1.2593	2.22796	1.27993	2.0269	1.3884	1.70566								
1.25989	2.17066	1.11573	1.951	0.253504	0.11147	1.3267	1.84884									1.2631	2.22781	1.2834	2.02922	1.39132	1.70776								
1.26359	2.17154	1.11907	1.951	0.253358	0.0605716	1.32986	1.8513									1.26691	2.22761	1.28686	2.03152	1.39424	1.7099								
1.2673	2.17247	1.1224	1.95101	0.253298	0.011156	1.33302	1.8538									1.27071	2.22736	1.29033	2.03385	1.39716	1.71202								
1.27101	2.17337	1.12573	1.95098	0.25332	-0.0369042	1.33619	1.85629									1.27451	2.22714	1.29381	2.03616	1.40008	1.7131								
1.27473	2.17425	1.12906	1.95099	0.253424	-0.0836277	1.33936	1.85874									1.27832	2.22693	1.29729	2.03846										
1.27844	2.17513	1.13239	1.951	0.253606	-0.129101	1.34254	1.86118									1.28212	2.22668	1.30077	2.04075										
1.28216	2.17597	1.13572	1.951	0.253865	-0.173499	1.34572	1.86363									1.28592	2.2264	1.30426	2.04304										
1.28587	2.17682	1.13906	1.95097	0.254151	-0.211262	1.3489	1.8661									1.28973	2.22613	1.30775	2.04537										
1.28959	2.17765	1.14239	1.95096	0.254439	-0.242804	1.35209	1.86854									1.29353	2.22581	1.31125	2.04764										
1.29331	2.17847	1.14572	1.95098	0.254708	-0.268393	1.35529	1.87096									1.29733	2.22547	1.31475	2.04993										
1.29703	2.17928	1.14905	1.951	0.254939	-0.288396	1.35848	1.87335									1.30113	2.22514	1.31825	2.05224										
1.30075	2.18009	1.15238	1.95097	0.255119	-0.303044	1.36169	1.87575									1.30493	2.22479	1.32176	2.05455										
1.30448	2.18089	1.15572	1.95096	0.255293	-0.316198	1.36489	1.87813									1.30873	2.22443	1.32527	2.05684										
1.3082	2.18167	1.15905	1.95098	0.255418	-0.325287	1.3681	1.8805									1.31253	2.224	1.32878	2.05914										
1.31193	2.18239	1.16238	1.95096	0.255621	-0.339528	1.37131	1.88289									1.31632	2.22357	1.3323	2.06146										
1.31566	2.18313	1.16571	1.95095	0.25591	-0.358629	1.37453	1.88526									1.32012	2.22314	1.33582	2.06377										
1.31939	2.1839	1.16904	1.95095	0.256299	-0.382405	1.37775	1.88762									1.32392	2.22265	1.33935	2.0661										
1.32312	2.18466	1.17238	1.95095	0.256803	-0.410644	1.38098	1.88994									1.32771	2.22215	1.34288	2.06844										
1.32685	2.18534	1.17571	1.95095	0.257438	-0.443061	1.38421	1.89225									1.33151	2.22162	1.34641	2.07078										
1.33058	2.18606	1.17904	1.95091	0.258226	-0.479254	1.38744	1.89458									1.3353	2.22108	1.34995	2.07316										
1.33432	2.18676	1.18237	1.95093	0.259075	-0.514466	1.39068	1.89689									1.33909	2.2205	1.35349	2.0755										
1.33805	2.18742	1.1857	1.95094	0.259983	-0.548538	1.39392	1.89919									1.34289	2.21987	1.35704	2.07787										
1.34179	2.18812	1.18904	1.95091	0.260949	-0.58142	1.39717	1.90149									1.34668	2.21925	1.36059	2.0803										
1.34552	2.18881	1.19237	1.95093	0.261969	-0.613027	1.40042	1.90262									1.35047	2.21856	1.36415	2.08272										
1.34926	2.18946	1.1957	1.95094	0.263043	-0.643223											1.35425	2.21785	1.36771	2.08514										
1.353	2.1901	1.19903	1.95091	0.264166	-0.671846											1.35804	2.21712	1.37127	2.08758										
1.35674	2.19073	1.20236	1.9509	0.265337	-0.698631											1.36183	2.21632	1.37484	2.09008										
1.36049	2.19135	1.20569	1.95089	0.266553	-0.723289											1.36561	2.21549	1.37841	2.09256										
1.36423	2.192	1.20903	1.95089	0.267808	-0.745275											1.36939	2.21464	1.38198	2.09507										
1.36797	2.19261	1.21236	1.95088	0.269098	-0.763819											1.37318	2.21375	1.38556	2.09763										
1.37172	2.19319	1.21569	1.95088	0.270417	-0.777951											1.37696	2.21282	1.38915	2.1002										
1.37546	2.19379	1.21902	1.95088	0.271755	-0.785976											1.38073	2.21185	1.39274	2.10279										
1.37921	2.19437	1.22235	1.95088	0.273101	-0.785222											1.38451	2.21084	1.39633	2.10539										
1.38296	2.19497	1.22568	1.95088	0.274437	-0.771568											1.38829	2.20978	1.39993	2.10805										
1.38671	2.19551	1.22902	1.95085	0.275737	-0.738371											1.39206	2.20866	1.40353	2.10939										
1.39046	2.19606	1.23235	1.95084	0.276959	-0.67513											1.39583	2.20751												
1.39421	2.19662	1.23568	1.95086	0.278043	-0.567124											1.3996	2.20632												
1.39796	2.19717	1.23901	1.95087	0.278897	-0.399594											1.40337	2.2057												
1.40171	2.19748	1.24234	1.95085	0.279408	-0.299347																								
		1.24568	1.95083																										
		1.24901	1.95083																										
		1.25234	1.95082																										
		1.25567	1.95082																										
		1.259	1.95082																										
		1.26233	1.95082																										
		1.26567	1.95082																										
		1.269	1.95082																										
		1.27233	1.95079																										
		1.27566	1.95081																										
		1.27899	1.95081																										
		1.28232	1.95079																										
		1.28566	1.9508																										
		1.28899	1.95078																										
		1.29232	1.95077																										
		1.29565	1.9508																										
		1.29898	1.95078																										
		1.30231	1.95077																										
		1.30564	1.95076																										
		1.30898	1.95076																										
		1.31231	1.95076																										
		1.31564	1.95076																										
		1.31897	1.95076																										
		1.3223	1.95076																										
		1.32563	1.95076																										
		1.32897	1.95076																										
		1.3323	1.95076																										
		1.33563	1.95073																										
		1.33896	1.95074																										
		1.34229	1.95075																										
		1.34562	1.95072																										
		1.34895	1.95074																										
		1.35229	1.95072																										
		1.35562	1.95074																										
		1.35895	1.95075																										
		1.36228	1.95072																										
		1.36561	1.95071																										
		1.36894	1.9507																										
		1.37228	1.95073																										
		1.37561	1.95071																										
		1.37894	1.95071																										
		1.38227	1.95073																										
		1.3856	1.95072																										
		1.38893	1.95071																										
		1.39226	1.95073																										
		1.3956	1.95072																										
		1.39893	1.95071																										
		1.40226	1.95072																										
