Sym0		Asym0		Sym1		Sym2		Sym3		Sym4		Sym5		Sym6		Asym1		Asym2		Asym3		Asym4		Asym5		Asym6		Asym7	
377  Points		425  Points		377  Points		364  Points		318  Points		298  Points		267  Points		218  Points		376  Points		372  Points		344  Points		298  Points		268  Points		213  Points		144  Points	
Freq (MHz)	Vgr (m/ms)	Freq (MHz)	Vgr (m/ms)	Freq (MHz)	Vgr (m/ms)	Freq (MHz)	Vgr (m/ms)	Freq (MHz)	Vgr (m/ms)	Freq (MHz)	Vgr (m/ms)	Freq (MHz)	Vgr (m/ms)	Freq (MHz)	Vgr (m/ms)	Freq (MHz)	Vgr (m/ms)	Freq (MHz)	Vgr (m/ms)	Freq (MHz)	Vgr (m/ms)	Freq (MHz)	Vgr (m/ms)	Freq (MHz)	Vgr (m/ms)	Freq (MHz)	Vgr (m/ms)	Freq (MHz)	Vgr (m/ms)
0.279507	-0.157768	0.000763405	0.403556	1.40054	2.1985	0.293122	0.294453	0.559021	0.0120937	0.838525	-0.00308776	0.87922	0.0383733	1.11803	0.00266857	0.13976	0.0944653	0.419266	0.00642877	0.586154	0.0361723	0.698775	0.0136369	0.978281	0.00447906	1.17228	0.0172651	1.25779	0.00648969
0.279237	-0.277019	0.00145261	0.465444	1.39679	2.19823	0.293624	0.425997	0.559042	0.0171918	0.83852	-0.00533477	0.879286	0.0523805	1.11804	0.00523364	0.139921	0.159125	0.419277	0.00883046	0.586216	0.0486183	0.698798	0.0198957	0.978288	0.00663484	1.17231	0.0234094	1.2578	0.00962772
0.278561	-0.482558	0.0023532	0.586917	1.39304	2.19768	0.294577	0.655167	0.55908	0.0274101	0.838507	-0.00978545	0.879399	0.0802888	1.11805	0.010329	0.140303	0.287429	0.419296	0.0137452	0.58632	0.073514	0.698843	0.0324203	0.978303	0.0109976	1.17236	0.0357139	1.25782	0.0159468
0.277589	-0.623686	0.00345731	0.703462	1.38928	2.19714	0.295862	0.82177	0.559135	0.0376332	0.838487	-0.0141061	0.87956	0.108002	1.11807	0.0154438	0.140903	0.413053	0.419323	0.0187464	0.586467	0.0983594	0.698909	0.0449656	0.978326	0.0153281	1.17243	0.0480048	1.25786	0.0223329
0.27643	-0.710397	0.00475598	0.814422	1.38553	2.19661	0.297383	0.939807	0.559208	0.0478656	0.838459	-0.0182287	0.879768	0.13545	1.1181	0.0205357	0.141714	0.534867	0.41936	0.0237968	0.586656	0.123042	0.698996	0.0575521	0.978356	0.019656	1.17252	0.0602683	1.2579	0.0286674
0.275163	-0.758902	0.00623909	0.919348	1.38178	2.19605	0.299072	1.02503	0.559299	0.0581169	0.838424	-0.022079	0.880023	0.162615	1.11814	0.0256436	0.14273	0.652032	0.419405	0.0290074	0.586887	0.147585	0.699106	0.0701592	0.978393	0.0240407	1.17264	0.0725388	1.25795	0.0350225
0.273838	-0.782375	0.00789615	1.01803	1.37803	2.19549	0.300885	1.089	0.559407	0.0684057	0.838384	-0.0256321	0.880324	0.18946	1.11819	0.0307835	0.143941	0.763859	0.419459	0.0343527	0.58716	0.172035	0.699236	0.0828074	0.978438	0.0284151	1.17277	0.0847616	1.25802	0.0414187
0.27249	-0.789642	0.00971631	1.11027	1.37428	2.19492	0.302792	1.13908	0.559533	0.0787696	0.838337	-0.0288386	0.88067	0.215851	1.11825	0.0358636	0.145339	0.869777	0.419522	0.0399055	0.587475	0.196237	0.699388	0.0954762	0.97849	0.0327689	1.17293	0.0969507	1.25809	0.0477736
0.271141	-0.786162	0.0116885	1.19616	1.37053	2.19434	0.304775	1.17987	0.559676	0.08916	0.838285	-0.0316614	0.881061	0.241769	1.11831	0.0410099	0.146912	0.969449	0.419595	0.0456257	0.58783	0.220189	0.699562	0.108186	0.97855	0.0371435	1.1731	0.109135	1.25818	0.0541695
0.269805	-0.775304	0.013802	1.27583	1.36679	2.19373	0.306822	1.21435	0.559837	0.0996034	0.838229	-0.0340262	0.881496	0.267234	1.11839	0.0461647	0.14865	1.06276	0.419678	0.0515568	0.588227	0.243951	0.699758	0.120977	0.978617	0.0415597	1.1733	0.121246	1.25828	0.0605855
0.268493	-0.759158	0.0160462	1.34943	1.36304	2.19313	0.308923	1.24424	0.560016	0.110091	0.838169	-0.0359702	0.881974	0.292229	1.11847	0.0512747	0.150542	1.14959	0.419771	0.0577863	0.588664	0.267459	0.699975	0.133809	0.978692	0.045997	1.17352	0.133336	1.25839	0.0670417
0.267212	-0.739122	0.0184111	1.41733	1.3593	2.19254	0.311072	1.27072	0.560213	0.120666	0.838106	-0.0374442	0.882494	0.316714	1.11856	0.0564187	0.152577	1.23009	0.419875	0.0642407	0.58914	0.290642	0.700215	0.146721	0.978774	0.0504148	1.17375	0.145383	1.25851	0.0735163
0.265968	-0.716135	0.0208873	1.47985	1.35555	2.19194	0.313263	1.29465	0.560428	0.131294	0.838041	-0.0384112	0.883055	0.340616	1.11867	0.0615689	0.154744	1.30455	0.419991	0.0709594	0.589656	0.313486	0.700477	0.159669	0.978864	0.0548554	1.17401	0.157344	1.25864	0.0799659
0.264766	-0.690713	0.0234658	1.53729	1.35181	2.19128	0.315494	1.31652	0.560662	0.141964	0.837975	-0.0389215	0.883657	0.363968	1.11877	0.0667315	0.156732	1.3647	0.420118	0.0780211	0.590211	0.336024	0.70076	0.172689	0.978962	0.0593417	1.17429	0.169259	1.25878	0.0864893
0.263609	-0.663328	0.0261382	1.59001	1.34807	2.19065	0.31776	1.33672	0.560913	0.152782	0.837908	-0.0388898	0.884299	0.38684	1.11889	0.0719189	0.158494	1.41263	0.420257	0.0853973	0.590804	0.358195	0.701066	0.185855	0.979067	0.0637955	1.17459	0.181141	1.25894	0.0930366
0.2625	-0.634247	0.0288967	1.6384	1.34433	2.19	0.32006	1.35553	0.561183	0.163646	0.837842	-0.0383932	0.884979	0.409125	1.11902	0.0770942	0.159996	1.45002	0.420409	0.093093	0.591435	0.380005	0.701395	0.199062	0.979179	0.0683081	1.17491	0.192957	1.2591	0.0995696
0.261443	-0.603694	0.0317343	1.68279	1.34059	2.18933	0.32239	1.37315	0.561472	0.174603	0.837777	-0.0373999	0.885696	0.430852	1.11916	0.0823068	0.161211	1.47809	0.420575	0.10118	0.592102	0.401466	0.701746	0.212355	0.9793	0.0728764	1.17525	0.204644	1.25928	0.106198
0.260438	-0.571868	0.0346445	1.72349	1.33685	2.18867	0.32475	1.38976	0.56178	0.185685	0.837714	-0.0359085	0.88645	0.452084	1.1193	0.0875325	0.162119	1.49809	0.420755	0.109616	0.592806	0.422475	0.70212	0.225756	0.979428	0.0774325	1.17561	0.216319	1.25946	0.112831
0.259489	-0.538793	0.0376212	1.76081	1.33311	2.18797	0.327137	1.4054	0.562106	0.196831	0.837654	-0.033978	0.88724	0.472821	1.11946	0.0927223	0.162706	1.51054	0.42095	0.118442	0.593545	0.443012	0.702517	0.239248	0.979565	0.0820258	1.17599	0.227908	1.25966	0.119474
0.258598	-0.504584	0.0406588	1.79503	1.32937	2.18731	0.32955	1.42022	0.562452	0.208105	0.837598	-0.0316027	0.888065	0.493001	1.11962	0.097964	0.163559	1.52778	0.42116	0.127675	0.594319	0.463164	0.702938	0.252862	0.979709	0.0866317	1.17639	0.239385	1.25987	0.126199
0.257766	-0.469285	0.0437524	1.82645	1.32564	2.18661	0.331988	1.43432	0.562817	0.219509	0.837546	-0.028771	0.888924	0.512685	1.11979	0.103248	0.164496	1.54597	0.421386	0.137289	0.595127	0.482856	0.703381	0.266596	0.97986	0.0912628	1.17681	0.250826	1.26009	0.132963
0.256995	-0.432978	0.0468973	1.8553	1.32191	2.18588	0.334449	1.44766	0.563202	0.230991	0.8375	-0.0255217	0.889816	0.531937	1.11997	0.108492	0.165789	1.56981	0.421628	0.147355	0.595968	0.502059	0.703848	0.280446	0.98002	0.0959444	1.17724	0.262133	1.26032	0.139745
0.256287	-0.395648	0.0500894	1.88181	1.31817	2.18517	0.336933	1.4603	0.563606	0.242626	0.837459	-0.0218705	0.890741	0.550693	1.12016	0.113781	0.167451	1.59857	0.421889	0.157893	0.596842	0.520844	0.704339	0.294404	0.980188	0.100665	1.1777	0.273356	1.26057	0.14656
0.255644	-0.357263	0.053325	1.90618	1.31444	2.18443	0.339437	1.47238	0.564031	0.254382	0.837425	-0.017849	0.891697	0.569017	1.12036	0.119097	0.169501	1.63121	0.422168	0.168817	0.597747	0.539099	0.704854	0.308516	0.980364	0.105402	1.17818	0.284475	1.26083	0.153444
0.255067	-0.317942	0.0566003	1.9286	1.31071	2.18369	0.341962	1.48386	0.564475	0.266258	0.837398	-0.013458	0.892685	0.586909	1.12057	0.124405	0.171956	1.6667	0.422466	0.180204	0.598683	0.556854	0.705393	0.32275	0.980548	0.110171	1.17867	0.29551	1.26109	0.160402
0.254558	-0.277617	0.0599124	1.94924	1.30698	2.18295	0.344506	1.49474	0.56494	0.278311	0.837379	-0.00869962	0.893702	0.604369	1.12078	0.12976	0.174836	1.70417	0.422783	0.192083	0.599649	0.574102	0.705956	0.337105	0.98074	0.115004	1.17919	0.306436	1.26137	0.167385
0.254119	-0.236212	0.0632582	1.96823	1.30326	2.18216	0.347067	1.50511	0.565426	0.290468	0.837368	-0.00363976	0.894749	0.621462	1.12101	0.135147	0.177777	1.73838	0.423122	0.20439	0.600644	0.590833	0.706544	0.351577	0.980941	0.119843	1.17972	0.317209	1.26166	0.17442
0.253751	-0.193823	0.0666352	1.9858	1.29953	2.18137	0.349647	1.51497	0.565932	0.302775	0.837367	0.00171359	0.895825	0.638193	1.12125	0.140536	0.180773	1.76947	0.423481	0.217181	0.601667	0.607088	0.707157	0.366222	0.98115	0.124693	1.18027	0.327923	1.26197	0.181555
0.253456	-0.150334	0.070041	2.00198	1.29581	2.18061	0.352242	1.52428	0.56646	0.315256	0.837374	0.00734442	0.896929	0.654507	1.12149	0.145928	0.18382	1.79768	0.423863	0.230444	0.602718	0.622822	0.707795	0.381028	0.981367	0.129626	1.18084	0.338517	1.26228	0.188707
0.253237	-0.105696	0.0734733	2.01689	1.29208	2.17977	0.354853	1.53311	0.567009	0.3279	0.837392	0.0132826	0.89806	0.670485	1.12174	0.151326	0.186913	1.82336	0.424269	0.244156	0.603795	0.638009	0.708459	0.395969	0.981593	0.134602	1.18143	0.348934	1.26261	0.195892
0.253095	-0.0599354	0.07693	2.03069	1.28836	2.17896	0.357479	1.5415	0.56758	0.340684	0.83742	0.019464	0.899219	0.686161	1.12201	0.156799	0.190048	1.84669	0.424697	0.258396	0.604897	0.652661	0.709148	0.411056	0.981827	0.139601	1.18203	0.359245	1.26295	0.203206
0.253033	-0.0129223	0.0804094	2.04342	1.28464	2.17815	0.359778	1.54838	0.568173	0.353623	0.837458	0.0258845	0.900404	0.70148	1.12228	0.162298	0.193221	1.86776	0.425151	0.273134	0.606024	0.6668	0.709863	0.426313	0.982069	0.144648	1.18265	0.369468	1.26331	0.210592
0.253051	0.0354203	0.0839096	2.05519	1.28092	2.17732	0.361746	1.55403	0.568788	0.36675	0.837508	0.0325352	0.901615	0.716519	1.12256	0.167786	0.196428	1.88687	0.42563	0.288312	0.607175	0.680407	0.710604	0.441723	0.982321	0.149727	1.18329	0.379515	1.26367	0.217997
0.253154	0.0851846	0.0874292	2.06612	1.2772	2.17647	0.363379	1.55852	0.569425	0.380067	0.837569	0.0393371	0.902851	0.731246	1.12285	0.173316	0.199666	1.90414	0.426136	0.303996	0.608348	0.693507	0.711371	0.457252	0.982581	0.154872	1.18395	0.389396	1.26405	0.225502
0.253342	0.13643	0.0909667	2.07622	1.27349	2.17557	0.364673	1.56193	0.570086	0.393517	0.837642	0.0463793	0.904113	0.745659	1.12315	0.178866	0.202932	1.91967	0.426669	0.320198	0.609543	0.706089	0.712166	0.47296	0.98285	0.160023	1.18462	0.39919	1.26444	0.233085
0.25362	0.189277	0.0945208	2.08552	1.26977	2.17469	0.365626	1.56446	0.570769	0.407169	0.837728	0.0535929	0.905398	0.759812	1.12346	0.184457	0.206223	1.93366	0.42723	0.336818	0.61076	0.71813	0.712987	0.488839	0.983127	0.165251	1.18531	0.408814	1.26485	0.240761
0.253989	0.243903	0.0980901	2.09415	1.26606	2.17381	0.366238	1.566	0.571477	0.421041	0.837825	0.0609632	0.906708	0.773697	1.12378	0.190067	0.209537	1.94616	0.427742	0.351739	0.611996	0.729647	0.713835	0.504874	0.983414	0.170506	1.18602	0.41828	1.26527	0.248499
0.254453	0.300415	0.101674	2.10218	1.26235	2.17292	0.367117	1.56806	0.572208	0.435043	0.837936	0.0685234	0.908041	0.787352	1.12411	0.195716	0.21287	1.95733	0.428196	0.36471	0.613252	0.740671	0.714711	0.521034	0.98371	0.175816	1.18674	0.427618	1.2657	0.2563
0.255015	0.358966	0.10527	2.10959	1.25864	2.17201	0.368074	1.57035	0.572963	0.449243	0.83806	0.0762156	0.909397	0.800736	1.12445	0.201382	0.216222	1.96728	0.428584	0.37568	0.614526	0.751206	0.715615	0.537385	0.984015	0.181175	1.18748	0.436761	1.26614	0.264225
0.255679	0.419739	0.108415	2.11559	1.25493	2.17105	0.369378	1.57341	0.573742	0.463654	0.838196	0.084048	0.910776	0.813884	1.1248	0.20708	0.21959	1.97603	0.4289	0.384522	0.615818	0.761195	0.716547	0.553869	0.984329	0.18657	1.18823	0.445762	1.2666	0.272214
0.256449	0.482911	0.111102	2.12041	1.25122	2.17011	0.37103	1.57706	0.574546	0.478237	0.838347	0.0919754	0.912177	0.826811	1.12516	0.212845	0.222972	1.98369	0.429136	0.390907	0.617126	0.770712	0.717507	0.570495	0.984652	0.192036	1.189	0.454603	1.26707	0.28033
0.257328	0.548592	0.113328	2.12419	1.24752	2.16917	0.373034	1.58133	0.575376	0.493043	0.83851	0.100031	0.9136	0.839479	1.12553	0.218616	0.226365	1.99034	0.42929	0.3951	0.61845	0.77978	0.718495	0.58728	0.984984	0.19752	1.18979	0.463247	1.26756	0.288516
0.258322	0.61694	0.115092	2.12703	1.24381	2.16815	0.375391	1.58606	0.57623	0.508047	0.838688	0.108218	0.915044	0.85194	1.12591	0.224402	0.22977	1.99601	0.429513	0.401357	0.61979	0.788323	0.719513	0.6042	0.985327	0.203104	1.19058	0.471745	1.26806	0.296778
0.259286	0.678776	0.11639	2.12913	1.24011	2.16717	0.378104	1.59111	0.577111	0.523199	0.83888	0.116483	0.91651	0.864173	1.12629	0.230279	0.233183	2.0008	0.42976	0.408075	0.621143	0.796431	0.720559	0.621265	0.985678	0.208699	1.1914	0.480075	1.26857	0.305193
0.260181	0.733232	0.117221	2.13038	1.23641	2.16619	0.380826	1.59577	0.578017	0.538583	0.839086	0.124842	0.917996	0.876196	1.12669	0.236153	0.236604	2.00471	0.430102	0.417222	0.62251	0.804106	0.721635	0.638435	0.986039	0.21432	1.19222	0.488193	1.2691	0.313668
0.260974	0.779504	0.118417	2.13216	1.23271	2.16517	0.383555	1.60002	0.57895	0.554187	0.839307	0.133328	0.919503	0.888047	1.1271	0.24202	0.240031	2.00784	0.430546	0.429043	0.62389	0.811346	0.72274	0.65575	0.98641	0.220052	1.19307	0.496133	1.26964	0.32226
0.261636	0.81678	0.119718	2.13407	1.22901	2.16412	0.386291	1.60388	0.57991	0.569981	0.839542	0.14188	0.921029	0.89968	1.12752	0.247997	0.243462	2.01024	0.4311	0.443612	0.625281	0.818152	0.723875	0.673173	0.986791	0.225822	1.19392	0.503905	1.2702	0.330963
0.262143	0.844791	0.121489	2.13649	1.22532	2.16307	0.389033	1.60739	0.580897	0.58597	0.839791	0.150505	0.922576	0.911122	1.12795	0.254008	0.246897	2.01184	0.431773	0.460968	0.626684	0.82452	0.725039	0.690687	0.987182	0.231604	1.19479	0.511464	1.27077	0.339766
0.262476	0.862894	0.123732	2.13951	1.22163	2.16202	0.391781	1.61056	0.581912	0.602163	0.840056	0.159213	0.924141	0.922368	1.12839	0.260026	0.250334	2.01277	0.432577	0.481313	0.628097	0.830509	0.726234	0.70832	0.987582	0.237473	1.19567	0.518845	1.27136	0.348706
0.262968	0.889095	0.126449	2.1429	1.21793	2.16091	0.394534	1.61336	0.582819	0.616448	0.840335	0.167962	0.925726	0.933409	1.12884	0.26612	0.253772	2.01304	0.433417	0.502163	0.629521	0.836111	0.727459	0.726069	0.987993	0.243392	1.19656	0.526053	1.27196	0.357734
0.263519	0.91804	0.129641	2.14667	1.21424	2.15981	0.397292	1.61578	0.583608	0.628662	0.840629	0.176794	0.92733	0.944286	1.1293	0.272242	0.25721	2.01269	0.434292	0.523451	0.630953	0.841374	0.728714	0.743862	0.988413	0.249351	1.19746	0.533043	1.27258	0.366876
0.264297	0.957898	0.133311	2.15069	1.21056	2.15872	0.400053	1.61782	0.584273	0.638952	0.840939	0.185668	0.928952	0.95496	1.12977	0.278357	0.260646	2.01174	0.435204	0.545176	0.632395	0.846265	0.729999	0.761682	0.988844	0.255387	1.19838	0.539841	1.27322	0.376184
0.265328	1.00923	0.136987	2.15437	1.20687	2.15759	0.402818	1.61959	0.584807	0.647047	0.841263	0.194626	0.930591	0.965477	1.13025	0.284584	0.264081	2.01018	0.436154	0.567366	0.633844	0.850849	0.731315	0.779619	0.989286	0.261456	1.19931	0.546443	1.27387	0.385576
0.266648	1.07255	0.140669	2.15776	1.20319	2.15645	0.405585	1.62103	0.585203	0.653045	0.841604	0.203628	0.932249	0.975801	1.13074	0.290846	0.267512	2.00804	0.437142	0.589975	0.635113	0.854601	0.732662	0.797605	0.989737	0.267589	1.20025	0.552837	1.27453	0.395076
0.2683	1.14822	0.144357	2.16088	1.19951	2.15528	0.408355	1.62206	0.585459	0.656946	0.841959	0.212657	0.933924	0.985925	1.13124	0.29712	0.27094	2.00539	0.438169	0.613009	0.636199	0.85761	0.73404	0.815562	0.9902	0.273788	1.2012	0.559002	1.27522	0.404729
0.270336	1.2364	0.14805	2.16371	1.19583	2.15412	0.411126	1.62282	0.585829	0.662511	0.84233	0.221801	0.935617	0.995899	1.13175	0.303476	0.274362	2.0022	0.439236	0.636474	0.6371	0.860007	0.735448	0.833587	0.990673	0.280058	1.20216	0.564957	1.27592	0.414502
0.272523	1.32543	0.151747	2.16627	1.19215	2.15291	0.413898	1.62329	0.586235	0.668636	0.842717	0.230928	0.937326	1.00569	1.13228	0.309876	0.277779	1.99851	0.440343	0.660369	0.637814	0.861894	0.736887	0.851624	0.991156	0.286346	1.20313	0.570737	1.27663	0.424392
0.274863	1.41457	0.155449	2.1686	1.18847	2.15166	0.41667	1.62344	0.586793	0.676951	0.843119	0.240082	0.939052	1.01532	1.13281	0.316298	0.281188	1.99434	0.441492	0.684635	0.638341	0.863042	0.738357	0.869623	0.991651	0.292669	1.2041	0.576294	1.27737	0.434391
0.277355	1.50294	0.159155	2.17073	1.1848	2.15047	0.419443	1.62329	0.587509	0.687513	0.843537	0.249354	0.940794	1.02479	1.13336	0.322768	0.284591	1.98969	0.442682	0.709272	0.638678	0.863813	0.739857	0.887608	0.992156	0.299127	1.20509	0.581652	1.27812	0.444546
0.279997	1.58956	0.162864	2.17262	1.18113	2.1492	0.422215	1.62285	0.588389	0.70042	0.84397	0.258611	0.942552	1.03407	1.13391	0.329331	0.287984	1.98464	0.443914	0.734342	0.639163	0.865073	0.741388	0.905565	0.992672	0.305605	1.20609	0.586796	1.27888	0.454829
0.282784	1.67353	0.166576	2.17429	1.17746	2.1479	0.424986	1.62213	0.589443	0.715649	0.84442	0.267903	0.944326	1.04317	1.13448	0.335959	0.291369	1.97911	0.44519	0.759753	0.639691	0.866257	0.74295	0.923465	0.9932	0.312122	1.2071	0.591698	1.27967	0.465243
0.285713	1.75415	0.17029	2.17577	1.17379	2.14666	0.427755	1.62112	0.59068	0.733307	0.844886	0.277262	0.946115	1.05214	1.13506	0.34259	0.294744	1.97313	0.44651	0.785488	0.64041	0.867832	0.744543	0.941252	0.993738	0.31872	1.20811	0.596427	1.28047	0.475795
0.288776	1.83067	0.174007	2.17709	1.17013	2.14536	0.430523	1.61988	0.591947	0.751173	0.845367	0.286635	0.94792	1.06093	1.13565	0.349291	0.298109	1.96679	0.447873	0.811541	0.641321	0.869749	0.745955	0.956764	0.994288	0.325353	1.20913	0.600932	1.28129	0.486439
0.291966	1.90257	0.177726	2.17822	1.16646	2.144	0.433288	1.61839	0.593246	0.769175	0.845865	0.296033	0.949739	1.06952	1.13625	0.35607	0.301462	1.9601	0.449281	0.837938	0.642426	0.871966	0.747177	0.969876	0.99485	0.332058	1.21016	0.605238	1.28213	0.497203
0.295275	1.9696	0.181447	2.17916	1.1628	2.14264	0.436051	1.61665	0.594575	0.787306	0.846378	0.305483	0.951573	1.07797	1.13687	0.36288	0.304804	1.953	0.450735	0.8646	0.643726	0.874466	0.7482	0.980658	0.995423	0.338845	1.2112	0.60933	1.28299	0.508145
0.298693	2.03149	0.18517	2.17997	1.15914	2.14128	0.43881	1.61467	0.595935	0.805657	0.846908	0.314973	0.953421	1.08627	1.13749	0.369753	0.308133	1.94559	0.452235	0.891518	0.645222	0.877148	0.749017	0.989261	0.996007	0.345671	1.21225	0.613183	1.28387	0.519198
0.302213	2.08822	0.188893	2.18065	1.15549	2.13993	0.441566	1.61247	0.597327	0.824118	0.847454	0.324483	0.955283	1.09439	1.13813	0.376689	0.311449	1.93786	0.45378	0.91875	0.646722	0.879696	0.749623	0.995425	0.996603	0.352576	1.2133	0.616865	1.28477	0.530347
0.305826	2.14001	0.192618	2.18115	1.15183	2.13852	0.444318	1.6101	0.59875	0.842726	0.848016	0.334031	0.957159	1.10234	1.13878	0.383691	0.314752	1.92978	0.455373	0.94617	0.648226	0.882084	0.750012	0.999413	0.997211	0.359515	1.21435	0.620329	1.28568	0.541627
0.309523	2.18699	0.196343	2.18149	1.14818	2.13706	0.447065	1.60753	0.600205	0.86147	0.848595	0.343595	0.959049	1.11013	1.13944	0.390763	0.318041	1.92147	0.457012	0.973777	0.649735	0.884361	0.750575	1.00526	0.997831	0.366522	1.21542	0.623606	1.28662	0.553044
0.313296	2.22939	0.200069	2.18169	1.14454	2.13563	0.449809	1.60478	0.601692	0.880313	0.84919	0.35319	0.960951	1.11778	1.14012	0.397911	0.321315	1.91293	0.458699	1.00154	0.651247	0.886552	0.75119	1.01144	0.998463	0.373603	1.21648	0.626692	1.28757	0.564551
0.317138	2.26758	0.203795	2.18179	1.14089	2.13419	0.452547	1.60186	0.603212	0.899298	0.849722	0.361608	0.962866	1.12522	1.1408	0.405089	0.324575	1.9041	0.460433	1.02947	0.652763	0.888638	0.752032	1.01978	0.999107	0.380708	1.21756	0.629583	1.28854	0.576174
0.321041	2.30187	0.207521	2.18178	1.13725	2.13266	0.45528	1.5988	0.604764	0.918354	0.850185	0.368826	0.964794	1.13249	1.1415	0.412326	0.327819	1.89508	0.462215	1.05755	0.654282	0.890702	0.753107	1.03033	0.999764	0.387924	1.21863	0.632271	1.28954	0.587907
0.325	2.3326	0.211247	2.18162	1.1336	2.13117	0.458008	1.59562	0.606349	0.937508	0.850575	0.374697	0.966735	1.13966	1.14221	0.419681	0.331048	1.88592	0.464045	1.08567	0.655805	0.892725	0.754423	1.04308	1.00043	0.395175	1.21972	0.6348	1.29055	0.599736
0.329009	2.36007	0.214973	2.18132	1.12997	2.12966	0.46073	1.5923	0.607966	0.956741	0.850888	0.379401	0.968687	1.14664	1.14293	0.427088	0.334261	1.87661	0.465923	1.11385	0.657332	0.894665	0.755986	1.05788	1.00111	0.402497	1.2208	0.637133	1.29159	0.611696
0.333061	2.38464	0.218698	2.18092	1.12633	2.12807	0.463447	1.58888	0.609617	0.976046	0.85112	0.382912	0.970651	1.15342	1.14367	0.434535	0.337457	1.86713	0.46785	1.14205	0.658861	0.896656	0.757807	1.07468	1.00181	0.409899	1.22189	0.639261	1.29264	0.623729
0.337154	2.40655	0.222422	2.18045	1.1227	2.1265	0.466157	1.58543	0.6113	0.995385	0.85127	0.385148	0.972627	1.16004	1.14442	0.442062	0.340638	1.85759	0.469824	1.17026	0.660394	0.898673	0.759657	1.09135	1.00251	0.417337	1.22299	0.641289	1.29372	0.635848
0.341281	2.42604	0.226146	2.17984	1.11907	2.12491	0.468862	1.58188	0.613016	1.01474	0.851487	0.388369	0.974613	1.16653	1.14518	0.449688	0.343802	1.84802	0.471847	1.19839	0.661931	0.900672	0.761535	1.10776	1.00323	0.424845	1.22408	0.643116	1.29481	0.648078
0.34544	2.44347	0.229868	2.17913	1.11544	2.12328	0.47156	1.57828	0.614766	1.03411	0.851725	0.391831	0.976611	1.17284	1.14595	0.45739	0.34695	1.83838	0.473918	1.22641	0.663471	0.902755	0.763441	1.12395	1.00396	0.432434	1.22518	0.644789	1.29593	0.660343
0.349627	2.45893	0.233589	2.17834	1.11182	2.12161	0.474253	1.57472	0.616549	1.05348	0.852052	0.396558	0.978619	1.17895	1.14674	0.465116	0.350082	1.82876	0.476036	1.25435	0.665014	0.904879	0.765374	1.13997	1.00471	0.440061	1.22628	0.646342	1.29707	0.67268
0.353839	2.47266	0.237308	2.17742	1.10819	2.11996	0.476939	1.57114	0.618364	1.07288	0.852471	0.402538	0.980378	1.18419	1.14754	0.472956	0.353197	1.81918	0.478202	1.28209	0.666561	0.907087	0.767334	1.15572	1.00547	0.447762	1.22739	0.647713	1.29823	0.685097
0.358073	2.48482	0.241026	2.17641	1.10457	2.11827	0.479619	1.56759	0.620213	1.09224	0.852987	0.409828	0.981883	1.18851	1.14836	0.480898	0.356295	1.80966	0.480415	1.30964	0.668112	0.909428	0.769321	1.1712	1.00624	0.45555	1.2285	0.64897	1.29941	0.697549
0.362326	2.49554	0.244742	2.17531	1.10096	2.11656	0.482293	1.56405	0.622095	1.11152	0.853603	0.418403	0.983132	1.19206	1.14918	0.48892	0.359378	1.80028	0.482675	1.33701	0.669668	0.911806	0.771335	1.18647	1.00692	0.462381	1.22961	0.650121	1.30061	0.710075
0.366597	2.50502	0.248456	2.17414	1.09734	2.11481	0.484961	1.56057	0.62401	1.13075	0.854326	0.428243	0.984122	1.19484	1.15003	0.496979	0.362444	1.79102	0.484982	1.36406	0.671227	0.914326	0.773374	1.20147	1.00751	0.468236	1.23072	0.651125	1.30183	0.722622
0.370883	2.51335	0.252168	2.17288	1.09373	2.11303	0.487624	1.55726	0.625957	1.1499	0.855066	0.438146	0.984851	1.19674	1.15088	0.505113	0.365495	1.7819	0.487334	1.39077	0.672791	0.916979	0.775439	1.21621	1.00801	0.473148	1.23183	0.652018	1.30308	0.735213
0.375182	2.52058	0.255878	2.17147	1.09013	2.11128	0.49028	1.55402	0.627937	1.16894	0.855822	0.44805	0.985319	1.198	1.15175	0.513394	0.368531	1.773	0.489732	1.41716	0.674359	0.91976	0.777528	1.23064	1.0084	0.47693	1.23294	0.652814	1.30435	0.747829
0.379492	2.52682	0.259585	2.17003	1.08652	2.10944	0.492932	1.55092	0.62995	1.1879	0.856596	0.457984	0.985991	1.19985	1.15264	0.521723	0.371551	1.76435	0.492175	1.44319	0.675932	0.922729	0.779642	1.24478	1.00869	0.479842	1.23406	0.653538	1.30563	0.760432
0.383812	2.53217	0.26329	2.16853	1.08292	2.10756	0.495578	1.54801	0.631995	1.20673	0.857387	0.467997	0.986724	1.20178	1.15353	0.530149	0.374557	1.75593	0.494662	1.46878	0.677511	0.925792	0.78178	1.2587	1.00888	0.481719	1.23518	0.654182	1.30694	0.773072
0.388141	2.53671	0.266992	2.16691	1.07932	2.10573	0.498219	1.54528	0.634072	1.22537	0.858195	0.478048	0.987722	1.20438	1.15445	0.538644	0.377549	1.74783	0.497192	1.49392	0.679094	0.929057	0.783941	1.27228	1.00915	0.48433	1.23629	0.654728	1.30827	0.785726
0.392477	2.54046	0.270691	2.16521	1.07573	2.10385	0.500856	1.5428	0.63618	1.24385	0.85902	0.488087	0.988987	1.20761	1.15537	0.547216	0.380527	1.74003	0.499764	1.51862	0.680684	0.932515	0.786126	1.28554	1.00945	0.487235	1.23741	0.6552	1.30963	0.798342
0.396818	2.54345	0.274388	2.16346	1.07214	2.10189	0.503489	1.54054	0.63832	1.26219	0.859862	0.498183	0.990522	1.2114	1.15631	0.555941	0.383492	1.73254	0.502379	1.5428	0.68228	0.936101	0.788332	1.29851	1.00985	0.491107	1.23853	0.65565	1.311	0.810948
0.401164	2.54581	0.278081	2.16162	1.06855	2.09995	0.506118	1.53855	0.640491	1.2803	0.860721	0.508307	0.992328	1.21572	1.15727	0.564726	0.386445	1.72545	0.505034	1.56643	0.683881	0.939906	0.790561	1.31122	1.01037	0.496113	1.23965	0.656054	1.3124	0.823532
0.405514	2.54749	0.281771	2.15969	1.06497	2.09798	0.508744	1.53687	0.642693	1.29821	0.861598	0.518506	0.994408	1.22057	1.15824	0.573567	0.389386	1.71875	0.507729	1.58948	0.68549	0.943944	0.792811	1.32361	1.011	0.50224	1.24077	0.656367	1.31381	0.836071
0.409866	2.54851	0.285458	2.1577	1.06138	2.09598	0.511367	1.53553	0.644926	1.31586	0.862492	0.528744	0.996497	1.22526	1.1591	0.581394	0.392315	1.71243	0.510463	1.61199	0.687106	0.94813	0.795082	1.33562	1.01176	0.509385	1.24189	0.656684	1.31525	0.848584
0.414219	2.54896	0.289141	2.15565	1.05781	2.09394	0.513989	1.53456	0.647188	1.33326	0.863404	0.53897	0.998593	1.22974	1.15985	0.588097	0.395235	1.70654	0.513235	1.63393	0.688728	0.952544	0.797373	1.34738	1.01263	0.517671	1.24302	0.657008	1.31671	0.861043
0.418572	2.54884	0.292821	2.15351	1.05423	2.09186	0.516609	1.53394	0.64948	1.35047	0.864333	0.549282	1.0007	1.23405	1.16046	0.593655	0.398144	1.70106	0.516044	1.6552	0.690359	0.957165	0.799684	1.35884	1.01352	0.526054	1.24414	0.657284	1.31819	0.873397
0.422925	2.54814	0.296497	2.15133	1.05066	2.08979	0.519228	1.53379	0.651801	1.36737	0.86528	0.559638	1.00281	1.23822	1.16096	0.598073	0.401045	1.69603	0.518889	1.67584	0.691998	0.961983	0.802014	1.36995	1.01443	0.534516	1.24526	0.657528	1.3197	0.885723
0.427276	2.54682	0.300169	2.14906	1.04709	2.0877	0.521848	1.53409	0.65415	1.38396	0.866245	0.570016	1.00493	1.24216	1.16133	0.601422	0.403937	1.69151	0.521768	1.69584	0.693645	0.967053	0.804363	1.3808	1.01535	0.543019	1.24638	0.657828	1.32122	0.897996
0.431624	2.54499	0.303837	2.14669	1.04353	2.0855	0.524468	1.53482	0.656528	1.40024	0.867227	0.580466	1.00705	1.24596	1.16156	0.603581	0.406823	1.68739	0.524681	1.71522	0.695301	0.972343	0.806731	1.3913	1.01629	0.551603	1.24736	0.658068	1.32276	0.910161
0.435968	2.54262	0.307501	2.14429	1.03997	2.08333	0.52709	1.53612	0.658933	1.41625	0.868227	0.590984	1.00918	1.24962	1.1619	0.606618	0.409701	1.68375	0.527627	1.73389	0.696966	0.977835	0.809115	1.40147	1.01723	0.56029	1.2482	0.65828	1.32433	0.922235
0.440308	2.53964	0.311161	2.14186	1.03641	2.08115	0.529715	1.53797	0.661365	1.43195	0.869246	0.601504	1.01132	1.25309	1.16227	0.609874	0.412574	1.68063	0.530604	1.75188	0.698641	0.983553	0.811517	1.41138	1.0182	0.568998	1.24889	0.65848	1.32591	0.934188
0.444643	2.53608	0.314817	2.13931	1.03286	2.07891	0.532343	1.54036	0.663824	1.44727	0.870282	0.612057	1.01346	1.25634	1.16278	0.614383	0.415441	1.67795	0.533611	1.76924	0.700326	0.989507	0.813936	1.42095	1.01918	0.577809	1.24944	0.658587	1.32752	0.946087
0.448971	2.53197	0.318468	2.13671	1.02931	2.07664	0.534976	1.54337	0.666308	1.46226	0.871336	0.622719	1.01561	1.25942	1.16343	0.620167	0.418305	1.67572	0.536647	1.78584	0.702021	0.995702	0.816371	1.43022	1.02017	0.586702	1.24984	0.658788	1.32914	0.957874
0.453291	2.52726	0.322115	2.1341	1.02577	2.07433	0.537615	1.54705	0.668818	1.47693	0.872409	0.633404	1.01776	1.26239	1.16422	0.62717	0.421165	1.67398	0.53971	1.80179	0.703727	1.00214	0.818821	1.43919	1.02118	0.595636	1.25009	0.658863	1.33079	0.969503
0.457603	2.52193	0.325758	2.13141	1.02223	2.07201	0.54026	1.55143	0.671353	1.49124	0.8735	0.644132	1.01992	1.26514	1.16516	0.63551	0.424023	1.67274	0.542801	1.8171	0.705444	1.00877	0.821287	1.44786	1.02221	0.604684	1.25046	0.658887	1.33224	0.979573
0.461905	2.51599	0.329395	2.12861	1.01869	2.06966	0.542914	1.55652	0.673912	1.50516	0.874609	0.654912	1.02209	1.26772	1.16625	0.64512	0.426879	1.67191	0.545917	1.83168	0.707172	1.01567	0.823767	1.45621	1.02325	0.61382	1.25087	0.65904	1.33349	0.988101
0.466197	2.50936	0.333028	2.12581	1.01516	2.06725	0.545577	1.56238	0.676494	1.51872	0.875737	0.665781	1.02425	1.27013	1.16736	0.654846	0.429733	1.67155	0.549057	1.84557	0.708913	1.02284	0.826261	1.46426	1.0243	0.622999	1.25141	0.659237	1.33453	0.995092
0.470476	2.50209	0.336657	2.12296	1.01163	2.06485	0.548251	1.56903	0.679099	1.53191	0.876883	0.676693	1.02642	1.27235	1.16849	0.664661	0.432588	1.67165	0.552221	1.85879	0.710666	1.03019	0.828768	1.47206	1.02538	0.632262	1.2521	0.659493	1.33536	1.00059
0.474743	2.49409	0.34028	2.12005	1.00811	2.06239	0.550936	1.5765	0.681727	1.54472	0.878048	0.687659	1.0286	1.27442	1.16963	0.674582	0.435443	1.67217	0.555406	1.87135	0.712432	1.0378	0.831289	1.47955	1.02646	0.641598	1.25294	0.659837	1.33597	1.00458
0.478995	2.48535	0.343898	2.11711	1.00459	2.05989	0.553635	1.58487	0.684376	1.55713	0.879232	0.698681	1.03078	1.27632	1.17079	0.684588	0.4383	1.67314	0.558613	1.8832	0.714211	1.04566	0.833822	1.48673	1.02757	0.651033	1.25392	0.660241	1.33636	1.00709
0.483232	2.47585	0.347511	2.11409	1.00107	2.05737	0.55635	1.59417	0.687045	1.56916	0.880435	0.709764	1.03296	1.27802	1.17197	0.694728	0.441158	1.67449	0.561839	1.89442	0.716003	1.05377	0.836367	1.49363	1.02869	0.660547	1.25505	0.660726	1.33693	1.01081
0.487452	2.46555	0.351119	2.11104	0.997559	2.05479	0.55908	1.60442	0.689735	1.5808	0.881656	0.720938	1.03514	1.27955	1.17316	0.704967	0.444019	1.67625	0.565083	1.90504	0.71781	1.06213	0.838923	1.50024	1.02982	0.670102	1.25618	0.661309	1.33755	1.01479
0.491654	2.45446	0.354722	2.10793	0.994052	2.05225	0.56183	1.61567	0.692445	1.59207	0.882897	0.732127	1.03733	1.28093	1.17438	0.715318	0.446883	1.67839	0.568346	1.91493	0.719631	1.0707	0.841491	1.50654	1.03098	0.679769	1.25731	0.661941	1.33839	1.0201
0.495836	2.44245	0.358319	2.1048	0.99055	2.04963	0.564599	1.62795	0.695173	1.60294	0.884157	0.743417	1.03952	1.28212	1.17561	0.725754	0.449752	1.68092	0.571624	1.92418	0.721467	1.07954	0.844069	1.51263	1.03215	0.689555	1.25844	0.662629	1.33946	1.0269
0.499996	2.42954	0.361911	2.10165	0.987051	2.04694	0.56739	1.6413	0.69792	1.61338	0.885436	0.754756	1.04171	1.28317	1.17686	0.736265	0.452625	1.68383	0.574918	1.93286	0.723318	1.08866	0.846658	1.51844	1.03333	0.699369	1.25957	0.663375	1.34077	1.03493
0.504134	2.41578	0.365497	2.09844	0.983558	2.04427	0.570205	1.65578	0.700684	1.62347	0.886735	0.766152	1.0439	1.28404	1.17812	0.746906	0.455503	1.68704	0.578226	1.94091	0.725185	1.09799	0.849256	1.52394	1.03453	0.709259	1.26071	0.664212	1.34232	1.04431
0.508248	2.40101	0.369078	2.09519	0.980069	2.04153	0.573046	1.67134	0.703465	1.63318	0.888053	0.777638	1.04609	1.28473	1.17941	0.757612	0.458387	1.69063	0.581547	1.94831	0.727069	1.10754	0.851863	1.52916	1.03575	0.719249	1.26184	0.665157	1.34411	1.05494
0.512335	2.38524	0.372654	2.09193	0.976585	2.03879	0.575914	1.68807	0.706262	1.64249	0.889391	0.789199	1.04829	1.28525	1.18071	0.768443	0.461278	1.6945	0.584881	1.95511	0.728968	1.11736	0.854479	1.53416	1.03699	0.72932	1.26298	0.666125	1.34592	1.06542
0.516395	2.36853	0.376224	2.08863	0.973105	2.03602	0.578812	1.70597	0.709075	1.65139	0.890749	0.80083	1.05048	1.28561	1.18203	0.779399	0.464175	1.69866	0.588225	1.96135	0.730885	1.12744	0.857103	1.53889	1.03824	0.739493	1.26412	0.667196	1.34775	1.07574
0.520425	2.3508	0.379788	2.0853	0.96963	2.03314	0.581741	1.725	0.711903	1.6599	0.892126	0.812494	1.05268	1.28585	1.18337	0.790417	0.46708	1.70313	0.59158	1.96701	0.732819	1.13778	0.859735	1.54335	1.03952	0.749718	1.26526	0.668351	1.3496	1.08591
0.524424	2.33206	0.383346	2.08197	0.966161	2.0303	0.584704	1.74523	0.714745	1.66808	0.893524	0.824269	1.05488	1.28591	1.18473	0.801528	0.469992	1.70787	0.594944	1.97207	0.734771	1.14833	0.862375	1.5476	1.04081	0.760029	1.2664	0.669579	1.35146	1.09592
0.528391	2.31235	0.386899	2.0786	0.962696	2.0274	0.587702	1.76661	0.717601	1.67585	0.894942	0.836099	1.05707	1.28578	1.18611	0.812747	0.472913	1.71287	0.598316	1.97655	0.736742	1.15917	0.865021	1.55152	1.04211	0.770447	1.26755	0.670935	1.35334	1.10578
0.532322	2.2917	0.390446	2.07518	0.959236	2.02445	0.590738	1.78909	0.720469	1.68324	0.89638	0.848019	1.05927	1.28553	1.18751	0.824052	0.475843	1.71806	0.601695	1.98049	0.738731	1.17026	0.867674	1.55524	1.04344	0.780948	1.26869	0.672356	1.35524	1.11548
0.536218	2.27007	0.393987	2.0718	0.955781	2.02152	0.593813	1.81262	0.72335	1.69027	0.897838	0.860014	1.06146	1.28513	1.18892	0.83543	0.478782	1.72354	0.605081	1.98389	0.740739	1.18156	0.870333	1.55874	1.04478	0.791522	1.26984	0.673841	1.35715	1.125
0.540076	2.24759	0.397523	2.06841	0.952331	2.01851	0.596929	1.83717	0.726242	1.69692	0.899317	0.872046	1.06366	1.28459	1.19036	0.846907	0.48173	1.72921	0.608471	1.98676	0.742767	1.19312	0.872998	1.56198	1.04614	0.802133	1.27099	0.675418	1.35908	1.13437
0.543895	2.22431	0.401052	2.06498	0.948886	2.01545	0.600088	1.86263	0.729146	1.70324	0.900817	0.884191	1.06585	1.28391	1.19182	0.858464	0.484688	1.73505	0.611867	1.98909	0.744814	1.20494	0.875668	1.56499	1.04752	0.812885	1.27215	0.677136	1.36102	1.14358
0.547674	2.20032	0.404576	2.06157	0.945447	2.01238	0.603291	1.88888	0.73206	1.70919	0.902337	0.896423	1.06804	1.28311	1.19329	0.870061	0.487656	1.74107	0.615265	1.99091	0.746882	1.21701	0.878344	1.56776	1.04892	0.823709	1.27331	0.678923	1.36298	1.15264
0.551411	2.17576	0.408094	2.05816	0.942013	2.00926	0.60654	1.91587	0.734984	1.71476	0.903879	0.908697	1.07023	1.28216	1.19479	0.881771	0.490635	1.7473	0.618667	1.99222	0.748971	1.22932	0.881023	1.57033	1.05033	0.834568	1.27447	0.680776	1.36496	1.16153
0.555105	2.1507	0.411606	2.05475	0.938584	2.00611	0.609835	1.94342	0.737917	1.71999	0.905441	0.921056	1.07242	1.28106	1.19631	0.893569	0.493624	1.75366	0.62207	1.99303	0.751081	1.24189	0.883707	1.57263	1.05177	0.845569	1.27563	0.682755	1.36695	1.17025
0.558757	2.12526	0.415112	2.05131	0.935161	2.00291	0.613178	1.9714	0.740859	1.72493	0.907025	0.933549	1.07461	1.27983	1.19784	0.90541	0.496625	1.76015	0.625474	1.99337	0.753213	1.2547	0.886395	1.57474	1.05322	0.856609	1.2768	0.684797	1.36896	1.17879
0.562364	2.09964	0.418612	2.04789	0.931743	1.99968	0.616569	1.99966	0.743809	1.7295	0.90863	0.946048	1.07679	1.2785	1.1994	0.917304	0.499637	1.7668	0.628879	1.99321	0.755367	1.26773	0.889086	1.57666	1.05469	0.867731	1.27797	0.686963	1.37098	1.1872
0.565928	2.07398	0.422107	2.04451	0.92833	1.99643	0.620008	2.02803	0.746766	1.73374	0.910256	0.958642	1.07898	1.2771	1.20097	0.929255	0.50266	1.77353	0.632283	1.99256	0.757543	1.28099	0.89178	1.57834	1.05619	0.878956	1.27915	0.689222	1.37301	1.19543
0.569448	2.04843	0.425596	2.04111	0.924924	1.99315	0.623496	2.05632	0.749731	1.73771	0.911904	0.971315	1.08116	1.27556	1.20257	0.941266	0.505694	1.78037	0.635685	1.9915	0.759742	1.29453	0.894477	1.57982	1.0577	0.890233	1.28033	0.691559	1.37506	1.20348
0.572925	2.02312	0.429079	2.03775	0.921522	1.98981	0.627032	2.08443	0.752702	1.74131	0.913574	0.984058	1.08333	1.27389	1.20419	0.953338	0.508741	1.78731	0.639085	1.98998	0.761965	1.30829	0.897176	1.58109	1.05923	0.901597	1.28151	0.693996	1.37712	1.2114
0.576359	1.99821	0.432556	2.03442	0.918127	1.98641	0.630615	2.1122	0.755678	1.74463	0.915265	0.996898	1.08551	1.27216	1.20583	0.96544	0.511799	1.79434	0.642482	1.98798	0.764211	1.32223	0.899878	1.58216	1.06078	0.913036	1.2827	0.696514	1.3792	1.21917
0.57975	1.9739	0.436028	2.03109	0.914738	1.98302	0.634246	2.13939	0.758661	1.74765	0.916979	1.00979	1.08768	1.27033	1.20749	0.977558	0.51487	1.80139	0.645875	1.98556	0.766481	1.33641	0.902581	1.58307	1.06234	0.924543	1.28389	0.699136	1.38129	1.22674
0.583101	1.95026	0.439493	2.02781	0.911354	1.97957	0.637923	2.16595	0.761648	1.75036	0.918715	1.02279	1.08985	1.2684	1.20917	0.989745	0.517952	1.80853	0.649264	1.98277	0.768776	1.35086	0.905285	1.5838	1.06393	0.936115	1.28508	0.701839	1.38339	1.23414
0.586412	1.92743	0.442954	2.02457	0.907976	1.97608	0.641644	2.1918	0.764639	1.75284	0.920472	1.03583	1.09201	1.26641	1.21087	1.00197	0.521047	1.81575	0.652647	1.97954	0.771095	1.36546	0.90799	1.58432	1.06554	0.947751	1.28628	0.704645	1.3855	1.24141
0.589684	1.90551	0.446409	2.0213	0.904604	1.97257	0.645409	2.21673	0.767635	1.755	0.922253	1.04894	1.09417	1.26436	1.21259	1.01417	0.524154	1.82295	0.656025	1.97589	0.773439	1.38027	0.910696	1.58464	1.06717	0.95945	1.28749	0.707565	1.38763	1.24853
0.59292	1.88459	0.449858	2.01809	0.901238	1.96901	0.649216	2.24068	0.770634	1.75692	0.924055	1.06214	1.09633	1.26229	1.21433	1.02638	0.527273	1.83018	0.659396	1.9719	0.77581	1.3953	0.913403	1.58483	1.06882	0.97121	1.2887	0.710541	1.38977	1.25547
0.596121	1.86472	0.453302	2.01494	0.897879	1.96542	0.653063	2.26367	0.773636	1.75859	0.92588	1.07537	1.09848	1.26011	1.2161	1.0386	0.530405	1.83744	0.662761	1.96755	0.778205	1.41048	0.91611	1.58484	1.07049	0.983033	1.28992	0.713577	1.39192	1.26225
0.59929	1.84597	0.45674	2.01185	0.894525	1.96177	0.656948	2.2856	0.77664	1.75998	0.927728	1.08867	1.10063	1.25787	1.21788	1.05082	0.533549	1.84472	0.666117	1.96281	0.780627	1.42588	0.918816	1.58468	1.07218	0.994918	1.29114	0.716735	1.39408	1.26889
0.602427	1.82836	0.460174	2.00878	0.891178	1.95812	0.660869	2.30637	0.779647	1.76117	0.929599	1.10207	1.10278	1.25564	1.21968	1.06302	0.536706	1.85199	0.669465	1.95771	0.783076	1.44144	0.921522	1.58439	1.07389	1.00686	1.29237	0.719986	1.39625	1.27534
0.605535	1.81191	0.463602	2.00573	0.887837	1.95442	0.664826	2.32605	0.782656	1.76211	0.931493	1.11551	1.10492	1.25334	1.22151	1.07525	0.539875	1.85921	0.672804	1.95235	0.785551	1.45714	0.924228	1.58393	1.07562	1.01884	1.2936	0.723344	1.39844	1.28166
0.608615	1.79663	0.467024	2.00276	0.884502	1.95067	0.668814	2.34461	0.785666	1.76282	0.933409	1.12901	1.10706	1.25105	1.22336	1.08743	0.543057	1.86647	0.676133	1.94666	0.788053	1.47294	0.926932	1.58333	1.07737	1.0309	1.29484	0.726757	1.40063	1.28479
0.611671	1.78248	0.470442	1.99987	0.881174	1.94688	0.672834	2.36203	0.788677	1.76337	0.935349	1.14254	1.10919	1.24873	1.22522	1.09953	0.54625	1.87369	0.679453	1.94063	0.790582	1.48892	0.929636	1.5826	1.07914	1.04296	1.29608	0.730227		
0.614704	1.76944	0.473855	1.99701	0.877853	1.94307	0.676882	2.37836	0.791689	1.7637	0.937312	1.15612	1.11133	1.24639	1.22711	1.11164	0.549456	1.88086	0.682762	1.93437	0.793138	1.50502	0.932338	1.58174	1.08093	1.05506	1.29733	0.733819		
0.617715	1.75753	0.477263	1.99415	0.874537	1.93924	0.680958	2.39367	0.794701	1.76384	0.939298	1.16974	1.11345	1.24411	1.22902	1.12373	0.552675	1.88804	0.68606	1.92786	0.795722	1.52118	0.935039	1.58075	1.08274	1.06724	1.29859	0.737503		
0.620707	1.74666	0.480667	1.99139	0.871229	1.93534	0.685058	2.40789	0.797714	1.76381	0.941307	1.18343	1.11557	1.24179	1.23095	1.13569	0.555905	1.89512	0.689347	1.92108	0.798334	1.53746	0.937737	1.57967	1.08457	1.07942	1.29985	0.741264		
0.623681	1.7368	0.484065	1.98871	0.867927	1.93145	0.689182	2.42109	0.800726	1.76365	0.94334	1.19714	1.11769	1.23949	1.2329	1.14761	0.559148	1.90216	0.692622	1.91407	0.800974	1.55381	0.940434	1.57845	1.08643	1.09161	1.30112	0.745095		
0.626639	1.72796	0.487459	1.98607	0.864632	1.9275	0.693328	2.43336	0.803738	1.76331	0.945396	1.21087	1.11981	1.23726	1.23487	1.15951	0.562402	1.90918	0.695885	1.90688	0.803641	1.57018	0.943129	1.57712	1.0883	1.10383	1.30239	0.748991		
0.629583	1.72002	0.490849	1.98352	0.861343	1.9235	0.697494	2.44463	0.806749	1.76284	0.947476	1.22463	1.12192	1.23502	1.23686	1.17128	0.565669	1.9161	0.699135	1.89951	0.806337	1.5866	0.945821	1.57572	1.0902	1.11611	1.30368	0.752982		
0.632514	1.71292	0.494234	1.981	0.858062	1.91946	0.701678	2.45506	0.809759	1.76226	0.949579	1.23842	1.12403	1.23282	1.23887	1.18296	0.568947	1.92296	0.702373	1.89195	0.809061	1.60301	0.948511	1.57421	1.09211	1.12834	1.30497	0.757051		
0.635434	1.70671	0.497615	1.97853	0.854787	1.91542	0.705879	2.46464	0.812768	1.76157	0.951706	1.25221	1.12613	1.2307	1.2409	1.19458	0.572237	1.92976	0.705597	1.88428	0.811812	1.61942	0.951198	1.57265	1.09405	1.14061	1.30626	0.761221		
0.638344	1.70128	0.500992	1.97619	0.851519	1.91135	0.710096	2.47337	0.815776	1.76079	0.953856	1.26598	1.12823	1.22865	1.24295	1.20609	0.575539	1.93644	0.708809	1.87648	0.814592	1.63582	0.953882	1.57101	1.09601	1.15288	1.30757	0.765441		
0.641245	1.69656	0.504365	1.97387	0.848259	1.90723	0.714327	2.48135	0.818782	1.75994	0.95603	1.2798	1.13033	1.22664	1.24502	1.21751	0.578851	1.9431	0.712007	1.86858	0.8174	1.65217	0.956564	1.56932	1.09799	1.16511	1.30888	0.769718		
0.644139	1.69253	0.507734	1.97159	0.845005	1.90309	0.718572	2.48859	0.821787	1.75898	0.958228	1.29361	1.13242	1.2247	1.24711	1.22878	0.582175	1.94967	0.715191	1.86065	0.820235	1.66842	0.959243	1.56755	1.09999	1.17735	1.3102	0.774147		
0.647026	1.68918	0.5111	1.96944	0.841758	1.89889	0.722828	2.49512	0.82479	1.75804	0.960449	1.30735	1.13451	1.22283	1.24922	1.23993	0.585511	1.95612	0.718362	1.85259	0.823098	1.68462	0.961918	1.56573	1.10201	1.18957	1.31152	0.77859		
0.649908	1.68642	0.514461	1.96734	0.838519	1.8947	0.727094	2.50098	0.827792	1.75708	0.962693	1.32113	1.1366	1.22107	1.25135	1.25096	0.588857	1.9625	0.721519	1.84451	0.825989	1.70067	0.964591	1.5639	1.10405	1.20178	1.31286	0.783102		
0.652786	1.68421	0.517819	1.9653	0.835287	1.89045	0.73137	2.50617	0.830792	1.75607	0.964961	1.33486	1.13868	1.21944	1.25349	1.26185	0.592214	1.96878	0.724662	1.83648	0.828907	1.71659	0.96726	1.56202	1.10612	1.21395	1.3142	0.787741		
0.655661	1.68254	0.521174	1.96335	0.832062	1.88618	0.735654	2.51072	0.83379	1.75507	0.967252	1.34853	1.14076	1.21785	1.25566	1.27262	0.595582	1.97499	0.727792	1.8284	0.831853	1.73239	0.969926	1.56012	1.1082	1.22607	1.31555	0.792412		
0.658533	1.68137	0.524525	1.96141	0.828844	1.88191	0.739946	2.51473	0.836787	1.75407	0.969567	1.36217	1.14284	1.21638	1.25784	1.28324	0.59896	1.98109	0.730907	1.82038	0.834825	1.74799	0.972589	1.55821	1.1103	1.23816	1.3169	0.797162		
0.661404	1.68063	0.527874	1.95958	0.825634	1.87757	0.744244	2.51815	0.839781	1.75314	0.971905	1.37578	1.14492	1.21505	1.26004	1.29369	0.602348	1.98709	0.734009	1.8124	0.837823	1.7634	0.975248	1.55633	1.11243	1.25019	1.31827	0.801982		
0.664274	1.68032	0.531219	1.95783	0.822431	1.87322	0.748547	2.52098	0.842775	1.75231	0.974266	1.38929	1.14699	1.21383	1.26226	1.30398	0.605747	1.99296	0.737098	1.80448	0.840848	1.7786	0.977905	1.55443	1.11457	1.26214	1.31964	0.806869		
0.667143	1.68044	0.534561	1.95612	0.819236	1.86887	0.752854	2.52332	0.845767	1.75155	0.97665	1.40274	1.14906	1.21276	1.26449	1.31415	0.609156	1.99875	0.740173	1.79665	0.843898	1.79356	0.980558	1.55255	1.11674	1.27406	1.32102	0.81185		
0.670013	1.68091	0.5379	1.95452	0.816048	1.86449	0.757166	2.52511	0.848757	1.75089	0.979058	1.41614	1.15113	1.21179	1.26675	1.32409	0.612574	2.00449	0.743235	1.78893	0.846974	1.80826	0.983208	1.55068	1.11893	1.2859	1.32242	0.816909		
0.672885	1.6817	0.541237	1.95294	0.812867	1.86006	0.761479	2.52635	0.851747	1.75034	0.981488	1.42944	1.1532	1.21093	1.26902	1.33389	0.616002	2.01008	0.746283	1.78136	0.850075	1.82269	0.985854	1.54888	1.12113	1.29767	1.32382	0.822038		
0.675757	1.6828	0.544571	1.95144	0.809694	1.85561	0.765795	2.52712	0.854736	1.74995	0.98394	1.44262	1.15527	1.21022	1.2713	1.34352	0.61944	2.01554	0.749319	1.77392	0.8532	1.83684	0.988498	1.54711	1.12336	1.30934	1.32522	0.827203		
0.678632	1.68422	0.547902	1.95005	0.806529	1.85115	0.770111	2.52741	0.857724	1.74975	0.986415	1.45571	1.15734	1.20968	1.2736	1.35295	0.622887	2.02093	0.752342	1.76664	0.856349	1.8507	0.991139	1.54539	1.1256	1.3209	1.32664	0.832478		
0.68151	1.68593	0.551231	1.94867	0.803371	1.8467	0.774428	2.52719	0.860713	1.74974	0.988912	1.46869	1.1594	1.20929	1.27592	1.36222	0.626343	2.02619	0.755353	1.7595	0.859521	1.86422	0.993777	1.54373	1.12787	1.33238	1.32807	0.837808		
0.684391	1.68786	0.554558	1.94732	0.800221	1.84219	0.778743	2.52649	0.863701	1.74993	0.991432	1.48156	1.16147	1.20903	1.27826	1.37127	0.629807	2.03136	0.758352	1.75256	0.862716	1.87741	0.996411	1.54215	1.13016	1.34378	1.3295	0.843197		
0.687275	1.69	0.557883	1.9461	0.797079	1.83768	0.783057	2.52527	0.86669	1.75039	0.993973	1.49427	1.16353	1.20897	1.28061	1.38017	0.633281	2.03646	0.761339	1.74581	0.865934	1.89023	0.999044	1.54069	1.13246	1.35502	1.33095	0.848677		
0.690163	1.6924	0.561205	1.94496	0.793944	1.83318	0.787369	2.52355	0.86968	1.75118	0.996535	1.50682	1.1656	1.20902	1.28297	1.38885	0.636763	2.04142	0.764315	1.73928	0.869173	1.90271	1.00167	1.53927	1.13478	1.36612	1.3324	0.854202		
0.693056	1.695	0.564526	1.94383	0.790818	1.82865	0.791677	2.52133	0.872671	1.75222	0.999119	1.51925	1.16766	1.20924	1.28535	1.39731	0.640254	2.04628	0.76728	1.73298	0.872433	1.91486	1.0043	1.53798	1.13713	1.37715	1.33386	0.859813		
0.695953	1.69778	0.567845	1.94274	0.787698	1.82411	0.795981	2.51861	0.875665	1.75358	1.00172	1.53154	1.16973	1.20966	1.28774	1.4056	0.643753	2.05106	0.770234	1.72689	0.875713	1.9266	1.00693	1.53677	1.13949	1.38805	1.33534	0.865496		
0.698855	1.70075	0.571162	1.94176	0.784587	1.81954	0.800279	2.51542	0.878661	1.75531	1.00435	1.54365	1.17179	1.21021	1.29015	1.4137	0.647259	2.05572	0.773179	1.72099	0.879013	1.93791	1.00955	1.5357	1.14187	1.39879	1.33682	0.871278		
0.701762	1.70381	0.574477	1.94081	0.781484	1.81498	0.804572	2.51166	0.88166	1.75748	1.007	1.55559	1.17386	1.21094	1.29257	1.42159	0.650774	2.06024	0.776113	1.71535	0.882332	1.94886	1.01217	1.5348	1.14427	1.40936	1.33831	0.877078		
0.704675	1.70705	0.577791	1.9399	0.778388	1.81045	0.808858	2.50733	0.884664	1.76004	1.00966	1.56735	1.17593	1.21184	1.29501	1.42925	0.654297	2.0647	0.779038	1.71	0.88567	1.95942	1.01479	1.53398	1.14668	1.41978	1.33982	0.88295		
0.707593	1.71046	0.581103	1.9391	0.7753	1.80591	0.813137	2.50248	0.887672	1.76303	1.01235	1.57892	1.178	1.21291	1.29745	1.43676	0.657826	2.06909	0.781954	1.70487	0.889025	1.96952	1.01741	1.53332	1.14911	1.4301	1.34133	0.888919		
0.710517	1.71399	0.584414	1.9383	0.772219	1.80133	0.817406	2.49708	0.890686	1.76657	1.01506	1.59028	1.18007	1.21418	1.29991	1.44402	0.661364	2.07333	0.784861	1.69999	0.892397	1.97921	1.02003	1.53286	1.15157	1.44021	1.34285	0.894936		
0.713447	1.71761	0.587724	1.93756	0.769147	1.79677	0.821666	2.49107	0.893706	1.77062	1.01778	1.60143	1.18215	1.21559	1.30239	1.45108	0.664908	2.07747	0.78776	1.69532	0.895785	1.98852	1.02265	1.53254	1.15403	1.45016	1.34439	0.901071		
0.716384	1.72131	0.591032	1.93688	0.766082	1.79222	0.825915	2.48444	0.896733	1.77519	1.02053	1.61237	1.18422	1.2172	1.30487	1.45795	0.66846	2.08154	0.790652	1.69094	0.899189	1.99738	1.02526	1.53235	1.15652	1.45993	1.34593	0.907234		
0.719327	1.72514	0.594339	1.93623	0.763025	1.7877	0.830152	2.4772	0.899769	1.78038	1.02329	1.6231	1.1863	1.21899	1.30737	1.46458	0.672018	2.0855	0.793536	1.68683	0.902608	2.0058	1.02788	1.53238	1.15902	1.46952	1.34749	0.913441		
0.722276	1.72907	0.597646	1.93566	0.759976	1.78317	0.834376	2.4693	0.902815	1.7862	1.02607	1.63363	1.18839	1.22097	1.30987	1.47105	0.675583	2.0894	0.796413	1.68295	0.90604	2.01379	1.0305	1.53261	1.16154	1.47895	1.34905	0.919763		
0.725233	1.73308	0.600951	1.93513	0.756935	1.77865	0.838586	2.46075	0.90587	1.79264	1.02887	1.64391	1.19047	1.2231	1.31239	1.47728	0.679155	2.09317	0.799284	1.67934	0.909486	2.02134	1.03312	1.533	1.16407	1.48819	1.35063	0.926143		
0.728196	1.73715	0.604255	1.93461	0.753901	1.77417	0.842781	2.45148	0.908938	1.79982	1.03169	1.65397	1.19256	1.22541	1.31492	1.48328	0.682733	2.09686	0.802149	1.67599	0.912944	2.02846	1.03574	1.53364	1.16662	1.49724	1.35221	0.932583		
0.731166	1.74127	0.607559	1.93414	0.750875	1.76974	0.846959	2.4415	0.912018	1.80771	1.03452	1.66377	1.19466	1.22792	1.31746	1.48913	0.686317	2.10046	0.805009	1.67286	0.916414	2.03515	1.03835	1.53445	1.16919	1.50606	1.35381	0.939084		
0.734143	1.74546	0.610862	1.93375	0.747856	1.76528	0.85112	2.43078	0.915112	1.81636	1.03737	1.67331	1.19676	1.23064	1.32001	1.49474	0.689907	2.10397	0.807863	1.66996	0.919896	2.0414	1.04098	1.5355	1.17177	1.51471	1.35542	0.945677		
0.737128	1.74972	0.614164	1.93337	0.744845	1.76087	0.855262	2.41932	0.918222	1.82579	1.04023	1.68266	1.19886	1.23351	1.32256	1.50015	0.693503	2.10742	0.810713	1.66731	0.923387	2.04722	1.0436	1.53677	1.17436	1.52316	1.35704	0.952347		
0.74012	1.75402	0.617465	1.93299	0.741842	1.75651	0.859384	2.40706	0.921348	1.83601	1.04312	1.69173	1.20097	1.23652	1.32513	1.50536	0.697105	2.11076	0.813558	1.6649	0.926888	2.0526	1.04623	1.53827	1.17697	1.5314	1.35867	0.959056		
0.743119	1.75836	0.620766	1.93271	0.738845	1.75218	0.863484	2.394	0.924493	1.8471	1.04601	1.70051	1.20309	1.23976	1.3277	1.51038	0.700713	2.11401	0.816399	1.66276	0.930398	2.05753	1.04885	1.54005	1.17959	1.53942	1.36032	0.965876		
0.746126	1.76274	0.624067	1.93245	0.735857	1.74792	0.867561	2.38014	0.927657	1.85902	1.04892	1.70904	1.20521	1.24318	1.33029	1.51518	0.704326	2.11718	0.819237	1.66083	0.933916	2.06203	1.05149	1.54201	1.18223	1.54724	1.36197	0.972753		
0.74914	1.76715	0.627367	1.93219	0.732875	1.74366	0.871613	2.36547	0.930843	1.87179	1.05185	1.71733	1.20733	1.24678	1.33288	1.51975	0.707944	2.12028	0.822072	1.65909	0.937441	2.06611	1.05412	1.54424	1.18488	1.5549	1.36364	0.979658		
0.752162	1.77162	0.630667	1.93197	0.729901	1.73949	0.87564	2.34999	0.934051	1.88545	1.05479	1.72535	1.20946	1.25055	1.33548	1.5242	0.711568	2.12332	0.824904	1.6576	0.940973	2.06976	1.05676	1.54674	1.18754	1.56228	1.36532	0.98667		
0.755191	1.77611	0.633966	1.9318	0.726934	1.73542	0.87964	2.33368	0.937283	1.89995	1.05774	1.7331	1.2116	1.25449	1.33809	1.5284	0.715197	2.12626	0.827734	1.65633	0.944511	2.07297	1.0594	1.54951	1.19021	1.56944	1.36701	0.993735		
0.758228	1.78058	0.637265	1.93165	0.723973	1.73136	0.883611	2.31655	0.94054	1.91531	1.06071	1.7406	1.21375	1.25862	1.3407	1.53239	0.718831	2.12915	0.830562	1.65526	0.948054	2.07576	1.06205	1.55253	1.1929	1.57643	1.36871	1.00089		
0.761273	1.78508	0.640564	1.93151	0.72102	1.72739	0.887553	2.2987	0.943825	1.93153	1.06369	1.74781	1.2159	1.26294	1.34332	1.53622	0.722469	2.13193	0.833388	1.65438	0.951601	2.07808	1.06471	1.55584	1.1956	1.58317	1.37043	1.00812		
0.764325	1.78962	0.643862	1.93141	0.718073	1.72353	0.891463	2.28008	0.947138	1.94856	1.06668	1.75476	1.21806	1.26743	1.34595	1.53983	0.726113	2.13465	0.836213	1.65367	0.955152	2.08001	1.06737	1.55941	1.19831	1.5897	1.37216	1.01538		
0.767386	1.79418	0.647161	1.93136	0.715133	1.71971	0.895341	2.26069	0.95048	1.96633	1.06968	1.76142	1.22023	1.27208	1.34858	1.54327	0.729761	2.13731	0.839036	1.65319	0.958706	2.08157	1.07003	1.56324	1.20103	1.59602	1.3739	1.02276		
0.770454	1.79872	0.650459	1.93131	0.712199	1.71604	0.899185	2.24071	0.953854	1.9848	1.0727	1.76782	1.22241	1.27692	1.35122	1.54655	0.733413	2.13991	0.841859	1.65288	0.962262	2.08262	1.07271	1.56739	1.20376	1.60213	1.37565	1.0302		
0.773529	1.80325	0.653757	1.93128	0.709272	1.71247	0.902994	2.22014	0.95726	2.00395	1.07572	1.77396	1.22459	1.28194	1.35386	1.54961	0.73707	2.14245	0.844682	1.65273	0.965819	2.08327	1.07539	1.57181	1.2065	1.608	1.37742	1.03769		
0.776613	1.80783	0.657056	1.9313	0.70635	1.70899	0.906768	2.19899	0.960699	2.02367	1.07876	1.77981	1.22679	1.28714	1.35651	1.55247	0.740731	2.14486	0.847504	1.65278	0.969377	2.08357	1.07808	1.57653	1.20925	1.61365	1.3792	1.04524		
0.779704	1.81238	0.660354	1.93131	0.703434	1.70567	0.910505	2.17743	0.964172	2.0439	1.0818	1.78537	1.22899	1.29249	1.35917	1.55516	0.744396	2.14728	0.850327	1.65299	0.972936	2.08341	1.08077	1.58155	1.21201	1.61908	1.38099	1.05289		
0.782803	1.81695	0.663652	1.93134	0.700524	1.7025	0.914205	2.15548	0.96768	2.06454	1.08485	1.79069	1.2312	1.29802	1.36182	1.55769	0.748065	2.14963	0.85315	1.65337	0.976494	2.08286	1.08348	1.58685	1.21478	1.62431	1.38279	1.06061		
0.78591	1.82149	0.666951	1.93136	0.697619	1.69945	0.917868	2.1333	0.971224	2.08547	1.08792	1.79576	1.23342	1.30372	1.36449	1.56004	0.751738	2.15189	0.855975	1.65391	0.98005	2.08191	1.08619	1.59247	1.21756	1.62933	1.38461	1.06837		
0.789025	1.82602	0.670249	1.93143	0.694719	1.69656	0.921492	2.111	0.974803	2.10659	1.09099	1.80056	1.23566	1.30961	1.36715	1.5622	0.755415	2.1541	0.8588	1.65454	0.983605	2.08053	1.08892	1.59837	1.22034	1.6341	1.38644	1.07621		
0.792148	1.83058	0.673548	1.93156	0.691824	1.69388	0.925078	2.08859	0.978419	2.12782	1.09407	1.80506	1.2379	1.31564	1.36982	1.56418	0.759096	2.15623	0.861626	1.65536	0.987157	2.07876	1.09165	1.60454	1.22314	1.63865	1.38829	1.0841		
0.795278	1.83509	0.676847	1.93165	0.688934	1.69137	0.928626	2.06624	0.982071	2.14906	1.09715	1.80932	1.24015	1.32182	1.37249	1.566	0.76278	2.15834	0.864454	1.65632	0.990705	2.07661	1.0944	1.61103	1.22594	1.64303	1.39014	1.09209		
0.798416	1.8396	0.680146	1.93176	0.686047	1.68907	0.932135	2.04405	0.98576	2.17014	1.10025	1.81334	1.24241	1.32816	1.37517	1.56769	0.766468	2.16039	0.867283	1.65739	0.994249	2.07411	1.09715	1.61787	1.22875	1.64721	1.39202	1.10015		
0.801561	1.84411	0.683445	1.93191	0.683164	1.687	0.935607	2.02212	0.989484	2.19101	1.10335	1.81705	1.24469	1.3347	1.37785	1.56922	0.770159	2.16238	0.870115	1.65858	0.997789	2.07119	1.09992	1.62494	1.23157	1.65112	1.3939	1.10826		
0.804714	1.8486	0.686745	1.93205	0.680285	1.68516	0.939042	2.0006	0.993243	2.2116	1.10645	1.82055	1.24697	1.34141	1.38053	1.57053	0.773854	2.16433	0.872948	1.65991	1.00132	2.0679	1.1027	1.63231	1.23439	1.65487	1.3958	1.11643		
0.807875	1.85307	0.690044	1.93217	0.677408	1.68359	0.942441	1.97947	0.997038	2.23174	1.10956	1.82381	1.24927	1.34823	1.38321	1.57172	0.777552	2.1662	0.875785	1.66138	1.00485	2.06425	1.1055	1.64002	1.23722	1.65842	1.39771	1.12466		
0.811044	1.85751	0.693344	1.93233	0.674534	1.68229	0.945804	1.95888	1.00087	2.2514	1.11268	1.82681	1.25158	1.35523	1.3859	1.57275	0.781253	2.16804	0.878623	1.66293	1.00837	2.06019	1.10831	1.64799	1.24006	1.66174	1.39964	1.13299		
0.81422	1.86192	0.696644	1.93254	0.671662	1.68131	0.949132	1.9389	1.00473	2.27052	1.1158	1.82957	1.2539	1.36235	1.38859	1.57363	0.784957	2.16982	0.881464	1.66456	1.01189	2.05581	1.11113	1.65622	1.2429	1.66485	1.40158	1.13715		
0.817404	1.86635	0.699945	1.9327	0.668792	1.68066	0.952426	1.91956	1.00862	2.28902	1.11893	1.8321	1.25623	1.36965	1.39127	1.57438	0.788664	2.17158	0.884309	1.66634	1.0154	2.05111	1.11396	1.66476	1.24574	1.6678				
0.820595	1.87074	0.703246	1.93287	0.665922	1.68033	0.955688	1.90097	1.01255	2.30685	1.12206	1.83439	1.25857	1.37711	1.39396	1.57498	0.792374	2.17329	0.887156	1.66822	1.0189	2.04604	1.11681	1.67361	1.24859	1.67055				
0.823793	1.87507	0.706547	1.93311	0.663052	1.68042	0.958919	1.88311	1.0165	2.3239	1.1252	1.83649	1.26093	1.38465	1.39665	1.57546	0.796087	2.17492	0.890007	1.67015	1.02239	2.04062	1.11968	1.68264	1.25145	1.67309				
0.826999	1.87943	0.709849	1.9333	0.660182	1.6809	0.96212	1.86601	1.02048	2.34026	1.12834	1.83835	1.2633	1.39238	1.39934	1.57576	0.799803	2.17651	0.892861	1.6722	1.02587	2.03492	1.12256	1.69199	1.25431	1.67548				
0.830213	1.88374	0.713151	1.93348	0.657311	1.68181	0.965293	1.84972	1.02449	2.35586	1.13148	1.83995	1.26569	1.40027	1.40204	1.57586	0.803522	2.17811	0.895718	1.67434	1.02934	2.02887	1.12546	1.70158	1.25717	1.67764				
0.833433	1.88801	0.716453	1.93373	0.654438	1.68319	0.968438	1.83424	1.02853	2.37066	1.13462	1.84141	1.26809	1.40827			0.807243	2.17962	0.89858	1.67652	1.0328	2.02254	1.12837	1.7114	1.26004	1.67964				
0.836662	1.89224	0.719755	1.93395	0.651562	1.68509	0.971558	1.81956	1.03259	2.38468	1.13777	1.84263	1.2705	1.41638			0.810967	2.18109	0.901445	1.67882	1.03624	2.01591	1.1313	1.72147	1.26291	1.68151				
0.839897	1.89647	0.723058	1.93418	0.648682	1.68752	0.974653	1.8057	1.03668	2.39795	1.14091	1.84368	1.27292	1.42462			0.814693	2.18257	0.904314	1.68121	1.03968	2.00903	1.13425	1.73177	1.26578	1.68316				
0.843139	1.90068	0.726362	1.93442	0.645798	1.69053	0.977726	1.79263	1.04078	2.4104	1.14406	1.84457	1.27536	1.43298			0.818421	2.18399	0.907187	1.68361	1.04311	2.00188	1.13722	1.74224	1.26866	1.68463				
0.846389	1.90486	0.729666	1.93463	0.642908	1.69419	0.980776	1.78038	1.04491	2.4221	1.14721	1.84526	1.27782	1.44149			0.822152	2.18535	0.910065	1.68608	1.04652	1.99447	1.1402	1.75292	1.27154	1.68599				
0.849646	1.909	0.73297	1.93489	0.640011	1.69849	0.983807	1.76886	1.04906	2.43306	1.15037	1.84577	1.28029	1.45008			0.825886	2.18668	0.912946	1.68864	1.04992	1.98686	1.14321	1.76381	1.27442	1.68719				
0.852909	1.91308	0.736275	1.93511	0.637106	1.70348	0.986818	1.75806	1.05322	2.44324	1.15352	1.84611	1.28277	1.45877			0.829621	2.18799	0.915832	1.69129	1.05331	1.979	1.14623	1.77479	1.2773	1.68823				
0.85618	1.91716	0.73958	1.93535	0.634192	1.70927	0.989812	1.74799	1.0574	2.45276	1.15667	1.84634	1.28527	1.4676			0.833359	2.18924	0.918723	1.69394	1.05668	1.97096	1.14927	1.78597	1.28018	1.68908				
0.859458	1.92121	0.742885	1.93562	0.631268	1.71583	0.992789	1.73862	1.0616	2.4616	1.15983	1.84643	1.28778	1.47651			0.837099	2.19048	0.921618	1.69666	1.06004	1.96275	1.15233	1.79729	1.28307	1.68982				
0.862742	1.92519	0.746191	1.93585	0.628332	1.72326	0.99575	1.72991	1.06581	2.46974	1.16298	1.84638	1.29031	1.48551			0.840841	2.19169	0.924518	1.69944	1.06338	1.95435	1.15541	1.80871	1.28595	1.69044				
0.866033	1.92916	0.749497	1.93609	0.625382	1.73161	0.998697	1.72181	1.07003	2.47724	1.16613	1.84623	1.29286	1.49459			0.844585	2.19285	0.927423	1.70223	1.06671	1.94582	1.15851	1.8202	1.28884	1.69093				
0.869331	1.93312	0.752804	1.93633	0.622417	1.74089	1.00163	1.71429	1.07427	2.48412	1.16928	1.84597	1.29542	1.50374			0.848331	2.19399	0.930333	1.7051	1.07003	1.93716	1.16163	1.8318	1.29173	1.69127				
0.872636	1.93702	0.756111	1.93658	0.619436	1.75116	1.00455	1.70735	1.07852	2.49038	1.17244	1.84559	1.298	1.51299			0.852079	2.19508	0.933247	1.70803	1.07333	1.92837	1.16476	1.84345	1.29462	1.69151				
0.875948	1.94086	0.759419	1.93682	0.616436	1.76247	1.00746	1.70096	1.08278	2.49604	1.17559	1.84513	1.30059	1.52232			0.855829	2.19619	0.936167	1.71098	1.07662	1.91952	1.16792	1.85512	1.29751	1.69165				
0.879266	1.9447	0.762727	1.93707	0.613416	1.77487	1.01036	1.69511	1.08704	2.50117	1.17874	1.84464	1.30319	1.53166			0.85958	2.19723	0.939091	1.71397	1.07989	1.91057	1.1711	1.86684	1.3004	1.69166				
0.88259	1.94851	0.766035	1.93729	0.610373	1.78834	1.01325	1.68974	1.09132	2.50577	1.18189	1.84409	1.30582	1.54106			0.863334	2.19825	0.942021	1.71698	1.08314	1.90161	1.1743	1.87852	1.30329	1.69158				
0.885921	1.95227	0.769344	1.93755	0.607307	1.80297	1.01613	1.6848	1.0956	2.50981	1.18504	1.84348	1.30846	1.55056			0.867089	2.19926	0.944956	1.72003	1.08638	1.89261	1.17752	1.89018	1.30617	1.69141				
0.889258	1.956	0.772653	1.93781	0.604215	1.8188	1.01901	1.68028	1.09989	2.51334	1.18819	1.84286	1.31111	1.56008			0.870846	2.20019	0.947896	1.72311	1.08961	1.8836	1.18075	1.90182	1.30906	1.69117				
0.892602	1.95967	0.775963	1.93803	0.601095	1.83573	1.02187	1.67623	1.10419	2.51638	1.19133	1.84224	1.31379	1.5696			0.874604	2.20116	0.950841	1.72622	1.09281	1.87457	1.18401	1.91337	1.31195	1.69083				
0.895952	1.96333	0.779273	1.93829	0.597945	1.85381	1.02473	1.67253	1.10849	2.51892	1.19448	1.84162	1.31648	1.57913			0.878364	2.2021	0.953792	1.72936	1.09601	1.8656	1.18729	1.92484	1.31484	1.69042				
0.899308	1.96695	0.782583	1.93852	0.594763	1.87306	1.02759	1.6692	1.11279	2.52099	1.19762	1.84101	1.31918	1.58872			0.882126	2.20298	0.956748	1.73251	1.09919	1.85665	1.19059	1.93621	1.31772	1.68993				
0.90267	1.97053	0.785894	1.93872	0.591547	1.89336	1.03043	1.66623	1.1171	2.52258	1.20077	1.84048	1.3219	1.59832			0.885889	2.20385	0.95971	1.73572	1.10235	1.84776	1.1939	1.94743	1.32061	1.68941				
0.906039	1.97408	0.789205	1.93898	0.588296	1.91471	1.03328	1.66357	1.12141	2.52372	1.20391	1.84	1.32464	1.60791			0.889653	2.20472	0.962677	1.7389	1.1055	1.83898	1.19724	1.95856	1.3235	1.68887				
0.909413	1.97759	0.792517	1.9392	0.585007	1.93704	1.03612	1.66122	1.12572	2.52438	1.20705	1.83961	1.32739	1.61748			0.893419	2.20555	0.965649	1.74211	1.10863	1.83028	1.20059	1.9695	1.32638	1.68826				
0.912793	1.98105	0.795829	1.93944	0.58168	1.96022	1.03895	1.65914	1.13003	2.52459	1.21019	1.83932	1.33016	1.62702			0.897187	2.20634	0.968627	1.74538	1.11175	1.8217	1.20397	1.98024	1.32926	1.68759				
0.91618	1.98445	0.799141	1.93968	0.578312	1.98418	1.04178	1.65736	1.13434	2.52439	1.21333	1.83914	1.33295	1.63659			0.900955	2.20711	0.971611	1.74866	1.11485	1.81319	1.20736	1.9908	1.33214	1.68691				
0.919572	1.98785	0.802454	1.93986	0.574902	2.00876	1.04461	1.65586	1.13865	2.52369	1.21647	1.83911	1.33575	1.64608			0.904725	2.2079	0.9746	1.7519	1.11794	1.80489	1.21077	2.00116	1.33502	1.68623				
0.922969	1.99125	0.805767	1.94007	0.571451	2.03385	1.04744	1.65458	1.14296	2.52251	1.21962	1.83925	1.33857	1.65553			0.908497	2.20866	0.977595	1.7552	1.12102	1.79671	1.21419	2.01126	1.3379	1.68552				
0.926373	1.99456	0.809081	1.94031	0.567956	2.05926	1.05026	1.6535	1.14727	2.5209	1.22276	1.8396	1.34141	1.66493			0.912269	2.20935	0.980595	1.75852	1.12408	1.78866	1.21764	2.02114	1.34078	1.68482				
0.929782	1.99783	0.812395	1.94051	0.564417	2.08488	1.05309	1.65266	1.15157	2.51886	1.2259	1.84018	1.34426	1.67427			0.916043	2.21007	0.983601	1.76179	1.12713	1.78083	1.2211	2.03075	1.34366	1.68413				
0.933197	2.00107	0.815709	1.94071	0.560834	2.11057	1.05591	1.65202	1.15587	2.51632	1.22904	1.841	1.34713	1.68359			0.919818	2.21077	0.986613	1.76509	1.13016	1.7732	1.22457	2.04008	1.34653	1.68345				
0.936617	2.00427	0.819023	1.94093	0.557208	2.13612	1.05873	1.65157	1.16017	2.51329	1.23219	1.84202	1.35001	1.69279			0.923594	2.2114	0.98963	1.76842	1.13318	1.76573	1.22806	2.04917	1.34941	1.68279				
0.940043	2.00745	0.822338	1.94114	0.553538	2.16143	1.06155	1.65132	1.16446	2.50979	1.23533	1.8434	1.35291	1.70189			0.927371	2.21205	0.992653	1.77178	1.13619	1.75844	1.23157	2.05795	1.35228	1.68219				
0.943474	2.01058	0.825654	1.94133	0.549825	2.18628	1.06437	1.65122	1.16874	2.50575	1.23848	1.84511	1.35582	1.71092			0.93115	2.21272	0.995682	1.77513	1.13919	1.75139	1.23509	2.0664	1.35515	1.68161				
0.94691	2.0137	0.828969	1.94152	0.54607	2.21061	1.06719	1.6513	1.17301	2.50119	1.24164	1.84715	1.35875	1.71986			0.934929	2.21333	0.998716	1.77845	1.14218	1.74455	1.23863	2.07455	1.35802	1.68104				
0.950352	2.01677	0.832285	1.94168	0.542275	2.23431	1.07001	1.65152	1.17728	2.49616	1.24479	1.84958	1.3617	1.72867			0.93871	2.21392	1.00176	1.78178	1.14515	1.73788	1.24218	2.08241	1.3609	1.68057				
0.953799	2.01977	0.835601	1.94188	0.538439	2.25728	1.07283	1.65188	1.18154	2.49055	1.24795	1.85244	1.36466	1.73737			0.942491	2.21449	1.0048	1.78512	1.14811	1.73145	1.24574	2.08992	1.36377	1.68021				
0.957251	2.02275	0.838918	1.94208	0.534565	2.27937	1.07565	1.6524	1.18579	2.48434	1.25112	1.85573	1.36763	1.74596			0.946274	2.21505	1.00785	1.78849	1.15106	1.7253	1.24932	2.09712	1.36663	1.67988				
0.960708	2.02572	0.842235	1.94224	0.530653	2.30059	1.07848	1.65303	1.19003	2.47758	1.25429	1.85948	1.37062	1.75441			0.950057	2.21564	1.01091	1.79184	1.154	1.71931	1.2529	2.10396	1.3695	1.67962				
0.96417	2.02864	0.845552	1.94241	0.526707	2.32088	1.0813	1.65378	1.19425	2.47021	1.25747	1.86377	1.37363	1.76271			0.953842	2.21618	1.01397	1.79516	1.15694	1.71356	1.2565	2.11042	1.37237	1.67946				
0.967637	2.03155	0.848869	1.94259	0.522726	2.34015	1.08412	1.65465	1.19846	2.46219	1.26066	1.86861	1.37664	1.77089			0.957627	2.21667	1.01704	1.79852	1.15986	1.70806	1.26011	2.11656	1.37524	1.67941				
0.971109	2.03439	0.852187	1.94277	0.518713	2.35847	1.08695	1.65565	1.20266	2.45357	1.26385	1.87396	1.37967	1.77891			0.961413	2.21717	1.02012	1.80188	1.16277	1.70277	1.26373	2.12238	1.37811	1.67951				
0.974586	2.03718	0.855505	1.94292	0.51467	2.37577	1.08978	1.65673	1.20684	2.44427	1.26706	1.87996	1.38272	1.78673			0.9652	2.21769	1.0232	1.80522	1.16567	1.69768	1.26736	2.1278	1.38098	1.67968				
0.978067	2.03997	0.858823	1.94306	0.510599	2.39207	1.09261	1.65789	1.21101	2.43427	1.27028	1.8866	1.38578	1.79441			0.968988	2.21817	1.02628	1.80857	1.16857	1.69284	1.271	2.13286	1.38384	1.67998				
0.981553	2.04269	0.862142	1.94322	0.5065	2.40739	1.09544	1.65918	1.21516	2.42358	1.2735	1.89389	1.38885	1.80194			0.972776	2.21862	1.02937	1.81188	1.17146	1.68823	1.27465	2.13759	1.38671	1.68044				
0.985044	2.04541	0.865461	1.94337	0.502376	2.42175	1.09828	1.66054	1.21929	2.41216	1.27674	1.90186	1.39193	1.80929			0.976566	2.21907	1.03247	1.81521	1.17434	1.68382	1.2783	2.1419	1.38958	1.68105				
0.98854	2.0481	0.86878	1.9435	0.498228	2.43518	1.10111	1.66199	1.2234	2.40002	1.28	1.91053	1.39503	1.81646			0.980356	2.21951	1.03557	1.81855	1.17721	1.67966	1.28196	2.14589	1.39246	1.68181				
0.995544	2.05333	0.872099	1.94366	0.494058	2.44769	1.10395	1.66352	1.22749	2.38714	1.28327	1.91993	1.39814	1.82342			0.984147	2.21994	1.03868	1.82188	1.18007	1.67566	1.28563	2.14949	1.39533	1.68272				
0.999053	2.0559	0.875419	1.9438	0.489868	2.45926	1.1068	1.6651	1.23155	2.37352	1.28656	1.93008	1.40126	1.82686			0.987939	2.22035	1.0418	1.82519	1.18293	1.6719	1.28931	2.15271	1.3982	1.68379				
1.00257	2.05846	0.878739	1.94393	0.485658	2.47003	1.10964	1.66675	1.23559	2.35912	1.28986	1.94101					0.991731	2.22077	1.04492	1.82849	1.18578	1.66838	1.29298	2.15559	1.40108	1.68438				
1.00608	2.06097	0.882059	1.94409	0.481431	2.48	1.11249	1.6685	1.23961	2.34394	1.29319	1.95272					0.995524	2.22116	1.04804	1.83178	1.18863	1.66504	1.29667	2.15809						
1.00961	2.06344	0.885379	1.9442	0.477187	2.48916	1.11534	1.67031	1.2436	2.32805	1.29653	1.96517					0.999318	2.22154	1.05117	1.83506	1.19147	1.66185	1.30036	2.16017						
1.01313	2.06588	0.888699	1.94429	0.472929	2.49758	1.11819	1.67214	1.24756	2.31148	1.2999	1.97836					1.00311	2.22192	1.05431	1.83834	1.19431	1.6589	1.30405	2.16192						
1.01666	2.06827	0.89202	1.94442	0.468656	2.50526	1.12105	1.67404	1.25149	2.29415	1.30329	1.99232					1.00691	2.22227	1.05745	1.84163	1.19714	1.65615	1.30774	2.16329						
1.0202	2.07065	0.895341	1.94455	0.464372	2.51227	1.12391	1.67602	1.2554	2.27617	1.3067	2.00701					1.0107	2.22259	1.0606	1.84488	1.19996	1.65357	1.31144	2.16426						
1.02374	2.07301	0.898662	1.94468	0.460075	2.5186	1.12678	1.67803	1.25927	2.25756	1.31014	2.02237					1.0145	2.22294	1.06376	1.84814	1.20278	1.65117	1.31513	2.16493						
1.02728	2.07534	0.901983	1.94478	0.455769	2.52426	1.12964	1.68008	1.26311	2.23834	1.31361	2.03837					1.0183	2.22327	1.06691	1.85138	1.2056	1.64894	1.31883	2.16517						
1.03082	2.07761	0.905304	1.94489	0.451453	2.52934	1.13251	1.6822	1.26691	2.21865	1.31711	2.05498					1.02209	2.22359	1.07008	1.85458	1.20842	1.64687	1.32253	2.16501						
1.03437	2.07984	0.908626	1.945	0.44713	2.53381	1.13539	1.68433	1.27069	2.19849	1.32063	2.0721					1.02589	2.2239	1.07325	1.85782	1.21123	1.64497	1.32623	2.1645						
1.03793	2.08206	0.911948	1.94506	0.442799	2.53766	1.13827	1.68652	1.27442	2.17792	1.32418	2.0897					1.02969	2.22418	1.07642	1.86105	1.21404	1.64328	1.32992	2.16362						
1.04149	2.08429	0.91527	1.94515	0.438462	2.54096	1.14115	1.68876	1.27813	2.15705	1.32777	2.1077					1.03349	2.22445	1.07961	1.86422	1.21684	1.64172	1.33362	2.16235						
1.04505	2.08645	0.918592	1.94529	0.43412	2.54368	1.14404	1.69102	1.28179	2.13597	1.33138	2.12601					1.03729	2.22474	1.08279	1.86741	1.21964	1.64029	1.33731	2.16072						
1.04861	2.08859	0.921914	1.94536	0.429773	2.54583	1.14693	1.6933	1.28542	2.11478	1.33503	2.14454					1.04109	2.225	1.08598	1.87058	1.22244	1.63902	1.341	2.15876						
1.05218	2.09068	0.925237	1.94542	0.425424	2.54746	1.14982	1.69561	1.28901	2.09354	1.33871	2.16319					1.04489	2.22526	1.08918	1.87371	1.22524	1.63789	1.34468	2.15639						
1.05575	2.09274	0.928559	1.94552	0.421072	2.5485	1.15272	1.69798	1.29257	2.07237	1.34242	2.18192					1.04869	2.22551	1.09238	1.87689	1.22804	1.63689	1.34836	2.15363						
1.05933	2.0948	0.931882	1.9456	0.416719	2.54897	1.15562	1.70036	1.29609	2.05135	1.34616	2.20057					1.05249	2.22573	1.09559	1.88003	1.23083	1.63605	1.35204	2.15054						
1.06291	2.09685	0.935205	1.9457	0.412366	2.54886	1.15853	1.70277	1.29958	2.0305	1.34994	2.21906					1.05629	2.22597	1.09881	1.88314	1.23363	1.63532	1.35571	2.14708						
1.06649	2.09883	0.938528	1.94575	0.408013	2.54815	1.16144	1.7052	1.30303	2.01002	1.35374	2.23734					1.06009	2.22621	1.10202	1.88625	1.23642	1.6347	1.35937	2.14324						
1.07008	2.10078	0.941851	1.9458	0.403662	2.54684	1.16435	1.70763	1.30644	1.98994	1.35758	2.25533					1.06389	2.22642	1.10525	1.88935	1.23921	1.63424	1.36303	2.13907						
1.07367	2.10272	0.945174	1.94589	0.399314	2.54491	1.16727	1.71011	1.30983	1.97024	1.36144	2.27296					1.0677	2.22659	1.10848	1.89241	1.242	1.63389	1.36668	2.13453						
1.07726	2.10461	0.948497	1.94597	0.39497	2.54228	1.17019	1.71262	1.31317	1.95111	1.36534	2.29016					1.0715	2.22676	1.11171	1.89546	1.24479	1.63362	1.37032	2.12964						
1.08086	2.10652	0.951821	1.94604	0.390631	2.53894	1.17312	1.71515	1.31649	1.93256	1.36927	2.30684					1.0753	2.22698	1.11495	1.89854	1.24758	1.63345	1.37395	2.1244						
1.08445	2.1084	0.955144	1.94607	0.386298	2.53487	1.17605	1.71768	1.31977	1.91457	1.37322	2.32295					1.0791	2.22715	1.1182	1.90159	1.25037	1.6334	1.37757	2.11884						
1.08806	2.11021	0.958468	1.94612	0.381972	2.53	1.17898	1.72021	1.32303	1.89724	1.3772	2.3385					1.08291	2.22732	1.12145	1.9046	1.25316	1.6335	1.38119	2.11291						
1.09166	2.11201	0.961791	1.94621	0.377656	2.52429	1.18192	1.72278	1.32626	1.88059	1.38121	2.35342					1.08671	2.22747	1.1247	1.90759	1.25595	1.63364	1.38479	2.10669						
1.09527	2.11381	0.965115	1.94625	0.37335	2.51763	1.18487	1.72536	1.32945	1.86459	1.38524	2.36769					1.09052	2.22761	1.12796	1.91057	1.25874	1.63387	1.38838	2.10015						
1.09888	2.11555	0.968439	1.94627	0.369057	2.50994	1.18782	1.72796	1.33262	1.84929	1.3893	2.38132					1.09432	2.22777	1.13123	1.91358	1.26153	1.63423	1.39196	2.09325						
1.1025	2.11728	0.971763	1.94635	0.364777	2.50114	1.19077	1.73055	1.33577	1.8347	1.39337	2.3943					1.09813	2.22788	1.1345	1.91654	1.26432	1.63465	1.39553	2.08609						
1.10611	2.11901	0.975087	1.94641	0.360514	2.49114	1.19373	1.73318	1.33889	1.82082	1.39747	2.40658					1.10193	2.228	1.13777	1.91947	1.26711	1.63518	1.39909	2.07864						
1.10973	2.12068	0.978411	1.94645	0.356268	2.47981	1.19669	1.73579	1.34199	1.80762	1.40159	2.41255					1.10574	2.22812	1.14105	1.92243	1.26991	1.63575	1.40263	2.07484						
1.11336	2.12232	0.981735	1.94646	0.352044	2.46699	1.19966	1.7384	1.34506	1.79508							1.10954	2.22824	1.14434	1.92536	1.2727	1.63641								
1.11698	2.12398	0.98506	1.9465	0.347842	2.45257	1.20263	1.74107	1.34812	1.78318							1.11335	2.22834	1.14763	1.92828	1.2755	1.63717								
1.12061	2.12558	0.988384	1.94655	0.343666	2.43634	1.2056	1.74373	1.35116	1.77197							1.11715	2.22841	1.15093	1.93116	1.27829	1.63795								
1.12424	2.12716	0.991708	1.94658	0.33952	2.41805	1.20858	1.74636	1.35417	1.76138							1.12096	2.22848	1.15423	1.93403	1.28109	1.63884								
1.12788	2.12875	0.995033	1.94662	0.335407	2.39751	1.21157	1.74901	1.35717	1.75138							1.12476	2.22858	1.15753	1.93688	1.28389	1.63981								
1.13151	2.13029	0.998357	1.94667	0.331331	2.37451	1.21456	1.75166	1.36015	1.74195							1.12857	2.22863	1.16084	1.93974	1.28669	1.64079								
1.13515	2.1318	1.00168	1.94667	0.327297	2.34874	1.21755	1.75435	1.36312	1.73306							1.13238	2.22868	1.16416	1.94259	1.28949	1.64187								
1.1388	2.13333	1.00501	1.9467	0.323309	2.31993	1.22055	1.75703	1.36607	1.72475							1.13618	2.22874	1.16748	1.94543	1.2923	1.64299								
1.14244	2.13481	1.00833	1.94674	0.319373	2.28776	1.22355	1.7597	1.36901	1.71694							1.13999	2.22874	1.1708	1.94822	1.29511	1.64418								
1.14609	2.13626	1.01166	1.94677	0.315495	2.25181	1.22656	1.76239	1.37194	1.7096							1.1438	2.2288	1.17413	1.95101	1.29792	1.64542								
1.14974	2.13769	1.01498	1.94681	0.311681	2.21186	1.22957	1.76507	1.37485	1.70271							1.1476	2.22883	1.17747	1.95382	1.30073	1.64672								
1.15339	2.13909	1.01831	1.9468	0.30794	2.16756	1.23259	1.76774	1.37775	1.69626							1.15141	2.22881	1.18081	1.95659	1.30354	1.64805								
1.15704	2.1405	1.02163	1.94683	0.304278	2.11857	1.23561	1.77041	1.38065	1.69029							1.15521	2.22881	1.18415	1.95934	1.30636	1.64943								
1.1607	2.14189	1.02496	1.94687	0.300703	2.06473	1.23864	1.7731	1.38353	1.68467							1.15902	2.2288	1.1875	1.96207	1.30917	1.65086								
1.16436	2.14323	1.02828	1.94686	0.297225	2.00576	1.24167	1.77578	1.3864	1.67941							1.16283	2.22877	1.19085	1.9648	1.31199	1.65235								
1.16802	2.14456	1.03161	1.94689	0.293852	1.94168	1.2447	1.77845	1.38926	1.67455							1.16663	2.22872	1.19421	1.96756	1.31482	1.65387								
1.17169	2.1459	1.03493	1.9469	0.290593	1.87256	1.24774	1.78115	1.39212	1.67002							1.17044	2.2287	1.19757	1.97027	1.31764	1.6554								
1.17535	2.14722	1.03825	1.94691	0.287456	1.79864	1.25079	1.78383	1.39497	1.66577							1.17425	2.22866	1.20094	1.97296	1.32047	1.65703								
1.17902	2.14847	1.04158	1.94694	0.28445	1.72032	1.25384	1.7865	1.39781	1.66186							1.17805	2.22857	1.20431	1.97563	1.3233	1.65866								
1.18269	2.14971	1.04491	1.94693	0.28158	1.63816	1.25689	1.78916	1.40064	1.65999							1.18186	2.2285	1.20769	1.9783	1.32614	1.6603								
1.18636	2.15098	1.04823	1.94695	0.278854	1.55293	1.25995	1.79183									1.18566	2.22843	1.21107	1.98099	1.32897	1.66202								
1.19004	2.15221	1.05156	1.94696	0.276276	1.46548	1.26301	1.79449									1.18947	2.22834	1.21445	1.98367	1.33181	1.66375								
1.19371	2.15341	1.05488	1.94697	0.273849	1.37668	1.26608	1.79715									1.19328	2.2282	1.21784	1.98631	1.33466	1.66551								
1.19739	2.15463	1.05821	1.94697	0.271574	1.28748	1.26915	1.79981									1.19708	2.2281	1.22124	1.98893	1.3375	1.66732								
1.20107	2.15579	1.06153	1.94697	0.269451	1.19872	1.27222	1.80248									1.20089	2.22795	1.22464	1.99157	1.34035	1.66912								
1.20476	2.15693	1.06486	1.94701	0.267479	1.11114	1.2753	1.80511									1.20469	2.22779	1.22804	1.99419	1.3432	1.67098								
1.20844	2.15806	1.06818	1.94699	0.265656	1.02542	1.27839	1.80775									1.2085	2.22764	1.23145	1.9968	1.34606	1.67287								
1.21213	2.15918	1.07151	1.94701	0.263977	0.94201	1.28148	1.81038									1.2123	2.22745	1.23486	1.99944	1.34892	1.67474								
1.21581	2.1603	1.07483	1.94703	0.262438	0.861229	1.28457	1.81302									1.2161	2.22726	1.23828	2.00206	1.35178	1.67667								
1.21951	2.16141	1.07816	1.947	0.261035	0.783297	1.28767	1.81567									1.21991	2.22704	1.2417	2.00463	1.35464	1.67863								
1.2232	2.16247	1.08148	1.94699	0.259763	0.708336	1.29077	1.81827									1.22371	2.22683	1.24513	2.00722	1.35751	1.68059								
1.22689	2.16352	1.08481	1.94701	0.258616	0.636287	1.29388	1.82086									1.22751	2.22658	1.24856	2.00982	1.36039	1.68257								
1.23059	2.16457	1.08813	1.94702	0.257589	0.567088	1.29699	1.82346									1.23132	2.22633	1.25199	2.01241	1.36326	1.68458								
1.23428	2.16559	1.09146	1.94703	0.256679	0.500681	1.30011	1.82609									1.23512	2.22605	1.25543	2.01501	1.36614	1.68663								
1.23798	2.1666	1.09478	1.94703	0.255879	0.436824	1.30323	1.82868									1.23892	2.22572	1.25887	2.01761	1.36902	1.68865								
1.24169	2.1676	1.09811	1.947	0.255187	0.375407	1.30636	1.83124									1.24272	2.22543	1.26232	2.02021	1.37191	1.69068								
1.24539	2.16859	1.10143	1.94699	0.254597	0.31627	1.30949	1.83385									1.24652	2.22507	1.26577	2.02278	1.3748	1.69278								
1.24909	2.16955	1.10476	1.94701	0.254107	0.259214	1.31262	1.83642									1.25032	2.22471	1.26923	2.02536	1.37769	1.69488								
1.2528	2.17053	1.10808	1.94703	0.253712	0.204094	1.31576	1.83895									1.25412	2.22434	1.27269	2.02799	1.38059	1.69699								
1.25651	2.17148	1.11141	1.947	0.253409	0.150741	1.3189	1.84151									1.25792	2.22394	1.27616	2.03057	1.38349	1.69909								
1.26022	2.17239	1.11473	1.94702	0.253197	0.0990661	1.32205	1.84406									1.26172	2.22349	1.27963	2.03319	1.38639	1.70119								
1.26393	2.17328	1.11806	1.94703	0.253071	0.0489504	1.3252	1.84657									1.26551	2.22302	1.2831	2.0358	1.3893	1.70333								
1.26764	2.17419	1.12138	1.947	0.25303	0.000220402	1.32836	1.84913									1.26931	2.22257	1.28658	2.0384	1.39221	1.70551								
1.27135	2.17507	1.12471	1.94699	0.25307	-0.0471617	1.33152	1.85165									1.2731	2.22203	1.29006	2.04107	1.39512	1.70768								
1.27507	2.17595	1.12803	1.94698	0.253191	-0.0932717	1.33468	1.85414									1.2769	2.22145	1.29355	2.0437	1.39804	1.70982								
1.27878	2.17682	1.13136	1.94701	0.253389	-0.138199	1.33785	1.85663									1.28069	2.22092	1.29704	2.04635	1.40096	1.71089								
1.2825	2.17766	1.13468	1.94699	0.253663	-0.182	1.34102	1.85911									1.28448	2.22031	1.30054	2.04903										
1.28622	2.17851	1.13801	1.94698	0.253962	-0.219342	1.3442	1.86162									1.28828	2.21963	1.30404	2.05174										
1.28994	2.17931	1.14133	1.94698	0.25426	-0.25051	1.34738	1.86408									1.29207	2.21895	1.30755	2.05445										
1.29367	2.18011	1.14466	1.94698	0.254536	-0.275859	1.35057	1.86655									1.29585	2.21824	1.31106	2.05717										
1.29739	2.18095	1.14798	1.94698	0.254773	-0.295601	1.35376	1.86899									1.29964	2.21752	1.31458	2.05989										
1.30112	2.18174	1.15131	1.94694	0.254958	-0.309933	1.35695	1.87142									1.30343	2.21672	1.3181	2.06268										
1.30484	2.18247	1.15463	1.94696	0.255135	-0.323099	1.36015	1.87387									1.30721	2.21586	1.32162	2.06549										
1.30857	2.18324	1.15796	1.94697	0.255263	-0.332166	1.36335	1.8763									1.311	2.21496	1.32515	2.06829										
1.3123	2.18403	1.16128	1.94697	0.25547	-0.346172	1.36656	1.87873									1.31478	2.21402	1.32869	2.07115										
1.31603	2.18473	1.16461	1.94694	0.255765	-0.365053	1.36977	1.88112									1.31856	2.21305	1.33223	2.07406										
1.31976	2.18545	1.16793	1.94693	0.256161	-0.388559	1.37298	1.88349									1.32234	2.21204	1.33577	2.07697										
1.3235	2.18622	1.17126	1.94692	0.256672	-0.416518	1.3762	1.88588									1.32612	2.21098	1.33932	2.07991										
1.32723	2.18691	1.17458	1.94692	0.257316	-0.448578	1.37942	1.88825									1.32989	2.20983	1.34287	2.0829										
1.33096	2.18759	1.17791	1.94695	0.258113	-0.484443	1.38265	1.89061									1.33366	2.20864	1.34643	2.08592										
1.3347	2.18828	1.18123	1.94693	0.25897	-0.519274	1.38588	1.89297									1.33743	2.20742	1.35357	2.09204										
1.33844	2.18896	1.18456	1.94689	0.259886	-0.553	1.38912	1.89529									1.3412	2.20613	1.35715	2.09518										
1.34218	2.18964	1.18788	1.9469	0.260859	-0.585556	1.39236	1.89763									1.34497	2.20481	1.36073	2.09837										
1.34592	2.19026	1.19121	1.94691	0.261886	-0.616875	1.3956	1.89995									1.34873	2.2034	1.36431	2.10157										
1.34966	2.19091	1.19453	1.94688	0.262966	-0.646834	1.39884	1.90225									1.3525	2.20192	1.3679	2.10481										
1.3534	2.19155	1.19786	1.94687	0.264096	-0.675215	1.4021	1.90341									1.35625	2.20041	1.3715	2.1081										
1.35715	2.19217	1.20118	1.94689	0.265272	-0.701786											1.36001	2.19888	1.3751	2.11142										
1.36089	2.1928	1.20451	1.9469	0.266493	-0.726213											1.36377	2.19728	1.37871	2.11472										
1.36463	2.19342	1.20783	1.94688	0.267753	-0.748053											1.36752	2.19562	1.38233	2.1181										
1.36838	2.19401	1.21116	1.94683	0.269048	-0.766586											1.37126	2.19392	1.38595	2.12152										
1.37213	2.19458	1.21448	1.94684	0.270371	-0.780681											1.37501	2.19217	1.38957	2.12491										
1.37588	2.19517	1.21781	1.94688	0.271714	-0.788719											1.37875	2.1904	1.39321	2.12833										
1.37963	2.19572	1.22113	1.94683	0.273065	-0.788126											1.38249	2.18855	1.39684	2.13178										
1.38338	2.19627	1.22446	1.94681	0.274406	-0.774769											1.38623	2.1867	1.40049	2.13348										
1.38713	2.19686	1.22778	1.94683	0.275712	-0.741968											1.38996	2.18488												
1.39088	2.1974	1.23111	1.94684	0.276941	-0.67908											1.39369	2.18301												
1.39463	2.19791	1.23443	1.94685	0.278031	-0.571157											1.39742	2.18111												
1.39839	2.19845	1.23776	1.94682	0.278892	-0.402865											1.40114	2.18017												
1.40214	2.19871	1.24108	1.9468	0.279407	-0.30191																								
		1.24441	1.9468																										
		1.24773	1.94679																										
		1.25106	1.94679																										
		1.25438	1.94679																										
		1.25771	1.94679																										
		1.26103	1.94679																										
		1.26436	1.94679																										
		1.26768	1.94676																										
		1.27101	1.94677																										
		1.27433	1.94678																										
		1.27766	1.94675																										
		1.28098	1.94674																										
		1.2843	1.94673																										
		1.28763	1.94673																										
		1.29095	1.94676																										
		1.29428	1.94674																										
		1.2976	1.9467																										
		1.30093	1.94675																										
		1.30425	1.94674																										
		1.30758	1.9467																										
		1.3109	1.94671																										
		1.31423	1.94672																										
		1.31755	1.94672																										
		1.32088	1.94673																										
		1.3242	1.9467																										
		1.32753	1.94668																										
		1.33085	1.9467																										
		1.33417	1.94672																										
		1.3375	1.94669																										
		1.34082	1.94668																										
		1.34415	1.9467																										
		1.34747	1.94668																										
		1.3508	1.94667																										
		1.35412	1.9467																										
		1.35745	1.94668																										
		1.36077	1.94667																										
		1.3641	1.94667																										
		1.36742	1.94667																										
		1.37074	1.94667																										
		1.37407	1.94667																										
		1.37739	1.9467																										
		1.38072	1.94668																										
		1.38404	1.94664																										
		1.38737	1.94665																										
		1.39069	1.94666																										
		1.39402	1.94666																										
		1.39734	1.94666																										
		1.40067	1.94664																										
