Sym0		Sym1		Sym2		Sym3		Sym4		Sym5		Asym1		Asym2		Asym3		Asym4	
407  Points		407  Points		395  Points		365  Points		256  Points		151  Points		409  Points		382  Points		360  Points		265  Points	
Freq (MHz)	Vgr (m/ms)	Freq (MHz)	Vgr (m/ms)	Freq (MHz)	Vgr (m/ms)	Freq (MHz)	Vgr (m/ms)	Freq (MHz)	Vgr (m/ms)	Freq (MHz)	Vgr (m/ms)	Freq (MHz)	Vgr (m/ms)	Freq (MHz)	Vgr (m/ms)	Freq (MHz)	Vgr (m/ms)	Freq (MHz)	Vgr (m/ms)
1.40192	2.00805	1.40284	2.01017	0.433036	0.106385	0.866023	-0.0272799	1.00188	0.029029	1.29904	-0.008521	0.216574	0.150772	1.40243	2.11916	0.667941	0.280058	1.08253	-0.016566
1.39902	2.00469	1.39994	2.00683	0.43319	0.155689	0.865984	-0.0441254	1.00192	0.0543481	1.29902	-0.0120723	0.216792	0.202373	1.39937	2.13092	0.668345	0.437737	1.0825	-0.0235792
1.39613	1.99797	1.39705	2.00011	0.433486	0.253577	0.865896	-0.0775966	1.00204	0.10489	1.299	-0.0192106	0.217158	0.305103	1.39627	2.15432	0.669205	0.72049	1.08246	-0.0375874
1.39325	1.99128	1.39417	1.99339	0.433922	0.349669	0.86576	-0.110701	1.00222	0.155145	1.29897	-0.0263094	0.217672	0.406485	1.39315	2.17748	0.670425	0.938168	1.08239	-0.0515414
1.39038	1.98457	1.39129	1.9867	0.434495	0.443344	0.865576	-0.143365	1.00248	0.20497	1.29892	-0.0334026	0.218332	0.505977	1.38999	2.20034	0.671913	1.0977	1.08231	-0.065387
1.38752	1.97787	1.38843	1.97999	0.435201	0.534159	0.865346	-0.175441	1.00281	0.254229	1.29887	-0.0404113	0.219133	0.603374	1.3868	2.22279	0.673594	1.21321	1.08221	-0.0790888
1.38467	1.97115	1.38558	1.9733	0.436037	0.621675	0.86507	-0.206781	1.00322	0.302798	1.29881	-0.0473241	0.220074	0.698267	1.38357	2.24468	0.675415	1.29768	1.08208	-0.0926496
1.38183	1.96445	1.38274	1.96658	0.436996	0.705446	0.864749	-0.237233	1.00369	0.350569	1.29873	-0.0541918	0.221149	0.790274	1.38032	2.26604	0.67734	1.36086	1.08194	-0.106002
1.379	1.95777	1.3799	1.95989	0.438073	0.785316	0.864385	-0.266791	1.00423	0.397405	1.29865	-0.0608958	0.222355	0.879219	1.37703	2.28673	0.679344	1.40936	1.08178	-0.119083
1.37618	1.95109	1.37708	1.95325	0.439263	0.861122	0.863979	-0.29529	1.00484	0.44325	1.29856	-0.0674924	0.223687	0.964898	1.37372	2.30673	0.681409	1.44754	1.08159	-0.131989
1.37337	1.94447	1.37426	1.94655	0.440559	0.932754	0.863532	-0.322627	1.00551	0.487993	1.29846	-0.0739472	0.22514	1.04712	1.37037	2.32606	0.683522	1.47843	1.08139	-0.144617
1.37057	1.93782	1.37146	1.9399	0.441956	1.00021	0.863047	-0.348808	1.00624	0.531555	1.29835	-0.0802651	0.22671	1.1258	1.367	2.34458	0.685676	1.50395	1.08118	-0.156909
1.36778	1.93118	1.36866	1.93333	0.443447	1.06357	0.862525	-0.373704	1.00704	0.573928	1.29823	-0.0864556	0.22839	1.20082	1.3636	2.36229	0.687864	1.52547	1.08094	-0.168895
1.36499	1.92464	1.36588	1.92671	0.445026	1.1229	0.861969	-0.397277	1.0079	0.614948	1.2981	-0.0924644	0.230176	1.27215	1.36018	2.37924	0.69008	1.54391	1.08069	-0.180562
1.36222	1.91808	1.3631	1.92013	0.446688	1.17829	0.861379	-0.41952	1.00882	0.654654	1.29796	-0.0982566	0.232063	1.33986	1.35674	2.39543	0.692321	1.55992	1.08042	-0.191886
1.35946	1.91155	1.36033	1.91363	0.448427	1.22995	0.860758	-0.440349	1.00979	0.693052	1.29781	-0.103835	0.234044	1.40389	1.35327	2.41081	0.694583	1.57398	1.08014	-0.202741
1.3567	1.90515	1.35758	1.90716	0.450239	1.27804	0.860107	-0.459741	1.01082	0.730002	1.29766	-0.109206	0.236115	1.46426	1.34978	2.42546	0.696865	1.5865	1.07984	-0.213246
1.35396	1.89872	1.35483	1.90074	0.452117	1.32275	0.85943	-0.477724	1.0119	0.765598	1.2975	-0.114381	0.238271	1.52113	1.34626	2.43937	0.699163	1.59771	1.07952	-0.223341
1.35122	1.89238	1.35209	1.89442	0.454057	1.36426	0.858728	-0.494282	1.01303	0.799803	1.29733	-0.119311	0.240506	1.5746	1.34273	2.45255	0.701477	1.60774	1.07919	-0.232913
1.34849	1.88616	1.34936	1.88816	0.456055	1.40275	0.858003	-0.509453	1.01421	0.832543	1.29715	-0.123971	0.242816	1.62471	1.33918	2.465	0.703804	1.61683	1.07885	-0.242094
1.34578	1.88	1.34664	1.88192	0.458107	1.43843	0.857258	-0.523168	1.01543	0.863892	1.29697	-0.128383	0.245196	1.67153	1.33562	2.47678	0.706144	1.62511	1.07849	-0.250789
1.34307	1.87399	1.34393	1.87589	0.460207	1.4714	0.856493	-0.535438	1.0167	0.893925	1.29678	-0.132521	0.247642	1.71537	1.33203	2.48796	0.708495	1.63258	1.07812	-0.258951
1.34037	1.86812	1.34122	1.86999	0.462354	1.50183	0.855712	-0.546355	1.01801	0.92257	1.29659	-0.136403	0.249823	1.75113	1.32844	2.49853	0.710857	1.63933	1.07774	-0.266632
1.33767	1.86246	1.33853	1.8642	0.464543	1.52994	0.854916	-0.555883	1.01936	0.94983	1.29639	-0.139917	0.251716	1.77981	1.32482	2.50846	0.713228	1.6455	1.07735	-0.273791
1.33499	1.857	1.33584	1.85868	0.466771	1.55591	0.854107	-0.564101	1.02075	0.975786	1.29618	-0.143138	0.253304	1.80241	1.32119	2.51785	0.715607	1.6511	1.07695	-0.280419
1.33231	1.85179	1.33316	1.85343	0.469034	1.57979	0.853288	-0.570941	1.02218	1.00045	1.29598	-0.146064	0.254574	1.81956	1.31755	2.52676	0.717994	1.65608	1.07654	-0.286497
1.32964	1.84701	1.33049	1.84851	0.471331	1.60171	0.852459	-0.576491	1.02364	1.02386	1.29576	-0.14862	0.255515	1.83186	1.3139	2.53511	0.720388	1.66055	1.07613	-0.291988
1.32698	1.84273	1.32783	1.84401	0.473658	1.62181	0.851623	-0.58078	1.02514	1.04598	1.29555	-0.150875	0.256121	1.83939	1.31024	2.54303	0.722788	1.66457	1.0757	-0.29689
1.32433	1.83908	1.32517	1.84014	0.476013	1.64018	0.850783	-0.583792	1.02666	1.06694	1.29533	-0.152748	0.256996	1.84996	1.30656	2.55051	0.725193	1.66808	1.07527	-0.301275
1.32167	1.83631	1.32252	1.83707	0.478393	1.65701	0.849938	-0.585641	1.02822	1.08675	1.29511	-0.154225	0.257952	1.86129	1.30287	2.5575	0.727603	1.67114	1.07483	-0.305064
1.31902	1.83479	1.31987	1.83512	0.480796	1.67228	0.849092	-0.586262	1.0298	1.10533	1.29488	-0.155347	0.259262	1.87604	1.29918	2.56415	0.730017	1.67375	1.07439	-0.308248
1.31638	1.83513	1.31722	1.83481	0.48322	1.68605	0.848246	-0.585748	1.03141	1.1228	1.29466	-0.156126	0.260934	1.89393	1.29547	2.57042	0.732435	1.67589	1.07394	-0.310807
1.31373	1.83816	1.31457	1.83683	0.485663	1.69851	0.847401	-0.584132	1.03304	1.13921	1.29443	-0.156439	0.262976	1.91432	1.29176	2.5763	0.734855	1.67761	1.07349	-0.312776
1.31107	1.84538	1.31192	1.84248	0.488124	1.70965	0.84656	-0.58134	1.0347	1.15453	1.29421	-0.156333	0.265398	1.93662	1.28803	2.5819	0.737278	1.67893	1.07304	-0.314149
1.3084	1.85932	1.30925	1.85392	0.490599	1.71955	0.845723	-0.577515	1.03637	1.16882	1.29398	-0.155827	0.268211	1.96018	1.2843	2.58716	0.739702	1.6798	1.07259	-0.314846
1.3057	1.88426	1.30656	1.87476	0.493087	1.72829	0.844892	-0.572647	1.03807	1.18211	1.29376	-0.154889	0.271057	1.98159	1.28057	2.59213	0.742127	1.68022	1.07213	-0.31492
1.30296	1.92755	1.30384	1.91122	0.495588	1.73589	0.84407	-0.566719	1.03979	1.19439	1.29353	-0.153526	0.273932	2.00098	1.27682	2.5968	0.744552	1.68026	1.07168	-0.314411
1.30014	1.99949	1.30105	1.97287	0.498099	1.74238	0.843256	-0.559844	1.04152	1.20578	1.29331	-0.151679	0.276833	2.0184	1.27307	2.60122	0.746977	1.6799	1.07122	-0.313244
1.29719	2.10821	1.29814	2.06966	0.500618	1.7478	0.842454	-0.551954	1.04327	1.21617	1.29309	-0.149377	0.279758	2.03392	1.26931	2.60537	0.749402	1.6791	1.07077	-0.311424
1.29405	2.24654	1.29507	2.20076	0.503144	1.75228	0.841663	-0.543059	1.04503	1.2256	1.29288	-0.146603	0.282705	2.04765	1.26555	2.60928	0.751824	1.67788	1.07032	-0.308957
1.2907	2.3864	1.29179	2.34381	0.505676	1.75575	0.840886	-0.533252	1.0468	1.23421	1.29267	-0.143327	0.285669	2.0596	1.26178	2.61301	0.754245	1.67624	1.06988	-0.305852
1.28716	2.49904	1.28831	2.46714	0.508212	1.75822	0.840124	-0.522574	1.04859	1.24191	1.29247	-0.139556	0.28865	2.0699	1.258	2.6165	0.756663	1.6742	1.06944	-0.302134
1.28349	2.57614	1.28467	2.55518	0.510752	1.75985	0.839377	-0.510959	1.05039	1.24875	1.29227	-0.135311	0.291645	2.07857	1.25423	2.61975	0.759078	1.67173	1.06901	-0.2977
1.27973	2.62512	1.28093	2.61193	0.513293	1.76056	0.838649	-0.498423	1.0522	1.2548	1.29208	-0.130556	0.29465	2.08565	1.25044	2.62281	0.761489	1.66884	1.06858	-0.29264
1.27591	2.65589	1.27713	2.64759	0.515834	1.76036	0.837939	-0.485068	1.05401	1.25994	1.29189	-0.125221	0.297665	2.09124	1.24665	2.62571	0.763896	1.66556	1.06816	-0.286916
1.27206	2.6757	1.27329	2.67035	0.518374	1.75938	0.837248	-0.470809	1.05583	1.26429	1.29172	-0.119385	0.300687	2.09535	1.24286	2.62843	0.766297	1.66178	1.06775	-0.28052
1.26819	2.68888	1.26942	2.68524	0.520913	1.75756	0.83658	-0.455696	1.05766	1.26787	1.29155	-0.11306	0.303714	2.09807	1.23907	2.631	0.768693	1.65759	1.06735	-0.273515
1.2643	2.69787	1.26554	2.69532	0.523122	1.75532	0.835933	-0.439824	1.05949	1.27063	1.29139	-0.106123	0.306744	2.09935	1.23527	2.63338	0.771082	1.65303	1.06696	-0.265805
1.2604	2.70413	1.26164	2.70238	0.525003	1.75287	0.83531	-0.423095	1.06133	1.27264	1.29124	-0.0986202	0.309774	2.0993	1.23146	2.63556	0.773465	1.648	1.06659	-0.257414
1.25649	2.7086	1.25773	2.70734	0.526556	1.75053	0.834712	-0.405531	1.06317	1.27386	1.2911	-0.090573	0.312804	2.09792	1.22766	2.63765	0.77584	1.64247	1.06622	-0.248397
1.25258	2.71182	1.25382	2.71089	0.527783	1.74851	0.834139	-0.387176	1.06501	1.27434	1.29098	-0.0819492	0.315831	2.09525	1.22385	2.63956	0.778206	1.63655	1.06587	-0.238713
1.24866	2.71417	1.24991	2.71351	0.528684	1.74693	0.833594	-0.368043	1.06685	1.27405	1.29087	-0.0727584	0.318853	2.09135	1.22004	2.64134	0.780564	1.6302	1.06553	-0.228352
1.24474	2.71587	1.24599	2.71539	0.52926	1.74583	0.833077	-0.34816	1.06869	1.27303	1.29077	-0.0629461	0.321868	2.08614	1.21623	2.64298	0.782912	1.62336	1.06521	-0.2173
1.24082	2.71707	1.24207	2.71674	0.530088	1.74416	0.832589	-0.327512	1.07052	1.27129	1.29069	-0.0525499	0.324875	2.07973	1.21241	2.64445	0.78525	1.61613	1.0649	-0.205595
1.2369	2.71792	1.23815	2.71768	0.530986	1.74232	0.832131	-0.306064	1.07235	1.26883	1.29062	-0.0415721	0.327872	2.07217	1.20859	2.64583	0.787577	1.6084	1.06462	-0.193245
1.23298	2.71846	1.23422	2.7183	0.532207	1.7396	0.831705	-0.283896	1.07418	1.26566	1.29057	-0.0299436	0.330857	2.0634	1.20477	2.64706	0.789893	1.60019	1.06435	-0.18019
1.22905	2.71873	1.2303	2.71867	0.533748	1.73585	0.831312	-0.26102	1.07601	1.26175	1.29053	-0.0177461	0.333828	2.05349	1.20095	2.64814	0.792197	1.59154	1.0641	-0.166532
1.22513	2.71883	1.22638	2.71883	0.535606	1.73095	0.830952	-0.237387	1.07783	1.25714	1.29051	-0.00492346	0.336784	2.04246	1.19713	2.64911	0.794488	1.58244	1.06387	-0.152179
1.2212	2.71881	1.22245	2.71886	0.53778	1.72474	0.830626	-0.213046	1.07964	1.25187	1.29052	0.00856365	0.339724	2.03028	1.1933	2.64996	0.796765	1.57288	1.06366	-0.13717
1.21728	2.71863	1.21853	2.71869	0.540264	1.71695	0.830337	-0.18802	1.08144	1.24588	1.29054	0.0226472	0.342645	2.01704	1.18948	2.65064	0.799028	1.56285	1.06347	-0.121506
1.21336	2.71833	1.2146	2.71842	0.542736	1.7084	0.830084	-0.162285	1.08323	1.23918	1.29058	0.0373379	0.345547	2.0027	1.18565	2.6512	0.801276	1.55237	1.06331	-0.105195
1.20943	2.71795	1.21068	2.71811	0.545196	1.69918	0.829868	-0.135863	1.08502	1.23186	1.29065	0.0526567	0.348427	1.98732	1.18182	2.65164	0.803509	1.54146	1.06317	-0.0882455
1.20551	2.71749	1.20676	2.71763	0.547641	1.68923	0.829691	-0.108802	1.08679	1.22388	1.29073	0.0686458	0.351284	1.97096	1.178	2.65195	0.805726	1.53003	1.06305	-0.0706066
1.20159	2.71695	1.20284	2.71711	0.550072	1.67857	0.829554	-0.0811194	1.08855	1.21524	1.29085	0.0852431	0.354116	1.95351	1.17417	2.65212	0.807926	1.51817	1.06296	-0.0523943
1.19767	2.71629	1.19891	2.7165	0.552487	1.66728	0.829457	-0.0527807	1.0903	1.20594	1.29098	0.102398	0.356923	1.93515	1.17034	2.65209	0.810109	1.50587	1.0629	-0.0335477
1.19375	2.71556	1.19499	2.71581	0.554885	1.65526	0.829402	-0.0237891	1.09203	1.196	1.29114	0.120228	0.359703	1.91587	1.16651	2.65197	0.812273	1.49305	1.06287	-0.0140187
1.18983	2.71483	1.19107	2.71508	0.557265	1.64258	0.829389	0.00577635	1.09375	1.18541	1.29133	0.138675	0.362454	1.89564	1.16268	2.65173	0.814419	1.47988	1.06286	0.00606961
1.18591	2.71403	1.18716	2.71429	0.559627	1.62929	0.829419	0.0359033	1.09545	1.17426	1.29154	0.1577	0.365175	1.87458	1.15886	2.65125	0.816545	1.46627	1.06288	0.0267639
1.18199	2.71316	1.18324	2.71343	0.561969	1.61535	0.829492	0.0665672	1.09714	1.1625	1.29178	0.177291	0.367865	1.85266	1.15503	2.65065	0.818652	1.45217	1.06294	0.048084
1.17808	2.71224	1.17932	2.71252	0.56429	1.60077	0.829611	0.0977926	1.09881	1.15013	1.29205	0.197505	0.370523	1.82998	1.15121	2.64989	0.820737	1.43766	1.06302	0.0699234
1.17416	2.71127	1.17541	2.71159	0.56659	1.58556	0.829775	0.129555	1.10046	1.13725	1.29235	0.218303	0.373148	1.80659	1.14738	2.64896	0.822802	1.42278	1.06314	0.0923621
1.17025	2.71027	1.1715	2.71059	0.568867	1.5698	0.829985	0.161732	1.10209	1.1238	1.29268	0.239612	0.375738	1.78248	1.14356	2.64782	0.824845	1.40752	1.06329	0.11534
1.16634	2.70917	1.16758	2.70955	0.571121	1.55345	0.830206	0.190179	1.1037	1.10979	1.29304	0.261502	0.378293	1.7578	1.13974	2.64643	0.826606	1.39385	1.06347	0.138884
1.16243	2.70805	1.16367	2.70843	0.573351	1.53653	0.830423	0.214653	1.1053	1.09532	1.29344	0.283895	0.380813	1.73252	1.13592	2.64488	0.828095	1.38201	1.06369	0.1629
1.15852	2.70693	1.15976	2.70728	0.575557	1.51906	0.830622	0.235026	1.10687	1.08036	1.29386	0.306781	0.383295	1.70674	1.1321	2.64312	0.829316	1.37211	1.06394	0.187421
1.15462	2.70569	1.15586	2.70607	0.577737	1.50113	0.830793	0.251338	1.10842	1.06494	1.29432	0.330142	0.38574	1.68059	1.12829	2.64105	0.830275	1.36417	1.06423	0.212441
1.15071	2.70441	1.15195	2.70484	0.57989	1.48268	0.830925	0.263307	1.10994	1.04911	1.29482	0.353939	0.388146	1.65408	1.12448	2.63874	0.830977	1.35828	1.06455	0.23787
1.14681	2.70315	1.14805	2.70354	0.582017	1.46375	0.831013	0.271066	1.11144	1.03285	1.29535	0.378169	0.390514	1.62727	1.12067	2.63618	0.831424	1.35439	1.06492	0.263754
1.14291	2.7018	1.14415	2.7022	0.584116	1.4444	0.831145	0.282252	1.11292	1.01621	1.29591	0.402826	0.392844	1.60025	1.11687	2.63334	0.832065	1.34887	1.06532	0.290033
1.13901	2.70035	1.14025	2.70082	0.586186	1.42465	0.831293	0.294244	1.11438	0.999278	1.29651	0.427822	0.395134	1.57315	1.11307	2.63013	0.832759	1.343	1.06575	0.316664
1.13511	2.69891	1.13635	2.69938	0.588228	1.40453	0.831505	0.310793	1.11581	0.98203	1.29714	0.453131	0.397385	1.54601	1.10928	2.62651	0.833698	1.33471	1.06623	0.343631
1.13122	2.69742	1.13246	2.69791	0.590241	1.38399	0.83179	0.331917	1.11721	0.964527	1.29782	0.478774	0.399597	1.51889	1.10549	2.62255	0.834876	1.32415	1.06675	0.370979
1.12733	2.69584	1.12856	2.69634	0.592223	1.36321	0.83216	0.357517	1.11859	0.946807	1.29853	0.504645	0.40177	1.49197	1.10171	2.61822	0.836289	1.31131	1.0673	0.398574
1.12344	2.69422	1.12467	2.69475	0.594176	1.34216	0.832628	0.387681	1.11995	0.92887	1.29927	0.530753	0.403904	1.46525	1.09793	2.61338	0.837929	1.29599	1.0679	0.426372
1.11955	2.69259	1.12078	2.6931	0.596098	1.3208	0.833213	0.422539	1.12127	0.910794	1.30006	0.55704	0.406	1.43881	1.09416	2.60803	0.839787	1.27823	1.06853	0.454429
1.11566	2.69087	1.1169	2.69141	0.597989	1.29928	0.833848	0.457583	1.12257	0.892661	1.30088	0.583468	0.408057	1.41278	1.0904	2.60214	0.841619	1.26027	1.06921	0.482638
1.11178	2.68905	1.11302	2.68965	0.599849	1.27761	0.834534	0.492719	1.12385	0.874411	1.30174	0.610029	0.410078	1.3872	1.08665	2.59565	0.843425	1.2421	1.06993	0.511005
1.1079	2.68722	1.10913	2.68781	0.601677	1.25582	0.835271	0.527975	1.1251	0.85615	1.30264	0.636637	0.412062	1.36222	1.08291	2.58851	0.845205	1.22378	1.07068	0.539466
1.10402	2.68533	1.10526	2.68596	0.603474	1.23394	0.836058	0.563291	1.12632	0.837937	1.30358	0.663266	0.41401	1.33782	1.07918	2.58062	0.846958	1.20532	1.07148	0.567972
1.10015	2.68337	1.10138	2.68402	0.605239	1.21198	0.836897	0.598564	1.12752	0.819749	1.30456	0.689865	0.415924	1.31409	1.07546	2.57195	0.848684	1.18675	1.07232	0.596564
1.09628	2.68136	1.09751	2.68197	0.606973	1.19008	0.837786	0.633815	1.12869	0.801756	1.30557	0.716402	0.417804	1.29113	1.07175	2.56243	0.850384	1.16813	1.07309	0.6214
1.09241	2.67925	1.09364	2.67993	0.608675	1.16822	0.838726	0.668983	1.12983	0.783861	1.30662	0.742816	0.419651	1.26903	1.06806	2.55189	0.852056	1.14948	1.07377	0.642601
1.08854	2.67708	1.08977	2.67781	0.610345	1.14645	0.839717	0.703998	1.13095	0.766162	1.30772	0.769057	0.421467	1.24776	1.06439	2.54034	0.853702	1.13086	1.07434	0.660103
1.08468	2.67486	1.08591	2.67556	0.611984	1.12484	0.840759	0.738827	1.13204	0.748783	1.30884	0.795172	0.423253	1.22738	1.06073	2.52763	0.855321	1.11228	1.07481	0.67388
1.08082	2.67255	1.08205	2.67325	0.613592	1.10334	0.84185	0.773417	1.13311	0.731601	1.31001	0.821035	0.42501	1.208	1.05709	2.51365	0.856913	1.0938	1.07516	0.683868
1.07697	2.67012	1.07819	2.67091	0.615169	1.08208	0.842991	0.807741	1.13402	0.71696	1.31122	0.846614	0.42674	1.1896	1.05347	2.49835	0.858478	1.07544	1.07539	0.690304
1.07311	2.66769	1.07434	2.6685	0.616716	1.06112	0.844182	0.841712	1.13479	0.704679	1.31246	0.871918	0.428444	1.17223	1.04988	2.48151	0.860017	1.05721	1.07572	0.699781
1.06927	2.66516	1.07049	2.66595	0.618232	1.04046	0.845421	0.875323	1.13541	0.694598	1.31373	0.896816	0.430124	1.15589	1.04631	2.46308	0.86153	1.03927	1.07608	0.709872
1.06542	2.66251	1.06664	2.66334	0.619719	1.02013	0.846709	0.908535	1.13589	0.686856	1.31504	0.921345	0.431781	1.14065	1.04277	2.44292	0.863017	1.02159	1.07658	0.723409
1.06158	2.65979	1.0628	2.66067	0.621177	1.00019	0.848044	0.941255	1.13624	0.681173	1.31639	0.945499	0.433417	1.12652	1.03926	2.4209	0.864479	1.00414	1.07723	0.740649
1.05774	2.65698	1.05896	2.65791	0.622607	0.980661	0.849426	0.973434	1.13647	0.677538	1.31777	0.969199	0.435033	1.11344	1.03578	2.39702	0.865916	0.987067	1.07804	0.761397
1.05391	2.65407	1.05513	2.65501	0.624008	0.961595	0.850854	1.00513	1.13679	0.672425	1.31919	0.992429	0.436631	1.10149	1.03234	2.37107	0.867329	0.970363	1.07901	0.785502
1.05008	2.65103	1.0513	2.65201	0.625382	0.942979	0.852327	1.03624	1.13713	0.666991	1.32064	1.01516	0.438213	1.0906	1.02893	2.34304	0.868717	0.954138	1.08016	0.812841
1.04626	2.64796	1.04747	2.64894	0.62673	0.924919	0.853845	1.06674	1.1376	0.659612	1.32212	1.03733	0.439779	1.0808	1.02557	2.31299	0.870083	0.938335	1.08136	0.839914
1.04244	2.64475	1.04365	2.64579	0.628052	0.907393	0.855407	1.09653	1.13818	0.650385	1.32363	1.05896	0.441333	1.07213	1.02226	2.2808	0.871426	0.922999	1.08259	0.866671
1.03862	2.64141	1.03983	2.64249	0.62935	0.890427	0.857011	1.12563	1.13887	0.639601	1.32518	1.08003	0.442874	1.06453	1.01899	2.24658	0.872747	0.908264	1.08386	0.893013
1.03481	2.63795	1.03602	2.63906	0.630623	0.874107	0.858656	1.15406	1.13967	0.62728	1.32675	1.10048	0.444406	1.05795	1.01577	2.21053	0.874048	0.894121	1.08517	0.918929
1.03101	2.63439	1.03222	2.63555	0.631873	0.85833	0.860342	1.18176	1.14056	0.613737	1.32835	1.12038	0.445928	1.05243	1.01261	2.17277	0.875328	0.880568	1.08651	0.944411
1.02721	2.63072	1.02841	2.6319	0.633101	0.843227	0.862068	1.20864	1.14144	0.60074	1.32977	1.13719	0.447444	1.04791	1.0095	2.13352	0.87659	0.867675	1.08789	0.969347
1.02341	2.62689	1.02462	2.62813	0.634307	0.828827	0.863831	1.23471	1.1423	0.588382	1.331	1.15117	0.448953	1.04436	1.00645	2.09309	0.877833	0.855516	1.08931	0.99379
1.01962	2.62298	1.02083	2.62424	0.635493	0.815072	0.865632	1.26002	1.14314	0.576673	1.33203	1.16242	0.450459	1.04186	1.00346	2.05186	0.87906	0.84409	1.09076	1.01773
1.01584	2.61888	1.01704	2.6202	0.63666	0.802006	0.867468	1.28443	1.14396	0.565655	1.33284	1.17118	0.451961	1.04024	1.00053	2.01013	0.88027	0.833396	1.09225	1.04109
1.01206	2.61463	1.01326	2.61601	0.637809	0.789613	0.86934	1.30802	1.14477	0.555385	1.33345	1.17755	0.453462	1.03954	0.997654	1.96827	0.881465	0.823472	1.09377	1.06383
1.00829	2.61024	1.00949	2.61164	0.63894	0.777961	0.871244	1.33073	1.14556	0.545783	1.33384	1.18153	0.454962	1.03978	0.994844	1.92665	0.882647	0.814408	1.09532	1.08596
1.00453	2.6057	1.00572	2.60716	0.640054	0.767007	0.873181	1.35252	1.14634	0.53688	1.3344	1.18718	0.456463	1.04085	0.992093	1.88561	0.883816	0.806214	1.0969	1.10747
1.00077	2.60103	1.00196	2.60252	0.641154	0.75677	0.875149	1.37349	1.14711	0.528803	1.33501	1.19333	0.457967	1.04274	0.9894	1.84541	0.884974	0.798895	1.09852	1.12829
0.99702	2.59615	0.998211	2.59771	0.642239	0.747293	0.877146	1.3935	1.14787	0.521505	1.33585	1.20154	0.459473	1.04548	0.986765	1.80633	0.886123	0.792488	1.10016	1.14848
0.993276	2.59108	0.994465	2.5927	0.643311	0.73849	0.879171	1.41258	1.14862	0.514927	1.33692	1.21154	0.460985	1.04901	0.984186	1.7686	0.887262	0.787015	1.10183	1.16795
0.98954	2.58585	0.990727	2.58752	0.644371	0.730426	0.881224	1.43076	1.14936	0.509147	1.33823	1.22339	0.462502	1.05323	0.98166	1.73233	0.888394	0.782483	1.10353	1.18673
0.985811	2.58044	0.986996	2.58221	0.645419	0.723098	0.883302	1.44802	1.15009	0.504207	1.33978	1.23686	0.464025	1.05823	0.979185	1.69758	0.889521	0.778972	1.10526	1.20484
0.982091	2.57481	0.983273	2.57664	0.646458	0.716468	0.885404	1.46434	1.15081	0.500052	1.34157	1.25166	0.465556	1.06399	0.976759	1.66447	0.890643	0.776485	1.10701	1.2222
0.978379	2.56898	0.979558	2.57085	0.647488	0.71059	0.887529	1.47972	1.15153	0.496656	1.34339	1.2658	0.467097	1.07039	0.97438	1.63297	0.891762	0.774984	1.10879	1.2388
0.974675	2.56296	0.975851	2.5649	0.648509	0.705416	0.889676	1.49418	1.15225	0.494153	1.34523	1.2792	0.468646	1.07747	0.972045	1.60308	0.89288	0.774527	1.11059	1.25471
0.97098	2.55671	0.972153	2.55872	0.649524	0.700962	0.891842	1.50771	1.15296	0.492461	1.34708	1.29198	0.470207	1.08522	0.969753	1.57472	0.893998	0.775141	1.11241	1.26988
0.967294	2.55022	0.968465	2.5523	0.650533	0.697197	0.894028	1.5203	1.15367	0.491506	1.34896	1.30409	0.471779	1.09356	0.9675	1.54781	0.895118	0.776839	1.11425	1.28424
0.963618	2.54353	0.964786	2.54568	0.651537	0.694069	0.896231	1.53194	1.15438	0.491431	1.35085	1.31549	0.473364	1.10253	0.965284	1.52234	0.896241	0.779666	1.11612	1.29791
0.959952	2.53659	0.961116	2.53882	0.652537	0.6917	0.89845	1.54267	1.15509	0.492163	1.35275	1.32624	0.474962	1.11214	0.963105	1.4982	0.897369	0.783606	1.118	1.31082
0.956296	2.52937	0.957457	2.53169	0.653533	0.690002	0.900684	1.5525	1.1558	0.4937	1.35468	1.33627	0.476574	1.12233	0.96096	1.47527	0.898503	0.788653	1.1199	1.32295
0.95265	2.5219	0.953808	2.5243	0.654528	0.688897	0.902932	1.5614	1.15651	0.49608	1.35661	1.34564	0.478202	1.13314	0.958846	1.45351	0.899645	0.794838	1.12182	1.33436
0.949016	2.51414	0.95017	2.51664	0.655522	0.688528	0.905192	1.56937	1.15723	0.499248	1.35856	1.35442	0.479845	1.14455	0.956764	1.43282	0.900797	0.802215	1.12375	1.34501
0.945392	2.50615	0.946543	2.50871	0.656516	0.688782	0.907462	1.57643	1.15795	0.503249	1.36052	1.36248	0.481506	1.15659	0.95471	1.41314	0.901961	0.810775	1.1257	1.35491
0.941781	2.49787	0.942928	2.50055	0.657511	0.689679	0.909742	1.58264	1.15868	0.507996	1.36249	1.36988	0.483184	1.16924	0.952684	1.39435	0.903138	0.820474	1.12766	1.36411
0.938182	2.4893	0.939324	2.49206	0.658507	0.691226	0.912031	1.58794	1.15942	0.513555	1.36448	1.37665	0.484881	1.18252	0.950685	1.3764	0.90433	0.83133	1.12964	1.37256
0.934595	2.48043	0.935734	2.48328	0.659506	0.693318	0.914326	1.59231	1.16017	0.519961	1.36647	1.38279	0.486598	1.19652	0.948711	1.35924	0.905538	0.843423	1.13162	1.38022
0.931021	2.47126	0.932156	2.47421	0.660508	0.696085	0.916628	1.59581	1.16092	0.527118	1.36847	1.38831	0.488335	1.21121	0.946761	1.34281	0.906764	0.856757	1.13362	1.38717
0.927461	2.46178	0.928591	2.46479	0.661515	0.699446	0.918933	1.59848	1.16169	0.535055	1.37048	1.39319	0.490094	1.22669	0.944835	1.327	0.908011	0.871261	1.13563	1.39346
0.923915	2.45197	0.92504	2.45512	0.662528	0.70336	0.921242	1.60029	1.16247	0.543747	1.37249	1.39746	0.491876	1.243	0.94293	1.3118	0.909279	0.886972	1.13764	1.39899
0.920383	2.44187	0.921504	2.44514	0.663546	0.707881	0.923553	1.60123	1.16326	0.553184	1.37451	1.40114	0.493682	1.26023	0.941048	1.29722	0.910572	0.90391	1.13967	1.4038
0.916866	2.43142	0.917982	2.43478	0.664571	0.712998	0.925864	1.60137	1.16406	0.563396	1.37653	1.40422	0.495514	1.27852	0.939186	1.28314	0.911889	0.922047	1.1417	1.40793
0.913364	2.42064	0.914475	2.42409	0.665604	0.718669	0.928176	1.60067	1.16488	0.574361	1.37856	1.40668	0.497373	1.29799	0.937344	1.26955	0.913233	0.941405	1.14373	1.41135
0.909878	2.40953	0.910984	2.41311	0.666646	0.72491	0.930485	1.59912	1.16572	0.586032	1.38059	1.40857	0.499261	1.31882	0.935521	1.25645	0.914606	0.961925	1.14577	1.41412
0.906408	2.39809	0.907509	2.40178	0.667697	0.731693	0.932792	1.5968	1.16657	0.598423	1.38263	1.40991	0.50118	1.34121	0.933717	1.24371	0.91601	0.983647	1.14781	1.4162
0.902955	2.38633	0.904051	2.39009	0.668758	0.739003	0.935095	1.5937	1.16745	0.61154	1.38466	1.4107	0.503133	1.36548	0.93193	1.23142	0.917446	1.00656	1.14986	1.41764
0.899519	2.37425	0.90061	2.37815	0.66983	0.746906	0.937392	1.58977	1.16834	0.625349	1.3867	1.4109	0.505122	1.3919	0.930162	1.21952	0.918916	1.03057	1.15191	1.41844
0.896101	2.36181	0.897186	2.36583	0.670914	0.755325	0.939684	1.58513	1.16925	0.639835	1.38874	1.41053	0.507151	1.42089	0.92841	1.20794	0.920421	1.05576	1.15395	1.41854
0.892701	2.34909	0.89378	2.35313	0.67201	0.764259	0.941968	1.57974	1.17019	0.654987	1.39077	1.40969	0.509224	1.453	0.926675	1.19672	0.921963	1.08209	1.156	1.41805
0.88932	2.33601	0.890393	2.34019	0.67312	0.773779	0.944244	1.5736	1.17114	0.670767	1.39281	1.40831	0.511345	1.48876	0.924955	1.18585	0.923545	1.10943	1.15805	1.41696
0.885958	2.32261	0.887024	2.3269	0.674244	0.78385	0.946511	1.56679	1.17212	0.687226	1.39484	1.40638	0.513522	1.52883	0.923251	1.17532	0.925166	1.13782	1.16009	1.41524
0.882615	2.30891	0.883676	2.3133	0.675383	0.794415	0.948767	1.55925	1.17313	0.704281	1.39687	1.40399	0.515759	1.57398	0.921563	1.16503	0.926829	1.16725	1.16213	1.41295
0.879293	2.29493	0.880347	2.29941	0.676537	0.80552	0.951012	1.55101	1.17416	0.721928	1.39889	1.4011	0.518065	1.62495	0.919888	1.15506	0.928536	1.1976	1.16417	1.41009
0.87599	2.28064	0.877038	2.28519	0.677708	0.817152	0.953245	1.54213	1.17521	0.740162	1.40091	1.39953	0.52045	1.68236	0.918228	1.14539	0.930287	1.22885	1.1662	1.40664
0.872709	2.26607	0.87375	2.27074	0.678896	0.829376	0.955464	1.5326	1.17629	0.758948			0.522922	1.74666	0.916582	1.13599	0.932083	1.26096	1.16823	1.40268
0.869449	2.25128	0.870483	2.25604	0.680102	0.842153	0.957669	1.52249	1.1774	0.778301			0.525492	1.81781	0.914949	1.12687	0.933927	1.29382	1.17025	1.39818
0.86621	2.23628	0.867237	2.24107	0.681327	0.855427	0.959859	1.51179	1.17854	0.798159			0.528169	1.89499	0.913329	1.11801	0.935818	1.32743	1.17227	1.3931
0.862993	2.221	0.864013	2.22587	0.682572	0.869315	0.962033	1.50048	1.17971	0.818488			0.530962	1.97668	0.911721	1.10944	0.937759	1.3617	1.17427	1.38757
0.859799	2.20553	0.860812	2.21046	0.683837	0.883766	0.96419	1.48859	1.1809	0.839309			0.533876	2.06056	0.910126	1.10116	0.939749	1.39649	1.17627	1.38161
0.856626	2.18989	0.857632	2.19489	0.685123	0.898828	0.96633	1.47624	1.18213	0.86056			0.536911	2.14366	0.908543	1.0931	0.94179	1.43179	1.17826	1.37512
0.853477	2.17407	0.854476	2.17913	0.686432	0.914489	0.968452	1.4634	1.18339	0.882208			0.540064	2.22326	0.906971	1.08533	0.943882	1.46753	1.18024	1.36817
0.85035	2.15817	0.851342	2.16321	0.687763	0.930743	0.970555	1.45006	1.18468	0.904275			0.543329	2.29701	0.90541	1.07785	0.946026	1.50356	1.18221	1.36085
0.847247	2.14211	0.848231	2.1472	0.689118	0.947659	0.972638	1.43628	1.186	0.926697			0.546695	2.36325	0.903859	1.07058	0.948223	1.53985	1.18417	1.35309
0.844167	2.12597	0.845143	2.13113	0.690499	0.965235	0.974701	1.42207	1.18735	0.949444			0.550151	2.42135	0.902319	1.06366	0.950471	1.57627	1.18612	1.34493
0.84111	2.1098	0.842079	2.11496	0.691905	0.983472	0.976743	1.4075	1.18874	0.972463			0.553685	2.47145	0.900789	1.05698	0.952773	1.61276	1.18805	1.33641
0.838076	2.09357	0.839038	2.09873	0.693338	1.0024	0.978764	1.39259	1.19016	0.995764			0.557285	2.51401	0.899268	1.05059	0.955127	1.64924	1.18998	1.32758
0.835066	2.07738	0.83602	2.08254	0.694798	1.02205	0.980763	1.37737	1.19161	1.01928			0.560942	2.5499	0.897756	1.04454	0.957534	1.68553	1.19189	1.3184
0.832079	2.06117	0.833026	2.06634	0.696288	1.04249	0.98274	1.36186	1.1931	1.04301			0.564646	2.58008	0.896252	1.03874	0.959993	1.72166	1.19378	1.30894
0.829116	2.04502	0.830055	2.05012	0.697808	1.0637	0.984694	1.34604	1.19462	1.06693			0.56839	2.60535	0.894757	1.03323	0.962504	1.75752	1.19566	1.2992
0.826176	2.02898	0.827108	2.03403	0.699359	1.08562	0.986626	1.33004	1.19618	1.09093			0.572167	2.62652	0.89327	1.02806	0.965066	1.79299	1.19753	1.28919
0.823259	2.01301	0.824184	2.0181	0.700942	1.10845	0.988534	1.31387	1.19777	1.11506			0.575972	2.64431	0.89179	1.02321	0.96768	1.82798	1.19939	1.27896
0.820365	1.99719	0.821282	2.00221	0.702559	1.13217	0.990419	1.29747	1.1994	1.13924			0.5798	2.65936	0.890316	1.01872	0.970343	1.8625	1.20122	1.26849
0.817493	1.98151	0.818404	1.98647	0.70421	1.15673	0.992279	1.281	1.20106	1.16342			0.583649	2.67209	0.888849	1.01456	0.973056	1.89642	1.20305	1.25791
0.814645	1.96604	0.815548	1.97095	0.705898	1.18224	0.994116	1.26445	1.20276	1.18759			0.587514	2.68288	0.887387	1.01072	0.975818	1.92968	1.20486	1.24717
0.811818	1.95077	0.812714	1.95558	0.707623	1.20865	0.99593	1.24783	1.20449	1.21173			0.591394	2.69205	0.885931	1.00729	0.978627	1.96224	1.20665	1.2363
0.809013	1.9357	0.809902	1.94046	0.709387	1.23602	0.997719	1.2312	1.20626	1.23573			0.595285	2.69993	0.88448	1.00423	0.981482	1.99401	1.20843	1.22534
0.80623	1.92093	0.807112	1.92558	0.711191	1.2644	0.999484	1.21454	1.20806	1.25964			0.599188	2.70673	0.883032	1.00155	0.984383	2.02502	1.21019	1.21425
0.803468	1.90641	0.804344	1.911	0.713037	1.29375	1.00122	1.19793	1.20989	1.28342			0.603099	2.71255	0.881588	0.999272	0.987328	2.05517	1.21193	1.20322
0.800727	1.89223	0.801596	1.89669	0.714926	1.32409	1.00294	1.18139	1.21176	1.30699			0.607018	2.71754	0.880147	0.997428	0.990316	2.08442	1.21366	1.19217
0.798006	1.87838	0.798868	1.88274	0.716859	1.35542	1.00464	1.16495	1.21367	1.33031			0.610944	2.72191	0.878709	0.99601	0.993345	2.11274	1.21537	1.18108
0.795304	1.86482	0.796161	1.8691	0.718839	1.38771	1.0063	1.14867	1.2156	1.3534			0.614876	2.7257	0.877272	0.995077	0.996415	2.14012	1.21707	1.17004
0.792622	1.85169	0.793473	1.85582	0.720865	1.42099	1.00795	1.13255	1.21757	1.37619			0.618812	2.72895	0.875836	0.994604	0.999523	2.16652	1.21875	1.1591
0.789959	1.83898	0.790804	1.84296	0.722941	1.45517	1.00957	1.11658	1.21957	1.39864			0.622753	2.73182	0.874401	0.994609	1.00267	2.19199	1.22041	1.14832
0.787314	1.82666	0.788153	1.83049	0.725066	1.49017	1.01117	1.10083	1.22161	1.42074			0.626698	2.73428	0.872965	0.995132	1.00585	2.21648	1.22206	1.13762
0.784686	1.81476	0.785519	1.81851	0.727242	1.52602	1.01275	1.08534	1.22368	1.44245			0.630647	2.73643	0.871528	0.996179	1.00907	2.23989	1.2237	1.12707
0.782075	1.80335	0.782903	1.80694	0.729471	1.56251	1.01431	1.07009	1.22577	1.46378			0.634598	2.73831	0.87009	0.997759	1.01232	2.26233	1.22532	1.11678
0.77948	1.79246	0.780303	1.79588	0.731753	1.59958	1.01584	1.0551	1.2279	1.48466			0.638552	2.73991	0.868648	0.999895	1.0156	2.28376	1.22692	1.10669
0.776901	1.78211	0.777719	1.78533	0.734089	1.63719	1.01735	1.04043	1.23006	1.50502			0.642507	2.74129	0.867203	1.0027	1.01891	2.30415	1.22851	1.09681
0.774336	1.77224	0.775149	1.77528	0.736479	1.67511	1.01884	1.0261	1.23225	1.52495			0.646465	2.7425	0.865754	1.00604	1.02225	2.32353	1.23009	1.08726
0.771785	1.76299	0.772594	1.76589	0.738924	1.71323	1.02032	1.01208	1.23446	1.54436			0.650424	2.7435	0.864299	1.01002	1.02562	2.34194	1.23165	1.07805
0.769246	1.75437	0.770052	1.75706	0.741425	1.7514	1.02177	0.998412	1.2367	1.56322			0.654385	2.74434	0.862838	1.01467	1.02901	2.35931	1.2332	1.06913
0.76672	1.74637	0.767522	1.74886	0.74398	1.78942	1.0232	0.985131	1.23897	1.58155			0.658346	2.74508	0.86137	1.01995	1.03243	2.37569	1.23474	1.0606
0.764205	1.73908	0.765003	1.74131	0.74659	1.82718	1.02461	0.972228	1.24127	1.59924			0.662309	2.74564	0.859894	1.02597	1.03587	2.39109	1.23626	1.05249
0.7617	1.73247	0.762495	1.73449	0.749255	1.86448	1.026	0.959698	1.24359	1.61637			0.666272	2.7461	0.858408	1.03273	1.03933	2.40546	1.23778	1.04481
0.759204	1.72659	0.759996	1.72839	0.751973	1.90119	1.02738	0.94761	1.24594	1.63292			0.670236	2.74648	0.856912	1.04018	1.04281	2.41886	1.23928	1.0376
0.756716	1.72156	0.757506	1.72307	0.754743	1.93715	1.02874	0.935926	1.2483	1.64884			0.674201	2.7467	0.855405	1.04841	1.04631	2.43132	1.24077	1.03085
0.754234	1.71736	0.755022	1.71859	0.757565	1.97216	1.03008	0.924628	1.2507	1.66409			0.678165	2.74685	0.853886	1.05748	1.04983	2.44278	1.24225	1.02465
0.751758	1.71402	0.752545	1.71499	0.760436	2.00622	1.03141	0.913742	1.25311	1.67871			0.68213	2.74692	0.852353	1.06726	1.05336	2.45324	1.24373	1.01899
0.749286	1.71166	0.750071	1.71232	0.763356	2.03918	1.03272	0.903318	1.25554	1.69265			0.686095	2.74693	0.850805	1.07789	1.05691	2.46279	1.2452	1.01389
0.746817	1.71023	0.747601	1.71056	0.766323	2.07086	1.03402	0.893346	1.258	1.70588			0.69006	2.74685	0.849241	1.0894	1.06047	2.47137	1.24666	1.00939
0.744349	1.70986	0.745133	1.70984	0.769334	2.10131	1.0353	0.883782	1.26047	1.7185			0.694025	2.74667	0.84766	1.10172	1.06405	2.47896	1.24811	1.00557
0.741881	1.71058	0.742666	1.71022	0.772389	2.13049	1.03657	0.874679	1.26296	1.73038			0.697989	2.74643	0.846061	1.11495	1.06763	2.48564	1.24956	1.00242
0.739411	1.71239	0.740196	1.71172	0.775484	2.1583	1.03782	0.865989	1.26546	1.74152			0.701953	2.7462	0.844441	1.12903	1.07122	2.49137	1.251	0.999888
0.736938	1.71544	0.737724	1.71434	0.778619	2.18469	1.03907	0.857725	1.26798	1.752			0.705917	2.74583	0.842801	1.14401	1.07482	2.4961	1.25245	0.998147
0.734459	1.71969	0.735248	1.7182	0.781791	2.20975	1.0403	0.849968	1.27052	1.76178			0.709879	2.74539	0.841139	1.1599	1.07843	2.49989	1.25388	0.997167
0.731973	1.72526	0.732764	1.72336	0.784998	2.23349	1.04152	0.842574	1.27307	1.77077			0.713842	2.74495	0.839453	1.17667	1.08204	2.50274	1.25532	0.996933
0.729479	1.73217	0.730273	1.7298	0.788239	2.2559	1.04273	0.835618	1.27563	1.77904			0.717803	2.74444	0.837742	1.19438	1.08565	2.50457	1.25676	0.997512
0.726973	1.74041	0.727771	1.73761	0.79151	2.27704	1.04393	0.829173	1.2782	1.78661			0.721764	2.74385	0.836005	1.21295	1.08927	2.50544	1.2582	0.998937
0.724454	1.75008	0.725257	1.74687	0.794812	2.29687	1.04513	0.823058	1.28079	1.79344			0.725724	2.74323	0.834241	1.23238	1.09289	2.50533	1.25965	1.00126
0.721921	1.76115	0.722728	1.75748	0.798141	2.31554	1.04631	0.8174	1.28338	1.79953			0.729683	2.74255	0.832448	1.25271	1.0965	2.50422	1.26109	1.00451
0.71937	1.77368	0.720183	1.76955	0.801496	2.33311	1.04749	0.812191	1.28598	1.8048			0.733641	2.74181	0.830624	1.27389	1.10011	2.50212	1.26255	1.00866
0.716801	1.78762	0.71762	1.78306	0.804876	2.34955	1.04865	0.807316	1.28859	1.80938			0.737598	2.741	0.82877	1.29589	1.10372	2.49895	1.26401	1.01381
0.71421	1.80297	0.715036	1.79792	0.808279	2.36491	1.04982	0.802901	1.29121	1.81321			0.741554	2.74015	0.826884	1.31871	1.10733	2.49472	1.26547	1.01998
0.711596	1.81975	0.71243	1.81424	0.811703	2.37933	1.05097	0.798899	1.29383	1.81626			0.745508	2.73925	0.824963	1.34231	1.11093	2.48946	1.26695	1.02713
0.708957	1.83779	0.709799	1.83194	0.815147	2.3928	1.05212	0.79525	1.29645	1.81859			0.749461	2.73826	0.823009	1.36658	1.11451	2.4831	1.26844	1.03539
0.706291	1.8571	0.707141	1.85086	0.81861	2.4054	1.05327	0.791997	1.29908	1.82016			0.753413	2.73728	0.821018	1.39154	1.11809	2.47563	1.26994	1.04479
0.703596	1.87763	0.704456	1.87097	0.822091	2.41719	1.05441	0.789162	1.3017	1.82094			0.757363	2.73621	0.818992	1.41714	1.12166	2.46706	1.27145	1.05528
0.700871	1.89919	0.70174	1.89222	0.825588	2.42817	1.05555	0.786646	1.30433	1.82101			0.761312	2.73505	0.816927	1.44329	1.12522	2.45736	1.27299	1.06693
0.698113	1.92168	0.698993	1.91444	0.829101	2.43846	1.05668	0.784509	1.30696	1.8203			0.765259	2.73388	0.814825	1.46997	1.12875	2.44646	1.27453	1.07983
0.695323	1.94496	0.696214	1.93748	0.832627	2.44808	1.05781	0.782782	1.30959	1.81886			0.769204	2.7326	0.812684	1.49709	1.13228	2.43435	1.2761	1.09396
0.692499	1.96891	0.6934	1.96124	0.836168	2.45702	1.05894	0.781368	1.31221	1.81667			0.773147	2.73127	0.810503	1.52453	1.13578	2.42101	1.27769	1.10934
0.689639	1.99336	0.690552	1.98553	0.83972	2.46538	1.06007	0.780296	1.31483	1.81367			0.777088	2.72991	0.808283	1.55225	1.13927	2.40646	1.2793	1.12601
0.686744	2.01815	0.687669	2.01024	0.843285	2.47318	1.06119	0.77954	1.31745	1.80997			0.781028	2.72842	0.806023	1.58021	1.14273	2.39066	1.28094	1.14404
0.683814	2.04307	0.684749	2.03512	0.84686	2.48041	1.06232	0.779161	1.32006	1.80556			0.784965	2.72683	0.803721	1.6083	1.14617	2.37356	1.28261	1.16339
0.680847	2.068	0.681794	2.06006	0.850445	2.48718	1.06344	0.779119	1.32266	1.80042			0.788899	2.72523	0.80138	1.63644	1.14958	2.35516	1.2843	1.18405
0.677844	2.0928	0.678802	2.08496	0.85404	2.49353	1.06457	0.779317	1.32525	1.79452			0.792832	2.72356	0.798997	1.66451	1.15297	2.33545	1.28603	1.20613
0.674805	2.11729	0.675775	2.10955	0.857643	2.49938	1.06569	0.779893	1.32784	1.78787			0.796761	2.72173	0.796575	1.69246	1.15632	2.31447	1.28778	1.22966
0.671732	2.14137	0.672712	2.13377	0.861255	2.50486	1.06682	0.780766	1.33042	1.78052			0.800689	2.71979	0.794112	1.72022	1.15965	2.29214	1.28958	1.2545
0.668624	2.16492	0.669615	2.15752	0.864874	2.50995	1.06794	0.781899	1.33298	1.77249			0.804613	2.71779	0.791609	1.7477	1.16294	2.26846	1.2914	1.28073
0.665482	2.18785	0.666484	2.18063	0.8685	2.51466	1.06907	0.783381	1.33553	1.76378			0.808534	2.71573	0.789067	1.77483	1.1662	2.24351	1.29327	1.30838
0.662308	2.21005	0.66332	2.20306	0.872133	2.51906	1.07021	0.78511	1.33807	1.75438			0.812452	2.7135	0.786485	1.80147	1.16942	2.2173	1.29518	1.33737
0.659102	2.23145	0.660124	2.22476	0.875772	2.52309	1.07134	0.78711	1.3406	1.74429			0.816367	2.71113	0.783866	1.82758	1.1726	2.18976	1.29713	1.36768
0.655866	2.25206	0.656898	2.24561	0.879417	2.52686	1.07248	0.789392	1.34311	1.7335			0.820279	2.70863	0.78121	1.85313	1.17574	2.16098	1.29913	1.39932
0.652601	2.27181	0.653642	2.26562	0.883067	2.53033	1.07362	0.791961	1.3456	1.72209			0.824187	2.70599	0.778517	1.87802	1.17884	2.13106	1.30117	1.4322
0.649308	2.29067	0.650358	2.28477	0.886721	2.53352	1.07476	0.794784	1.34808	1.71013			0.82809	2.70324	0.775788	1.90216	1.18189	2.10003	1.30326	1.46622
0.645988	2.30861	0.647046	2.303	0.89038	2.53648	1.07591	0.79788	1.35054	1.69748			0.83199	2.70033	0.773026	1.92555	1.1849	2.06785	1.3054	1.50139
0.642644	2.32568	0.64371	2.32034	0.894043	2.53916	1.07707	0.801222	1.35298	1.68424			0.835886	2.69719	0.77023	1.94815	1.18786	2.03469	1.3076	1.53762
0.639275	2.34185	0.640348	2.33678	0.89771	2.5416	1.07823	0.804761	1.3554	1.67048			0.839776	2.69382	0.767402	1.96984	1.19077	2.00068	1.30984	1.57478
0.635883	2.35714	0.636964	2.35239	0.90138	2.54385	1.07939	0.808581	1.3578	1.65612			0.843662	2.69031	0.764543	1.99058	1.19363	1.96581	1.31214	1.61276
0.63247	2.3716	0.633557	2.36713	0.905054	2.54585	1.08056	0.812652	1.36018	1.64126			0.847542	2.68657	0.761655	2.0104	1.19645	1.93024	1.3145	1.6515
0.629037	2.38529	0.63013	2.38101	0.908729	2.54762	1.08174	0.816958	1.36254	1.62588			0.851417	2.68258	0.75874	2.02922	1.19921	1.89407	1.31691	1.6909
0.625585	2.39817	0.626684	2.39412	0.912408	2.54927	1.08292	0.821528	1.36487	1.61002			0.855286	2.67832	0.755798	2.04703	1.20191	1.85742	1.31938	1.73074
0.622114	2.41023	0.623219	2.40649	0.916089	2.55069	1.08411	0.826266	1.36719	1.59378			0.859149	2.67373	0.75283	2.06381	1.20457	1.82046	1.32191	1.77094
0.618627	2.4216	0.619737	2.41813	0.919771	2.55187	1.0853	0.831236	1.36947	1.57709			0.863005	2.66884	0.74984	2.07951	1.20717	1.78326	1.32449	1.81137
0.615124	2.43234	0.616239	2.42902	0.923455	2.5529	1.08651	0.836467	1.37174	1.55995			0.866853	2.66364	0.746827	2.09414	1.20972	1.74599	1.32714	1.85191
0.611605	2.44239	0.612725	2.43922	0.927141	2.55374	1.08772	0.841903	1.37398	1.54253			0.870694	2.65801	0.743795	2.10764	1.21221	1.70875	1.32984	1.8924
0.608073	2.4518	0.609197	2.44888	0.930827	2.55442	1.08894	0.84755	1.37619	1.52477			0.874526	2.65197	0.740743	2.12007	1.21465	1.67171	1.3326	1.93267
0.604528	2.46066	0.605656	2.45792	0.934515	2.55495	1.09017	0.853413	1.37838	1.50669			0.87835	2.64554	0.737674	2.13137	1.21704	1.63499	1.33542	1.97266
0.60097	2.46892	0.602102	2.46635	0.938203	2.55524	1.0914	0.859531	1.38054	1.48839			0.882163	2.63855	0.73459	2.14154	1.21937	1.59868	1.33829	2.0122
0.5974	2.47667	0.598536	2.47427	0.941891	2.55543	1.09265	0.865812	1.38268	1.46987			0.885966	2.631	0.731492	2.15059	1.22165	1.56291	1.34123	2.0512
0.59382	2.48395	0.594959	2.48169	0.94558	2.55541	1.0939	0.872322	1.38478	1.45116			0.889758	2.6229	0.728382	2.15851	1.22388	1.52782	1.34422	2.08953
0.59023	2.49074	0.591372	2.48861	0.949268	2.55522	1.09516	0.879093	1.38686	1.43232			0.893538	2.61412	0.725261	2.16527	1.22606	1.4935	1.34726	2.12711
0.58663	2.49708	0.587775	2.49513	0.952956	2.5549	1.09644	0.88603	1.38892	1.41334			0.897305	2.60465	0.722132	2.17088	1.22819	1.46	1.35036	2.16381
0.583021	2.50302	0.584169	2.50121	0.956643	2.55438	1.09772	0.893161	1.39094	1.39425			0.901057	2.59438	0.718995	2.17537	1.23028	1.42747	1.3535	2.19959
0.579404	2.50861	0.580555	2.50686	0.96033	2.55368	1.09902	0.900535	1.39294	1.37515			0.904794	2.5832	0.715852	2.1787	1.23231	1.3959	1.35671	2.23436
0.57578	2.51378	0.576933	2.51214	0.964015	2.55282	1.10032	0.908141	1.39491	1.35605			0.908514	2.57113	0.712705	2.18089	1.2343	1.36539	1.35996	2.26808
0.572148	2.51855	0.573303	2.51707	0.967699	2.5518	1.10164	0.915972	1.39686	1.33693			0.912216	2.55806	0.709556	2.1819	1.23625	1.336	1.36325	2.30069
0.568509	2.52303	0.569666	2.52166	0.971382	2.55056	1.10297	0.924026	1.39877	1.31793			0.915899	2.54388	0.706407	2.1818	1.23816	1.30772	1.3666	2.33212
0.564864	2.52724	0.566024	2.52593	0.975062	2.54917	1.10431	0.9323	1.40066	1.30849			0.91956	2.52851	0.703258	2.18049	1.24003	1.28062	1.36998	2.36241
0.561214	2.53111	0.562375	2.52992	0.97874	2.54759	1.10566	0.940796					0.923198	2.51185	0.700112	2.17804	1.24186	1.25469	1.37342	2.39154
0.557558	2.53468	0.55872	2.53359	0.982416	2.54578	1.10702	0.949511					0.926811	2.49378	0.69697	2.17444	1.24365	1.22993	1.37689	2.41947
0.553897	2.53801	0.555061	2.53696	0.986089	2.54378	1.1084	0.95852					0.930397	2.47431	0.693835	2.16965	1.24541	1.20635	1.3804	2.44615
0.550231	2.54109	0.551397	2.54013	0.989759	2.5416	1.10979	0.967748					0.933954	2.45337	0.690707	2.16368	1.24713	1.18397	1.38395	2.47161
0.546561	2.54387	0.547728	2.54302	0.993426	2.53923	1.11119	0.977197					0.937479	2.43085	0.687589	2.15649	1.24883	1.16271	1.38754	2.49595
0.542888	2.54644	0.544056	2.54566	0.99709	2.53658	1.11261	0.986938					0.940971	2.40673	0.684482	2.14813	1.25049	1.1426	1.39116	2.51906
0.53921	2.54879	0.540379	2.54808	1.00075	2.53368	1.11404	0.996935					0.944427	2.38105	0.681388	2.13857	1.25213	1.12364	1.39481	2.54102
0.53553	2.55091	0.5367	2.55027	1.0044	2.53059	1.11549	1.00721					0.947844	2.35382	0.678308	2.1278	1.25373	1.10578	1.39849	2.56185
0.531846	2.55283	0.533017	2.55224	1.00805	2.52728	1.11695	1.01776					0.951222	2.32515	0.675245	2.11579	1.25532	1.08893	1.4022	2.57195
0.52816	2.55453	0.529332	2.55398	1.0117	2.52365	1.11843	1.02864					0.954556	2.29518	0.672201	2.10253	1.25688	1.07315		
0.524472	2.55602	0.525645	2.55555	1.01534	2.51971	1.11992	1.03983					0.957847	2.26408	0.669176	2.08803	1.25842	1.05841		
0.520782	2.55734	0.521955	2.55694	1.01897	2.51551	1.12143	1.05133					0.961092	2.23213	0.666173	2.07228	1.25993	1.0446		
0.51709	2.55842	0.518264	2.55812	1.0226	2.51099	1.12295	1.06315					0.964291	2.1996	0.663194	2.05528	1.26143	1.03172		
0.513396	2.55935	0.51457	2.55907	1.02622	2.50616	1.1245	1.07532					0.967442	2.16682	0.66024	2.03695	1.26291	1.01975		
0.509702	2.5601	0.510876	2.55988	1.02984	2.50097	1.12606	1.08789					0.970546	2.13413	0.657314	2.01729	1.26437	1.00861		
0.506006	2.56064	0.507181	2.56048	1.03344	2.49541	1.12764	1.10088					0.973603	2.10197	0.654417	1.99636	1.26582	0.998345		
0.50231	2.56101	0.503485	2.56088	1.03704	2.48951	1.12924	1.11422					0.976614	2.07061	0.651551	1.97412	1.26726	0.988857		
0.498613	2.56115	0.499788	2.56115	1.04063	2.48316	1.13085	1.12796					0.97958	2.0404	0.648718	1.95051	1.26868	0.980121		
0.494916	2.56114	0.496091	2.56118	1.04421	2.47636	1.13249	1.14219					0.982504	2.01167	0.64592	1.92556	1.27009	0.972127		
0.49122	2.56097	0.492395	2.56103	1.04778	2.46915	1.13415	1.15689					0.985387	1.98463	0.643159	1.89925	1.27148	0.964798		
0.487523	2.56056	0.488698	2.56071	1.05134	2.46144	1.13583	1.17211					0.988233	1.95947	0.640437	1.8716	1.27287	0.958167		
0.483828	2.55996	0.485002	2.56016	1.05488	2.45323	1.13753	1.18781					0.991044	1.93634	0.637756	1.8426	1.27425	0.952178		
0.480133	2.55919	0.481308	2.55943	1.05842	2.44447	1.13926	1.20405					0.993823	1.91529	0.635118	1.8122	1.27562	0.946767		
0.47644	2.55818	0.477614	2.55855	1.06194	2.43515	1.14101	1.22092					0.996573	1.89634	0.632525	1.78048	1.27698	0.9419		
0.472749	2.55696	0.473922	2.55738	1.06545	2.42522	1.14278	1.23837					0.999297	1.87951	0.629978	1.74737	1.27834	0.937636		
0.469059	2.55555	0.470231	2.55599	1.06894	2.41468	1.14458	1.25646					1.002	1.86472	0.627481	1.71294	1.27969	0.933893		
0.465371	2.5539	0.466543	2.55445	1.07242	2.40348	1.14641	1.27522					1.00468	1.85183	0.625034	1.67718	1.28103	0.930629		
0.461686	2.55199	0.462857	2.55262	1.07588	2.39159	1.14827	1.29466					1.00734	1.84081	0.622639	1.64008	1.28238	0.927862		
0.458004	2.54985	0.459174	2.55057	1.07932	2.37897	1.15015	1.31486					1.00999	1.83153	0.620299	1.60169	1.28371	0.925527		
0.454326	2.54741	0.455495	2.54823	1.08275	2.3656	1.15206	1.33576					1.01263	1.82388	0.618015	1.56206	1.28505	0.923663		
0.450651	2.54472	0.451818	2.5456	1.08615	2.35147	1.15401	1.35749					1.01526	1.81775	0.61579	1.52124	1.28638	0.922219		
0.44698	2.54177	0.448146	2.54276	1.08953	2.33654	1.15598	1.38					1.01788	1.81297	0.613624	1.47916	1.28771	0.921094		
0.443313	2.53849	0.444478	2.53956	1.0929	2.3208	1.15799	1.40334					1.02049	1.80951	0.61152	1.43595	1.28904	0.920421		
0.439652	2.53486	0.440815	2.53603	1.09623	2.30417	1.16003	1.42754					1.0231	1.80716	0.609479	1.3917	1.29037	0.920122		
0.435996	2.53083	0.437157	2.53218	1.09955	2.28674	1.16211	1.45256					1.02571	1.80591	0.607502	1.34634	1.29169	0.920118		
0.432346	2.5265	0.433505	2.52793	1.10283	2.26847	1.16422	1.47844					1.02832	1.80566	0.605592	1.30001	1.29302	0.920483		
0.428702	2.52172	0.42986	2.52324	1.1061	2.2493	1.16638	1.50519					1.03092	1.80626	0.60375	1.25283	1.29435	0.921141		
0.425066	2.51648	0.426221	2.51817	1.10933	2.22935	1.16857	1.53277					1.03353	1.80766	0.601976	1.20477	1.29568	0.922093		
0.421438	2.51077	0.42259	2.51266	1.11253	2.20861	1.1708	1.56114					1.03614	1.80975	0.600272	1.15595	1.29701	0.923375		
0.417818	2.50454	0.418968	2.50661	1.1157	2.1871	1.17308	1.59033					1.03875	1.81259	0.598639	1.10643	1.29835	0.924931		
0.414208	2.4978	0.415354	2.5	1.11884	2.16489	1.17539	1.6202					1.04137	1.81603	0.597078	1.05626	1.29968	0.926734		
0.410608	2.4904	0.411751	2.4928	1.12195	2.14203	1.17775	1.65077					1.044	1.81994	0.59559	1.00564	1.30102	0.928771		
0.407019	2.48234	0.408158	2.48497	1.12503	2.11858	1.18016	1.68192					1.04663	1.82439	0.594175	0.954566	1.30236	0.931072		
0.403442	2.47354	0.404577	2.47643	1.12807	2.0947	1.18261	1.71353					1.04926	1.82932	0.592834	0.903108	1.30371	0.933613		
0.399878	2.46399	0.401009	2.46712	1.13107	2.07042	1.18511	1.74559					1.05191	1.83468	0.591568	0.851389	1.30506	0.936422		
0.396329	2.45361	0.397455	2.45698	1.13405	2.04587	1.18765	1.77789					1.05456	1.84036	0.590376	0.799513	1.30641	0.939401		
0.392795	2.44222	0.393917	2.44593	1.13698	2.02121	1.19024	1.8104					1.05722	1.84643	0.58926	0.747543	1.30777	0.942576		
0.389279	2.42978	0.390395	2.43386	1.13988	1.99651	1.19287	1.84296					1.05989	1.85283	0.588218	0.695532	1.30913	0.94603		
0.385781	2.41625	0.386891	2.42072	1.14274	1.97196	1.19556	1.87535					1.06257	1.85947	0.587252	0.643657	1.3105	0.949625		
0.382304	2.4015	0.383407	2.40637	1.14557	1.94767	1.19829	1.90758					1.06526	1.86638	0.58636	0.591911	1.31188	0.953401		
0.378849	2.3854	0.379944	2.39064	1.14837	1.92378	1.20106	1.93948					1.06796	1.87357	0.585543	0.540346	1.31325	0.957412		
0.375418	2.36777	0.376505	2.37353	1.15113	1.90036	1.20389	1.97085					1.07067	1.88098	0.5848	0.489145	1.31464	0.961578		
0.372013	2.34848	0.373092	2.35483	1.15385	1.87756	1.20675	2.00162					1.07339	1.88856	0.584131	0.438307	1.31603	0.965896		
0.368638	2.32748	0.369708	2.33437	1.15655	1.85554	1.20966	2.0317					1.07612	1.89638	0.583535	0.387825	1.31743	0.970398		
0.365294	2.30452	0.366354	2.31204	1.15921	1.83431	1.21262	2.06094					1.07886	1.90432	0.583011	0.337913	1.31883	0.975066		
0.361986	2.2794	0.363033	2.28759	1.16184	1.81396	1.21561	2.0893					1.08161	1.91243	0.58256	0.288552	1.32024	0.97989		
0.358714	2.252	0.35975	2.26097	1.16445	1.79462	1.21865	2.11673					1.08438	1.92069	0.582179	0.239708	1.32166	0.984866		
0.355485	2.22212	0.356506	2.23189	1.16702	1.77632	1.22172	2.14312					1.08716	1.92904	0.581868	0.191531	1.32309	0.990027		
0.3523	2.18952	0.353307	2.20017	1.16957	1.75907	1.22484	2.1684					1.08995	1.93757	0.581626	0.14403	1.32452	0.995318		
0.349164	2.15406	0.350155	2.16567	1.1721	1.7429	1.22798	2.19261					1.09275	1.94619	0.581452	0.0972223	1.32596	1.00075		
0.346081	2.1156	0.347055	2.12816	1.1746	1.72782	1.23117	2.21574					1.09557	1.95486	0.581345	0.0511403	1.32741	1.00635		
0.343057	2.0739	0.344012	2.08749	1.17709	1.71384	1.23438	2.23778					1.0984	1.9637	0.581304	0.00585117	1.32886	1.01209		
0.340095	2.0288	0.341029	2.0435	1.17955	1.70091	1.23763	2.25868					1.10124	1.97255	0.581328	-0.0386577	1.33033	1.01796		
0.3372	1.98027	0.338113	1.9961	1.182	1.6891	1.2409	2.27851					1.10409	1.98148	0.581401	-0.0768724	1.3318	1.02397		
0.334378	1.92827	0.335267	1.94517	1.18443	1.67836	1.2442	2.29725					1.10696	1.99052	0.581501	-0.108919	1.33329	1.03009		
0.331634	1.87274	0.332497	1.89078	1.18684	1.6686	1.24753	2.31497					1.10984	1.99955	0.581609	-0.135085	1.33478	1.0364		
0.328972	1.81377	0.329809	1.83289	1.18924	1.65984	1.25089	2.3317					1.11273	2.00864	0.581711	-0.155594	1.33628	1.04286		
0.326398	1.75149	0.327206	1.77161	1.19163	1.65201	1.25426	2.34743					1.11563	2.0178	0.581795	-0.17058	1.33779	1.04938		
0.323916	1.68611	0.324695	1.7072	1.19401	1.64502	1.25766	2.36225					1.11855	2.02695	0.581879	-0.184141	1.33931	1.05609		
0.32153	1.61798	0.322278	1.63991	1.19638	1.63897	1.26108	2.37618					1.12149	2.03615	0.581941	-0.193572	1.34084	1.06295		
0.319245	1.5474	0.31996	1.57007	1.19874	1.6337	1.26452	2.3893					1.12443	2.04539	0.582045	-0.208313	1.34237	1.06994		
0.317063	1.4748	0.317746	1.49806	1.2011	1.62921	1.26798	2.40161					1.12739	2.05463	0.582198	-0.228012	1.34392	1.0771		
0.314988	1.40065	0.315636	1.42436	1.20345	1.62549	1.27146	2.41314					1.13036	2.06383	0.582411	-0.252686	1.34548	1.08437		
0.31302	1.32544	0.313634	1.34947	1.20579	1.62239	1.27495	2.42397					1.13335	2.07308	0.582698	-0.282085	1.34705	1.09178		
0.311162	1.24967	0.31174	1.27381	1.20813	1.61996	1.27845	2.43414					1.13635	2.08235	0.583074	-0.316055	1.34864	1.09937		
0.309413	1.17377	0.309957	1.19786	1.21047	1.61819	1.28197	2.44366					1.13936	2.09153	0.583558	-0.354322	1.35023	1.10708		
0.307773	1.09815	0.308282	1.12212	1.2128	1.61698	1.28551	2.45252					1.14239	2.10073	0.584097	-0.391729	1.35183	1.11497		
0.306243	1.02323	0.306717	1.04697	1.21514	1.61627	1.28905	2.46086					1.14542	2.10995	0.584689	-0.428304	1.35345	1.12301		
0.304819	0.949343	0.30526	0.972689	1.21747	1.61609	1.29261	2.4687					1.14848	2.11914	0.585334	-0.464096	1.35507	1.13124		
0.303502	0.876711	0.303909	0.899643	1.2198	1.61641	1.29618	2.47599					1.15154	2.12827	0.586029	-0.499094	1.35671	1.13964		
0.302288	0.805569	0.302663	0.828037	1.22213	1.61719	1.29976	2.48282					1.15462	2.13734	0.586774	-0.533292	1.35836	1.14817		
0.301177	0.736087	0.301519	0.757994	1.22447	1.61838	1.30335	2.4892					1.15771	2.14642	0.587568	-0.566724	1.36003	1.15689		
0.300164	0.668389	0.300475	0.689686	1.22681	1.61993	1.30694	2.49517					1.16082	2.15546	0.58841	-0.599407	1.3617	1.16587		
0.299247	0.602426	0.299528	0.623162	1.22915	1.62192	1.31055	2.50076					1.16393	2.16441	0.589299	-0.631313	1.36339	1.17501		
0.298425	0.538249	0.298676	0.558448	1.23149	1.62426	1.31416	2.50593					1.16706	2.17332	0.590233	-0.662463	1.3651	1.18431		
0.297693	0.475959	0.297916	0.495599	1.23383	1.6269	1.31778	2.51079					1.17021	2.18221	0.591211	-0.692907	1.36681	1.1939		
0.297051	0.415465	0.297245	0.434501	1.23619	1.62991	1.32141	2.51531					1.17336	2.19101	0.592233	-0.72263	1.36854	1.20367		
0.296494	0.356662	0.296662	0.375146	1.23854	1.6332	1.32504	2.51951					1.17653	2.19973	0.593297	-0.751628	1.37029	1.21369		
0.296021	0.299626	0.296162	0.317593	1.2409	1.63679	1.32868	2.5234					1.17971	2.20841	0.594403	-0.779896	1.37205	1.22397		
0.295629	0.24422	0.295745	0.261666	1.24327	1.64071	1.33233	2.52703					1.18291	2.21704	0.595549	-0.80747	1.37382	1.23449		
0.295316	0.190392	0.295407	0.207308	1.24564	1.64487	1.33598	2.53039					1.18611	2.22556	0.596734	-0.834404	1.37561	1.24532		
0.295079	0.138107	0.295146	0.15455	1.24801	1.64936	1.33963	2.53345					1.18933	2.234	0.597957	-0.860652	1.37741	1.25641		
0.294917	0.087296	0.294961	0.103305	1.2504	1.65414	1.34329	2.53634					1.19256	2.24239	0.599218	-0.886227	1.37924	1.26785		
0.294827	0.0379693	0.294848	0.0534758	1.25279	1.65912	1.34696	2.53896					1.19581	2.25065	0.600516	-0.911173	1.38107	1.27958		
0.294808	-0.0100738	0.294807	0.00508771	1.25519	1.66451	1.35062	2.54133					1.19906	2.25885	0.601848	-0.935401	1.38293	1.29163		
0.294846	-0.0508237	0.294834	-0.0419571	1.25759	1.67021	1.35429	2.54354					1.20233	2.26701	0.603216	-0.958977	1.3848	1.3041		
0.294919	-0.0847527	0.294928	-0.0877068	1.26001	1.67628	1.35796	2.54552					1.2056	2.27505	0.604617	-0.981935	1.38669	1.31697		
0.295007	-0.112282	0.295087	-0.132112	1.26243	1.68279	1.36164	2.54729					1.20889	2.28298	0.60605	-1.00422	1.3886	1.33017		
0.295093	-0.133645	0.295309	-0.175291	1.26487	1.68975	1.36532	2.54886					1.21219	2.2908	0.607516	-1.02583	1.39053	1.34381		
0.295166	-0.149255	0.295593	-0.217193	1.26731	1.69733	1.369	2.55027					1.21551	2.29855	0.609012	-1.04678	1.39248	1.35799		
0.29524	-0.16337	0.295936	-0.257855	1.26977	1.70573	1.37268	2.55149					1.21883	2.30623	0.610538	-1.06707	1.39445	1.37258		
0.295296	-0.173115	0.296337	-0.297287	1.27223	1.71513	1.37636	2.55254					1.22216	2.31377	0.612092	-1.08667	1.39645	1.38768		
0.295389	-0.188319	0.296794	-0.3355	1.27472	1.72591	1.38005	2.55343					1.22551	2.32121	0.613674	-1.10551	1.39846	1.40333		
0.295528	-0.208612	0.297306	-0.372522	1.27722	1.7387	1.38373	2.55413					1.22886	2.32855	0.615283	-1.12361	1.4005	1.41125		
0.295724	-0.233884	0.29787	-0.40826	1.27974	1.7544	1.38742	2.55467					1.23223	2.33585	0.616918	-1.14094				
0.295991	-0.263791	0.298484	-0.442749	1.28228	1.77466	1.39111	2.55504					1.23561	2.34301	0.618577	-1.1574				
0.296345	-0.298002	0.299148	-0.475986	1.28486	1.80211	1.3948	2.55527					1.23899	2.35	0.620259	-1.17299				
0.296803	-0.33618	0.299858	-0.507961	1.28748	1.84147	1.39849	2.55531					1.24239	2.35697	0.621963	-1.18753				
0.297315	-0.37314	0.300614	-0.53866	1.29018	1.90041	1.40217	2.55527					1.2458	2.36383	0.623687	-1.20095				
0.29788	-0.408868	0.301413	-0.567978	1.29297	1.98895							1.24922	2.37055	0.62543	-1.21315				
0.298496	-0.443358	0.302254	-0.595925	1.29592	2.1132							1.25264	2.37717	0.627189	-1.22383				
0.29916	-0.47657	0.303133	-0.62245	1.29907	2.2616							1.25608	2.3837	0.628963	-1.23272				
0.299871	-0.508557	0.30405	-0.647594	1.30245	2.40363							1.25952	2.39016	0.630748	-1.23951				
0.300628	-0.539199	0.304878	-0.668282	1.30601	2.51357							1.26298	2.39646	0.632541	-1.24367				
0.301428	-0.568472	0.305604	-0.685024	1.3097	2.58736							1.26644	2.40265	0.634338	-1.24447				
0.302269	-0.596403	0.306218	-0.698192	1.31348	2.63415							1.26991	2.40875	0.636134	-1.24088				
0.30315	-0.622929	0.306711	-0.708033	1.31731	2.66395							1.27339	2.41476	0.63792	-1.2314				
0.304067	-0.647984	0.307077	-0.715164	1.32117	2.6835							1.27688	2.4207	0.639688	-1.21387				
0.30502	-0.671534	0.307418	-0.721489	1.32505	2.69679							1.28038	2.42649	0.641424	-1.18508				
0.306006	-0.693527	0.307657	-0.725711	1.32895	2.70622							1.28389	2.43217	0.643109	-1.14007				
0.307022	-0.713898	0.308033	-0.732221	1.33286	2.71309							1.2874	2.43779	0.644715	-1.07145				
0.308067	-0.732543	0.308549	-0.740629	1.33678	2.71825							1.29093	2.44331	0.646202	-0.96874				
0.309137	-0.74941	0.30921	-0.750664	1.34071	2.72226							1.29446	2.44871	0.647512	-0.818213				
0.31023	-0.764435	0.310021	-0.761858	1.34464	2.7254							1.29799	2.45401	0.648564	-0.606499				
0.311344	-0.777477	0.310988	-0.773567	1.34858	2.72792							1.30154	2.45922	0.649263	-0.330647				
0.312474	-0.788429	0.312113	-0.785189	1.35252	2.73002							1.30509	2.46431	0.649519	-0.177393				
0.31362	-0.797238	0.313254	-0.794698	1.35646	2.73177							1.30865	2.46935						
0.314776	-0.803766	0.314407	-0.801943	1.3604	2.7332							1.31222	2.47429						
0.31594	-0.8078	0.315569	-0.806774	1.36435	2.73442							1.3158	2.4791						
0.317108	-0.809304	0.316736	-0.809116	1.3683	2.73551							1.31938	2.48385						
0.318276	-0.808078	0.317905	-0.808786	1.37225	2.73638							1.32297	2.48853						
0.31944	-0.803913	0.319071	-0.805581	1.3762	2.73715							1.32656	2.49311						
0.320597	-0.796777	0.32023	-0.799365	1.38015	2.7379							1.33016	2.49756						
0.321741	-0.786397	0.321379	-0.790031	1.3841	2.73849							1.33377	2.50194						
0.322867	-0.772565	0.322511	-0.777344	1.38805	2.73897							1.33739	2.50629						
0.323971	-0.755138	0.323623	-0.761076	1.39201	2.73943							1.34101	2.51052						
0.325047	-0.73401	0.324708	-0.74115	1.39596	2.73984							1.34463	2.51465						
0.32609	-0.708945	0.325762	-0.717344	1.39992	2.74023							1.34827	2.51873						
0.327093	-0.679822	0.326779	-0.689511	1.40387	2.74044							1.35191	2.52271						
0.328052	-0.646548	0.327753	-0.657577									1.35555	2.5266						
0.32896	-0.609	0.328677	-0.621395									1.3592	2.53045						
0.32981	-0.567155	0.329546	-0.580929									1.36285	2.53421						
0.330597	-0.521073	0.330354	-0.536196									1.36651	2.53788						
0.331314	-0.47086	0.331094	-0.487243									1.37018	2.54151						
0.331956	-0.416639	0.331761	-0.434275									1.37385	2.54505						
0.332517	-0.358694	0.332348	-0.377506									1.37753	2.54854						
0.332992	-0.297458	0.33285	-0.31726									1.38121	2.55193						
0.333376	-0.233369	0.333264	-0.253996									1.38489	2.55524						
0.333665	-0.166863	0.333584	-0.188233									1.38858	2.5585						
0.333857	-0.0987109	0.333807	-0.120561									1.39228	2.56171						
0.33395	-0.0643235	0.333932	-0.0863094									1.39598	2.56485						
												1.39968	2.56793						
												1.40339	2.56946						
