Sym0		Sym1		Sym2		Sym3		Sym4		Sym5		Asym1		Asym2		Asym3		Asym4	
394  Points		394  Points		375  Points		358  Points		229  Points		106  Points		398  Points		378  Points		291  Points		235  Points	
Freq (MHz)	Vgr (m/ms)	Freq (MHz)	Vgr (m/ms)	Freq (MHz)	Vgr (m/ms)	Freq (MHz)	Vgr (m/ms)	Freq (MHz)	Vgr (m/ms)	Freq (MHz)	Vgr (m/ms)	Freq (MHz)	Vgr (m/ms)	Freq (MHz)	Vgr (m/ms)	Freq (MHz)	Vgr (m/ms)	Freq (MHz)	Vgr (m/ms)
1.40245	2.67543	1.4003	2.67486	0.433077	0.292726	0.866024	-0.00384272	1.21285	0.0148773	1.29904	0.00577278	0.216573	0.152491	1.4001	2.64395	0.808574	0.0501825	1.08253	0.00147833
1.39858	2.67492	1.39644	2.67439	0.4335	0.419683	0.866019	-0.00557617	1.21287	0.0216429	1.29905	0.0102904	0.216793	0.205248	1.39628	2.64368	0.808647	0.0718605	1.08253	0.00221666
1.39472	2.67393	1.39258	2.67332	0.434289	0.657367	0.866008	-0.00901869	1.21291	0.0352012	1.29907	0.0193021	0.217166	0.310271	1.39247	2.64305	0.808782	0.115141	1.08254	0.00369923
1.39086	2.67283	1.38872	2.67222	0.435398	0.860565	0.865993	-0.0124614	1.21297	0.0486949	1.2991	0.0283168	0.217689	0.41397	1.38865	2.64228	0.808979	0.158271	1.08254	0.00519954
1.38701	2.67173	1.38486	2.67112	0.436773	1.02819	0.865972	-0.0158311	1.21305	0.0620593	1.29915	0.0374106	0.218361	0.515826	1.38484	2.64149	0.809239	0.201096	1.08255	0.0067353
1.38315	2.67061	1.38101	2.66994	0.438366	1.16386	0.865947	-0.0191281	1.21315	0.0753847	1.29921	0.0465895	0.219178	0.615533	1.38103	2.64056	0.80956	0.243535	1.08256	0.00826874
1.3793	2.66941	1.37716	2.66876	0.440133	1.27297	0.865917	-0.022353	1.21327	0.0885588	1.29928	0.0557919	0.220138	0.712775	1.37722	2.6395	0.809942	0.285493	1.08258	0.00987078
1.37545	2.66825	1.37331	2.66756	0.44204	1.36088	0.865883	-0.0255069	1.2134	0.101577	1.29937	0.0651148	0.221236	0.807138	1.37341	2.63834	0.810384	0.326927	1.08259	0.0115368
1.3716	2.66704	1.36946	2.66634	0.444061	1.43242	0.865844	-0.028592	1.21356	0.11443	1.29947	0.074532	0.222468	0.89845	1.3696	2.63704	0.810885	0.367829	1.08261	0.0131842
1.36775	2.66578	1.36561	2.66508	0.446175	1.49126	0.8658	-0.0315397	1.21373	0.127099	1.29959	0.0840646	0.223829	0.98652	1.3658	2.63563	0.811446	0.40803	1.08263	0.014941
1.3639	2.66451	1.36176	2.66378	0.448366	1.54024	0.865752	-0.0343588	1.21393	0.139619	1.29971	0.0937549	0.225316	1.07111	1.36199	2.63403	0.812063	0.447491	1.08265	0.0167699
1.36006	2.66321	1.35792	2.66245	0.450622	1.58165	0.865701	-0.0370674	1.21414	0.151842	1.29986	0.103541	0.226921	1.15217	1.35819	2.63231	0.812737	0.486202	1.08268	0.01867
1.35621	2.66185	1.35408	2.66109	0.452932	1.6171	0.865645	-0.0396281	1.21436	0.163838	1.30001	0.113518	0.228642	1.22962	1.35439	2.63049	0.813467	0.524146	1.08271	0.0206391
1.35237	2.66046	1.35024	2.6597	0.45529	1.64778	0.865586	-0.0420395	1.21461	0.175596	1.30018	0.123657	0.230471	1.30346	1.3506	2.62844	0.814251	0.561216	1.08274	0.0226729
1.34853	2.65906	1.3464	2.65824	0.457689	1.67464	0.865524	-0.0442989	1.21487	0.187029	1.30037	0.133975	0.232404	1.37364	1.34681	2.62618	0.815087	0.597417	1.08277	0.0248364
1.3447	2.65759	1.34256	2.65677	0.460124	1.69834	0.865459	-0.0464006	1.21515	0.198176	1.30057	0.144503	0.234436	1.44016	1.34302	2.62372	0.815975	0.632686	1.08281	0.0271125
1.34086	2.65611	1.33873	2.6553	0.462592	1.71951	0.86539	-0.0482604	1.21544	0.20897	1.30079	0.155233	0.236562	1.50327	1.33923	2.62106	0.816913	0.666968	1.08285	0.0294675
1.33703	2.65462	1.3349	2.65376	0.465088	1.73856	0.865319	-0.0499292	1.21575	0.219427	1.30102	0.166218	0.238486	1.55547	1.33545	2.61816	0.817901	0.700302	1.0829	0.031907
1.3332	2.65302	1.33107	2.65214	0.46761	1.75572	0.865246	-0.0514357	1.21608	0.229573	1.30127	0.177422	0.240177	1.59794	1.33167	2.615	0.818935	0.732694	1.08294	0.0345155
1.32937	2.65144	1.32724	2.65051	0.470156	1.77136	0.865171	-0.0526909	1.21642	0.239317	1.30153	0.188844	0.241609	1.63163	1.3279	2.6116	0.820016	0.764079	1.083	0.0372423
1.32554	2.64982	1.32342	2.64886	0.472724	1.78566	0.865094	-0.0537364	1.21677	0.248626	1.30181	0.200555	0.242762	1.65735	1.32414	2.60787	0.821141	0.794403	1.08305	0.0401324
1.32172	2.64811	1.3196	2.64717	0.475311	1.79871	0.865016	-0.0545091	1.21713	0.257576	1.30211	0.212552	0.243621	1.67589	1.32037	2.6038	0.822309	0.823776	1.08311	0.0431293
1.3179	2.64637	1.31578	2.64541	0.477916	1.81076	0.864937	-0.0550292	1.21751	0.266102	1.30243	0.224826	0.244176	1.68752	1.31662	2.59938	0.823519	0.852127	1.08318	0.0462668
1.31408	2.64459	1.31196	2.64358	0.480538	1.82182	0.864857	-0.0553368	1.2179	0.274143	1.30276	0.237362	0.244981	1.70382	1.31287	2.59457	0.824769	0.879459	1.08324	0.049612
1.31026	2.64278	1.30814	2.64173	0.483175	1.832	0.864777	-0.0553661	1.2183	0.281803	1.30311	0.250204	0.245863	1.72118	1.30913	2.58934	0.826058	0.905777	1.08332	0.0530797
1.30645	2.64091	1.30433	2.63988	0.485827	1.84144	0.864697	-0.0550586	1.21871	0.288993	1.30348	0.263362	0.247078	1.74424	1.3054	2.58373	0.827383	0.931095	1.0834	0.0567193
1.30264	2.63902	1.30052	2.63792	0.488491	1.85015	0.864618	-0.0545168	1.21914	0.295684	1.30387	0.276862	0.248637	1.77231	1.30167	2.57755	0.828745	0.955436	1.08348	0.060556
1.29883	2.63705	1.29672	2.63592	0.491168	1.85812	0.86454	-0.0537261	1.21957	0.301886	1.30428	0.290678	0.250556	1.8048	1.29795	2.57083	0.830142	0.978777	1.08357	0.0645674
1.29503	2.63503	1.29291	2.63389	0.493855	1.86549	0.864463	-0.0525841	1.22001	0.307626	1.30471	0.304761	0.252849	1.84096	1.29425	2.56356	0.831571	1.00114	1.08367	0.0687816
1.29123	2.63297	1.28911	2.63182	0.496553	1.87232	0.864388	-0.0511059	1.22046	0.312881	1.30516	0.31923	0.255535	1.88004	1.29055	2.55566	0.833032	1.02258	1.08377	0.0731817
1.28743	2.63082	1.28532	2.62964	0.49926	1.87852	0.864315	-0.0493213	1.22091	0.317604	1.30563	0.334031	0.258276	1.91661	1.28687	2.54706	0.834523	1.04305	1.08388	0.077807
1.28363	2.62865	1.28152	2.62741	0.501976	1.88416	0.864245	-0.0472169	1.22137	0.32185	1.30613	0.349132	0.261068	1.95068	1.2832	2.53769	0.836043	1.0626	1.084	0.0826632
1.27984	2.62644	1.27773	2.62515	0.504699	1.8893	0.864179	-0.044766	1.22184	0.325581	1.30664	0.364613	0.263907	1.98247	1.27955	2.52758	0.83759	1.08125	1.08412	0.087688
1.27605	2.62413	1.27395	2.62283	0.50743	1.89395	0.864116	-0.0419881	1.22231	0.328796	1.30718	0.380412	0.266791	2.01207	1.27591	2.5166	0.839164	1.09894	1.08425	0.0929768
1.27226	2.62178	1.27016	2.62046	0.510167	1.89811	0.864058	-0.0388494	1.22279	0.331563	1.30774	0.396558	0.269716	2.03953	1.27228	2.50468	0.840763	1.11579	1.08439	0.0985008
1.26848	2.61936	1.26638	2.61799	0.512909	1.90181	0.864004	-0.0353552	1.22327	0.3338	1.30832	0.413028	0.272679	2.06502	1.26868	2.49174	0.842385	1.13177	1.08453	0.104275
1.2647	2.61686	1.2626	2.61545	0.515657	1.90504	0.863956	-0.0315162	1.22375	0.335493	1.30893	0.429783	0.275677	2.08861	1.26509	2.4778	0.84403	1.14687	1.08469	0.110331
1.26093	2.61434	1.25883	2.61288	0.518408	1.90776	0.863913	-0.0272806	1.22424	0.336754	1.30956	0.446886	0.278708	2.11036	1.26152	2.46282	0.845696	1.16117	1.08485	0.116584
1.25716	2.61173	1.25506	2.61022	0.521164	1.91014	0.863877	-0.0226913	1.22473	0.337518	1.31022	0.464319	0.281769	2.13047	1.25798	2.44662	0.847382	1.17462	1.08502	0.123083
1.25339	2.609	1.2513	2.60748	0.523568	1.91184	0.863848	-0.0176874	1.22521	0.337801	1.3109	0.482048	0.284858	2.14894	1.25446	2.42923	0.849087	1.18724	1.08521	0.129929
1.24962	2.60624	1.24753	2.60469	0.525618	1.91299	0.863826	-0.0122939	1.2257	0.337634	1.31161	0.500073	0.287973	2.16587	1.25097	2.41065	0.850809	1.19908	1.0854	0.13703
1.24586	2.60344	1.24378	2.60183	0.527315	1.91379	0.863812	-0.00656058	1.22619	0.337008	1.31235	0.518325	0.29111	2.18129	1.2475	2.39085	0.852548	1.21016	1.0856	0.14442
1.24211	2.60055	1.24002	2.59888	0.528657	1.9143	0.863807	-0.000367396	1.22667	0.335975	1.31311	0.536885	0.294269	2.1953	1.24406	2.36984	0.854302	1.22046	1.08582	0.152095
1.23836	2.59754	1.23627	2.59585	0.529643	1.91458	0.863811	0.00623284	1.22716	0.334496	1.3139	0.555694	0.297448	2.20802	1.24066	2.34761	0.856071	1.22999	1.08604	0.160048
1.23461	2.59446	1.23253	2.59272	0.530275	1.91481	0.863825	0.0132077	1.22764	0.332636	1.31471	0.574708	0.300643	2.21939	1.23729	2.32423	0.857853	1.23879	1.08628	0.168336
1.23087	2.59129	1.22879	2.58953	0.531183	1.91507	0.863849	0.0206389	1.22812	0.330381	1.31556	0.593987	0.303855	2.22959	1.23395	2.29982	0.859647	1.24688	1.08653	0.176928
1.22713	2.58804	1.22505	2.58623	0.532171	1.91513	0.863884	0.0284701	1.22859	0.327776	1.31643	0.613429	0.30708	2.2386	1.23065	2.2745	0.861453	1.25426	1.08679	0.185837
1.2234	2.58476	1.22132	2.58285	0.533513	1.91531	0.863931	0.0367349	1.22906	0.324835	1.31733	0.63305	0.310317	2.24644	1.22738	2.24833	0.863268	1.26089	1.08706	0.195086
1.21967	2.58135	1.2176	2.57939	0.535212	1.91542	0.863991	0.0454276	1.22953	0.32159	1.31826	0.652809	0.313565	2.25322	1.22416	2.22148	0.865092	1.26684	1.08735	0.204647
1.21594	2.57782	1.21388	2.57583	0.537265	1.91521	0.864062	0.0545368	1.22999	0.31803	1.31921	0.672699	0.316821	2.25891	1.22097	2.19415	0.866925	1.27214	1.08765	0.214542
1.21223	2.57421	1.21016	2.57216	0.539674	1.91472	0.864148	0.0641125	1.23045	0.314207	1.3202	0.692704	0.320085	2.26363	1.21782	2.16651	0.868765	1.27674	1.08797	0.22481
1.20851	2.5705	1.20645	2.56841	0.542437	1.91383	0.864248	0.0741086	1.2309	0.310148	1.32121	0.712791	0.323356	2.26734	1.21472	2.13876	0.870611	1.28066	1.0883	0.235384
1.20481	2.56675	1.20275	2.56457	0.545199	1.91251	0.864362	0.0845794	1.23134	0.30584	1.32225	0.73297	0.326631	2.27011	1.21165	2.11104	0.872462	1.28397	1.08865	0.246352
1.2011	2.56283	1.19905	2.56063	0.547958	1.91078	0.864492	0.0954868	1.23178	0.301399	1.32333	0.753187	0.329909	2.27198	1.20862	2.08357	0.874317	1.28662	1.08902	0.257669
1.19741	2.55881	1.19536	2.55656	0.550715	1.90867	0.864638	0.106828	1.23221	0.296764	1.32443	0.773407	0.333189	2.27287	1.20564	2.05652	0.876176	1.28863	1.0894	0.269316
1.19372	2.55472	1.19167	2.55236	0.553468	1.90612	0.8648	0.11867	1.23264	0.291961	1.32556	0.793631	0.33647	2.27295	1.20269	2.02998	0.878037	1.29001	1.08979	0.281403
1.19003	2.55049	1.18799	2.54807	0.556217	1.90316	0.86498	0.130929	1.23306	0.287044	1.32672	0.81379	0.339751	2.27219	1.19978	2.00414	0.8799	1.2908	1.09021	0.293786
1.18635	2.54613	1.18431	2.54367	0.558962	1.89981	0.865178	0.143655	1.23347	0.282043	1.32791	0.833895	0.34303	2.27052	1.1969	1.97904	0.881763	1.29099	1.09064	0.30654
1.18268	2.54167	1.18065	2.53919	0.561702	1.89608	0.865395	0.156876	1.23387	0.276949	1.32913	0.853962	0.346305	2.26808	1.19406	1.95477	0.883627	1.29055	1.09109	0.319744
1.17902	2.53713	1.17698	2.53454	0.564435	1.89195	0.865631	0.170499	1.23427	0.271815	1.33037	0.873955	0.349577	2.26484	1.19126	1.93143	0.885489	1.28954	1.09156	0.33326
1.17536	2.53245	1.17333	2.52979	0.567163	1.88739	0.865887	0.184635	1.23466	0.266674	1.33165	0.893799	0.352843	2.26081	1.18849	1.90893	0.887349	1.28795	1.09205	0.347182
1.17171	2.52764	1.16968	2.5249	0.569884	1.88241	0.866164	0.199212	1.23504	0.261519	1.33295	0.913493	0.356103	2.25597	1.18575	1.88735	0.889207	1.28579	1.09257	0.361477
1.16806	2.52269	1.16604	2.51989	0.572597	1.87705	0.866423	0.212287	1.23541	0.256408	1.33429	0.933031	0.359356	2.2504	1.18304	1.86675	0.891061	1.28309	1.0931	0.376151
1.16442	2.51764	1.16241	2.51476	0.575302	1.87127	0.866656	0.223699	1.23578	0.251314	1.33565	0.952405	0.3626	2.24407	1.18036	1.84701	0.892911	1.27982	1.09365	0.391215
1.16079	2.51244	1.15878	2.5095	0.577999	1.86508	0.866859	0.233262	1.23614	0.246252	1.33704	0.971597	0.365834	2.23698	1.17771	1.82812	0.894519	1.27657	1.09423	0.406623
1.15717	2.50709	1.15516	2.50409	0.580686	1.85854	0.867025	0.241135	1.23649	0.241255	1.33845	0.990573	0.369057	2.22922	1.17508	1.81011	0.895886	1.27348	1.09483	0.422425
1.15356	2.50166	1.15155	2.49856	0.583364	1.85154	0.867151	0.246885	1.23683	0.236388	1.3399	1.00934	0.372269	2.2207	1.17248	1.79284	0.897014	1.27074	1.09545	0.438647
1.14995	2.49608	1.14795	2.49291	0.586031	1.84412	0.867233	0.250532	1.23717	0.231635	1.34137	1.02782	0.375468	2.21145	1.16991	1.77631	0.897904	1.2683	1.09609	0.455197
1.14635	2.49035	1.14436	2.48711	0.588688	1.83634	0.867353	0.255862	1.2375	0.226962	1.34286	1.0461	0.378653	2.20156	1.16735	1.76055	0.898557	1.26662	1.09676	0.472111
1.14276	2.48445	1.14077	2.48114	0.591332	1.82817	0.867486	0.261796	1.23783	0.222451	1.34439	1.06414	0.381823	2.19093	1.16482	1.74544	0.898975	1.26547	1.09745	0.489387
1.13918	2.47843	1.13719	2.47506	0.593965	1.81958	0.867673	0.27006	1.23814	0.218116	1.34593	1.08184	0.384978	2.17965	1.16231	1.73095	0.899575	1.26359	1.09817	0.50702
1.13561	2.47232	1.13362	2.46883	0.596585	1.81056	0.867917	0.280493	1.23846	0.213915	1.34751	1.0993	0.388115	2.16771	1.15983	1.71699	0.900225	1.26166	1.09892	0.525
1.13204	2.46604	1.13007	2.46245	0.599192	1.80118	0.868224	0.293366	1.23876	0.209832	1.34911	1.11648	0.391235	2.15511	1.15736	1.70357	0.901109	1.25888	1.09969	0.543309
1.12849	2.45956	1.12652	2.45592	0.601785	1.7914	0.868603	0.308809	1.23906	0.20599	1.35073	1.13334	0.394337	2.14189	1.15491	1.69073	0.902224	1.25522	1.10049	0.561982
1.12494	2.45297	1.12298	2.44924	0.604363	1.78123	0.869062	0.326936	1.23936	0.202332	1.35238	1.14992	0.397418	2.12803	1.15248	1.6783	0.903567	1.25054	1.10131	0.580945
1.12141	2.44624	1.11945	2.44246	0.606927	1.77069	0.869547	0.345484	1.23964	0.198826	1.35405	1.16616	0.40048	2.11356	1.15006	1.66626	0.905136	1.24469	1.10216	0.600195
1.11788	2.43937	1.11593	2.43549	0.609475	1.75975	0.870059	0.364463	1.23993	0.195549	1.35575	1.18209	0.40352	2.09852	1.14767	1.65463	0.906928	1.23756	1.10304	0.619724
1.11436	2.43237	1.11242	2.42837	0.612007	1.74842	0.870599	0.383877	1.24021	0.192511	1.35746	1.19768	0.406538	2.08291	1.14529	1.64338	0.908709	1.23003	1.10383	0.637005
1.11086	2.42517	1.10892	2.42115	0.614522	1.73675	0.871167	0.403728	1.24049	0.189656	1.3592	1.21298	0.409532	2.06668	1.14292	1.63252	0.910479	1.22213	1.10453	0.651909
1.10736	2.41788	1.10543	2.41376	0.61702	1.72476	0.871764	0.42398	1.24076	0.187024	1.36097	1.22798	0.412504	2.04999	1.14057	1.62194	0.912237	1.21375	1.10511	0.664233
1.10388	2.41041	1.10195	2.40622	0.619501	1.71235	0.872391	0.444654	1.24103	0.184617	1.36275	1.2426	0.41545	2.03279	1.13824	1.61163	0.913983	1.20498	1.10558	0.67415
1.10041	2.4028	1.09848	2.39854	0.621963	1.6996	0.873048	0.46572	1.24129	0.182438	1.36455	1.25689	0.418372	2.01507	1.13592	1.60161	0.915715	1.19588	1.10593	0.681492
1.09694	2.39511	1.09502	2.39072	0.624407	1.68652	0.873736	0.487166	1.24155	0.180497	1.36638	1.2709	0.421267	1.99691	1.13362	1.59183	0.917435	1.18638	1.10615	0.686128
1.09349	2.38721	1.09158	2.38278	0.626832	1.67309	0.874454	0.508986	1.24181	0.17874	1.36822	1.28457	0.424136	1.9783	1.13133	1.58231	0.91914	1.17658	1.10648	0.692859
1.09005	2.37916	1.08815	2.37465	0.629237	1.65939	0.875205	0.531175	1.24207	0.177276	1.37009	1.29785	0.426978	1.95933	1.12905	1.573	0.920831	1.16647	1.10684	0.700299
1.08662	2.37106	1.08472	2.36645	0.631622	1.64539	0.875988	0.553695	1.24229	0.176164	1.37197	1.31085	0.429792	1.94004	1.12679	1.56391	0.922507	1.15608	1.10733	0.710424
1.08321	2.36276	1.08131	2.35812	0.633987	1.63107	0.876803	0.576564	1.24248	0.175352	1.37387	1.32352	0.432579	1.92035	1.12454	1.55504	0.924169	1.14542	1.10797	0.723169
1.0798	2.35437	1.07792	2.34965	0.636331	1.61647	0.877652	0.599754	1.24263	0.174789	1.37579	1.33582	0.435336	1.90037	1.1223	1.54629	0.925814	1.13453	1.10875	0.738744
1.07641	2.34587	1.07453	2.34107	0.638653	1.60163	0.878535	0.623251	1.24276	0.174426	1.37773	1.34783	0.438064	1.88019	1.12007	1.53774	0.927444	1.12337	1.10969	0.757157
1.07303	2.3372	1.07116	2.33232	0.640954	1.58652	0.879451	0.647011	1.24285	0.174125	1.37968	1.35954	0.440764	1.85982	1.11786	1.52936	0.929057	1.11204	1.1108	0.778426
1.06966	2.32845	1.0678	2.32354	0.643233	1.57117	0.880402	0.671013	1.2429	0.174036	1.38165	1.37088	0.443433	1.83923	1.11566	1.52115	0.930654	1.10055	1.11194	0.799826
1.06631	2.31957	1.06445	2.31463	0.64549	1.55565	0.881388	0.695318	1.24299	0.17391	1.38364	1.38192	0.446073	1.81849	1.11347	1.51309	0.932234	1.08891	1.11311	0.82133
1.06297	2.31062	1.06112	2.30559	0.647724	1.53995	0.88241	0.719812	1.24308	0.173623	1.38564	1.39263	0.448683	1.79773	1.11129	1.5051	0.933797	1.07716	1.11431	0.842958
1.05964	2.30158	1.05779	2.29653	0.649935	1.524	0.883466	0.744474	1.2432	0.173498	1.38766	1.403	0.451263	1.77694	1.10912	1.49733	0.935343	1.06531	1.11554	0.864612
1.05632	2.29242	1.05449	2.28733	0.652123	1.50794	0.884559	0.769366	1.24335	0.173397	1.38943	1.41184	0.453812	1.75615	1.10697	1.48969	0.936872	1.05342	1.11681	0.886352
1.05302	2.2832	1.05119	2.27803	0.654288	1.49177	0.885687	0.794373	1.24354	0.173343	1.39095	1.41916	0.456332	1.73543	1.10482	1.4821	0.938384	1.04151	1.1181	0.908099
1.04973	2.27391	1.04791	2.26872	0.65643	1.47545	0.886852	0.81951	1.24375	0.173482	1.39221	1.42511	0.458822	1.71481	1.10269	1.47469	0.939879	1.02954	1.11943	0.929812
1.04646	2.26455	1.04464	2.25932	0.658547	1.45905	0.888053	0.844787	1.24401	0.173821	1.39321	1.42966	0.461282	1.69436	1.10056	1.4674	0.941356	1.01759	1.12079	0.951545
1.0432	2.25513	1.04139	2.24984	0.660642	1.44258	0.88929	0.870132	1.24426	0.174393	1.39394	1.4331	0.463713	1.67414	1.09845	1.46016	0.942817	1.00576	1.12218	0.973215
1.03995	2.24568	1.03815	2.24039	0.662712	1.42606	0.890565	0.895513	1.24451	0.175228	1.39442	1.43516	0.466115	1.65414	1.09635	1.45308	0.94426	0.993943	1.1236	0.99478
1.03671	2.23615	1.03492	2.23087	0.664758	1.40953	0.891876	0.92091	1.24476	0.176305	1.3951	1.43806	0.468488	1.63444	1.09426	1.44616	0.945686	0.982214	1.12505	1.01626
1.03349	2.2266	1.03171	2.22128	0.666781	1.39302	0.893223	0.946353	1.24502	0.177612	1.39584	1.44143	0.470833	1.6151	1.09217	1.43928	0.947095	0.970673	1.12653	1.03761
1.03029	2.21704	1.02851	2.21169	0.66878	1.37653	0.894607	0.971709	1.24527	0.179182	1.39685	1.44572	0.473151	1.59613	1.0901	1.43249	0.948488	0.959299	1.12804	1.05884
1.02709	2.20743	1.02532	2.20212	0.670754	1.36004	0.896028	0.997021	1.24553	0.180919	1.39814	1.45104	0.475441	1.5776	1.08804	1.42586	0.949864	0.948046	1.12959	1.07989
1.02391	2.19788	1.02215	2.19255	0.672706	1.34367	0.897486	1.02228	1.2458	0.182959	1.3997	1.45738	0.477705	1.55954	1.08599	1.41933	0.951225	0.937036	1.13116	1.1007
1.02075	2.18831	1.01899	2.18302	0.674633	1.32743	0.898979	1.04743	1.24606	0.185224	1.40153	1.46104	0.479943	1.54195	1.08394	1.41286	0.952569	0.926258	1.13276	1.12133
1.0176	2.17875	1.01585	2.17348	0.676538	1.31128	0.900509	1.07242	1.24633	0.187675			0.482156	1.52491	1.08191	1.40652	0.953899	0.915705	1.1344	1.14175
1.01446	2.16923	1.01272	2.16391	0.678419	1.29523	0.902075	1.09722	1.2466	0.190402			0.484345	1.50844	1.07988	1.40029	0.955213	0.905485	1.13606	1.16188
1.01133	2.15971	1.0096	2.15445	0.680277	1.2794	0.903677	1.12188	1.24688	0.193377			0.486511	1.49252	1.07787	1.39413	0.956513	0.895541	1.13775	1.18173
1.00822	2.15027	1.0065	2.14505	0.682112	1.2638	0.905314	1.1463	1.24716	0.196585			0.488654	1.47727	1.07586	1.38811	0.957798	0.885918	1.13947	1.20128
1.00513	2.14091	1.00341	2.1357	0.683925	1.24838	0.906986	1.17049	1.24745	0.199984			0.490775	1.46269	1.07386	1.38221	0.95907	0.876675	1.14122	1.22054
1.00204	2.13157	1.00034	2.12645	0.685716	1.2332	0.908693	1.19437	1.24774	0.203624			0.492876	1.44873	1.07187	1.37641	0.960329	0.867806	1.14299	1.23944
0.998973	2.12233	0.997273	2.11725	0.687485	1.21825	0.910434	1.21796	1.24804	0.207532			0.494957	1.43545	1.06988	1.37069	0.961575	0.85927	1.1448	1.25801
0.995916	2.11322	0.994223	2.10815	0.689232	1.20363	0.912209	1.24129	1.24834	0.211646			0.49702	1.42285	1.06791	1.36509	0.962809	0.85112	1.14663	1.27623
0.992873	2.10416	0.991187	2.09918	0.690959	1.18929	0.914017	1.26423	1.24865	0.216011			0.499065	1.41094	1.06594	1.35962	0.964032	0.843456	1.14848	1.29405
0.989842	2.0952	0.988163	2.09031	0.692666	1.17524	0.915858	1.28684	1.24896	0.220573			0.501093	1.39979	1.06399	1.35424	0.965244	0.836218	1.15036	1.3115
0.986824	2.08644	0.985153	2.08159	0.694352	1.16154	0.917732	1.30902	1.24928	0.225381			0.503106	1.38938	1.06203	1.34904	0.966446	0.829413	1.15227	1.32853
0.983819	2.07777	0.982154	2.07301	0.696019	1.14818	0.919637	1.3308	1.24961	0.230459			0.505104	1.37963	1.06009	1.34392	0.967638	0.823081	1.1542	1.34514
0.980826	2.06922	0.979168	2.06457	0.697666	1.13523	0.921573	1.3522	1.24995	0.235707			0.507088	1.37062	1.05816	1.33888	0.968822	0.817205	1.15615	1.36136
0.977846	2.06092	0.976194	2.05634	0.699296	1.12265	0.92354	1.37312	1.25029	0.241225			0.50906	1.36234	1.05623	1.33399	0.969998	0.81185	1.15813	1.37716
0.974877	2.05273	0.973232	2.04828	0.700907	1.11042	0.925537	1.39361	1.25065	0.246986			0.511021	1.35476	1.0543	1.32928	0.971166	0.807012	1.16013	1.39245
0.97192	2.04471	0.970282	2.04038	0.702501	1.09859	0.927563	1.4136	1.25101	0.252943			0.512971	1.34793	1.05239	1.32468	0.972327	0.802689	1.16215	1.40735
0.968974	2.03695	0.967342	2.03271	0.704079	1.08722	0.929618	1.43312	1.25138	0.259145			0.514912	1.34177	1.05048	1.32017	0.973483	0.798842	1.16419	1.42183
0.96604	2.0294	0.964414	2.02527	0.70564	1.07627	0.9317	1.45214	1.25176	0.265578			0.516845	1.33631	1.04858	1.31585	0.974633	0.795528	1.16625	1.43578
0.963116	2.02207	0.961496	2.01809	0.707186	1.06573	0.93381	1.47059	1.25214	0.272237			0.51877	1.33156	1.04668	1.31167	0.975779	0.792808	1.16833	1.4493
0.960203	2.01496	0.958588	2.01112	0.708716	1.05563	0.935946	1.48856	1.25254	0.279155			0.520688	1.32747	1.04479	1.30762	0.976922	0.790606	1.17043	1.4624
0.957299	2.00813	0.95569	2.00442	0.710233	1.04597	0.938107	1.50601	1.25295	0.286313			0.522602	1.32407	1.04291	1.30379	0.978062	0.788956	1.17255	1.47496
0.954406	2.00157	0.952802	1.99807	0.711736	1.03681	0.940293	1.5229	1.25337	0.2937			0.524511	1.3213	1.04103	1.30007	0.979199	0.787874	1.17469	1.48709
0.951521	1.99527	0.949922	1.99196	0.713226	1.02806	0.942503	1.53922	1.2538	0.301313			0.526416	1.31912	1.03915	1.29652	0.980336	0.78737	1.17685	1.49876
0.948646	1.98934	0.947051	1.98618	0.714704	1.01977	0.944737	1.55496	1.25424	0.309147			0.528319	1.31762	1.03729	1.29315	0.981472	0.787448	1.17902	1.50991
0.945779	1.98376	0.944189	1.98078	0.71617	1.01196	0.946992	1.57019	1.25469	0.317239			0.53022	1.31672	1.03542	1.28992	0.982609	0.788073	1.18121	1.52061
0.942919	1.97848	0.941333	1.97568	0.717625	1.00461	0.949269	1.58484	1.25515	0.32557			0.53212	1.31639	1.03356	1.2869	0.983747	0.7893	1.18341	1.5309
0.940067	1.97354	0.938485	1.97098	0.71907	0.997717	0.951567	1.59886	1.25563	0.33413			0.53402	1.31666	1.03171	1.2841	0.984888	0.791159	1.18563	1.54067
0.937222	1.96902	0.935644	1.96671	0.720505	0.991266	0.953885	1.61228	1.25612	0.342951			0.535921	1.31745	1.02985	1.28149	0.986031	0.79359	1.18786	1.54994
0.934383	1.96497	0.932808	1.96286	0.721931	0.985294	0.956221	1.62518	1.25662	0.352012			0.537823	1.3188	1.02801	1.27906	0.987179	0.796564	1.1901	1.55879
0.93155	1.96132	0.929977	1.95947	0.723349	0.979781	0.958576	1.63749	1.25713	0.361303			0.539728	1.32072	1.02616	1.27683	0.988331	0.800174	1.19236	1.56717
0.928721	1.95805	0.927151	1.95651	0.72476	0.974717	0.960948	1.64917	1.25766	0.370856			0.541635	1.32311	1.02432	1.27486	0.989488	0.804433	1.19462	1.57509
0.925897	1.95532	0.924329	1.95403	0.726163	0.970098	0.963337	1.66033	1.2582	0.38065			0.543547	1.32599	1.02248	1.27313	0.990653	0.809309	1.1969	1.58254
0.923077	1.95316	0.92151	1.95215	0.72756	0.965921	0.965741	1.67085	1.25876	0.390674			0.545463	1.32937	1.02065	1.27156	0.991825	0.81475	1.19919	1.58952
0.920259	1.95148	0.918694	1.95079	0.728952	0.962221	0.96816	1.68076	1.25933	0.400959			0.547385	1.33322	1.01881	1.27026	0.993005	0.820803	1.20149	1.59605
0.917443	1.95038	0.915879	1.94999	0.730338	0.958943	0.970593	1.69011	1.25992	0.411485			0.549312	1.33752	1.01698	1.26927	0.994194	0.827529	1.2038	1.60213
0.914629	1.94988	0.913065	1.94985	0.73172	0.956095	0.973039	1.69888	1.26052	0.422278			0.551246	1.34224	1.01515	1.26853	0.995394	0.834846	1.20612	1.60777
0.911815	1.94996	0.91025	1.95031	0.733098	0.953682	0.975498	1.70708	1.26114	0.433314			0.553187	1.34742	1.01332	1.268	0.996604	0.84279	1.20844	1.61297
0.909	1.95071	0.907435	1.95143	0.734473	0.95167	0.977967	1.71466	1.26177	0.444581			0.555135	1.35297	1.01149	1.26776	0.997827	0.851376	1.21077	1.61774
0.906183	1.95214	0.904617	1.95325	0.735845	0.950078	0.980447	1.72167	1.26242	0.456148			0.557092	1.35897	1.00966	1.26785	0.999062	0.860613	1.21311	1.62206
0.903364	1.95428	0.901796	1.95578	0.737215	0.948916	0.982937	1.72811	1.26309	0.467937			0.559058	1.36538	1.00783	1.26826	1.00031	0.870468	1.21546	1.62594
0.900542	1.95715	0.898971	1.95908	0.738584	0.948152	0.985436	1.734	1.26377	0.479983			0.561034	1.37217	1.006	1.26893	1.00157	0.880962	1.2178	1.62942
0.897715	1.96078	0.896141	1.96312	0.739953	0.947733	0.987943	1.73932	1.26447	0.492306			0.56302	1.37934	1.00416	1.26991	1.00285	0.892105	1.22016	1.63248
0.894882	1.96517	0.893304	1.96798	0.74132	0.947744	0.990457	1.744	1.26519	0.504876			0.565016	1.38684	1.00233	1.27129	1.00415	0.903902	1.22252	1.6351
0.892042	1.97037	0.89046	1.9736	0.742688	0.948152	0.992977	1.74817	1.26593	0.517679			0.567023	1.39473	1.00049	1.27293	1.00546	0.916356	1.22488	1.6373
0.889194	1.97637	0.887607	1.98008	0.744057	0.948942	0.995503	1.75183	1.26669	0.530746			0.569042	1.403	0.998655	1.27498	1.0068	0.929467	1.22724	1.63909
0.886336	1.98325	0.884744	1.9874	0.745428	0.950069	0.998034	1.7549	1.26746	0.544091			0.571073	1.41164	0.996813	1.27739	1.00815	0.943238	1.22961	1.64053
0.883468	1.99093	0.88187	1.99553	0.7468	0.951512	1.00057	1.75743	1.26826	0.557685			0.573117	1.42064	0.994968	1.28016	1.00952	0.957593	1.23198	1.64155
0.880589	1.9994	0.878983	2.00452	0.748175	0.953368	1.00311	1.75939	1.26907	0.571549			0.575174	1.43005	0.993118	1.28336	1.01091	0.972645	1.23435	1.64213
0.877697	2.00873	0.876083	2.0143	0.749552	0.955578	1.00565	1.76084	1.26991	0.585659			0.577245	1.43977	0.991263	1.28689	1.01233	0.98841	1.23672	1.64235
0.87479	2.01889	0.873168	2.02486	0.750933	0.958075	1.00819	1.76179	1.27076	0.600002			0.57933	1.44991	0.989403	1.29089	1.01376	1.00475	1.23909	1.64224
0.871869	2.02984	0.870238	2.03624	0.752318	0.960898	1.01073	1.76216	1.27164	0.614608			0.581431	1.46043	0.987537	1.29529	1.01523	1.02175	1.24146	1.64171
0.868931	2.04156	0.86729	2.04837	0.753707	0.964104	1.01328	1.76204	1.27254	0.629527			0.583546	1.47133	0.985664	1.30014	1.01671	1.03948	1.24383	1.64078
0.865975	2.054	0.864325	2.06122	0.755101	0.967611	1.01582	1.76144	1.27346	0.644641			0.585678	1.48268	0.983784	1.30545	1.01823	1.05779	1.2462	1.63955
0.863001	2.0671	0.86134	2.07467	0.7565	0.971379	1.01836	1.76029	1.2744	0.659998			0.587826	1.49447	0.981895	1.31116	1.01977	1.07672	1.24856	1.63791
0.860008	2.08084	0.858336	2.08869	0.757905	0.975497	1.0209	1.75866	1.27536	0.67566			0.589992	1.50677	0.979999	1.31737	1.02134	1.09633	1.25093	1.63591
0.856994	2.09514	0.855311	2.10331	0.759316	0.979899	1.02344	1.75656	1.27635	0.691511			0.592176	1.51952	0.978092	1.32409	1.02293	1.11654	1.25329	1.63364
0.85396	2.1099	0.852264	2.11836	0.760734	0.984591	1.02597	1.75397	1.27736	0.70764			0.594379	1.53281	0.976176	1.3313	1.02456	1.13741	1.25564	1.63096
0.850904	2.12513	0.849195	2.13374	0.762158	0.989573	1.0285	1.75089	1.27839	0.724017			0.596601	1.54667	0.974249	1.33897	1.02622	1.1589	1.25799	1.62794
0.847825	2.14074	0.846104	2.14948	0.76359	0.994811	1.03103	1.74736	1.27945	0.740592			0.598844	1.56118	0.972311	1.34715	1.0279	1.18097	1.26034	1.62463
0.844724	2.15656	0.84299	2.16542	0.76503	1.00036	1.03355	1.74341	1.28053	0.757412			0.601108	1.57638	0.97036	1.35588	1.02962	1.20361	1.26268	1.621
0.8416	2.17253	0.839853	2.1815	0.766478	1.00614	1.03606	1.73897	1.28164	0.774465			0.603394	1.5923	0.968397	1.36514	1.03138	1.22683	1.26502	1.61706
0.838452	2.18865	0.836693	2.19761	0.767935	1.01221	1.03857	1.73412	1.28277	0.791744			0.605704	1.60904	0.96642	1.37488	1.03317	1.25063	1.26735	1.61282
0.835282	2.20477	0.833509	2.21371	0.7694	1.01854	1.04107	1.72884	1.28392	0.809209			0.608039	1.62672	0.964428	1.38519	1.03499	1.27495	1.26968	1.60825
0.832088	2.22084	0.830302	2.22973	0.770875	1.02512	1.04356	1.72308	1.2851	0.826913			0.6104	1.64541	0.962421	1.39608	1.03685	1.29978	1.27199	1.6034
0.828871	2.23678	0.827073	2.24552	0.77236	1.03196	1.04604	1.71698	1.28631	0.844848			0.612789	1.66519	0.960398	1.40747	1.03874	1.32509	1.2743	1.5983
0.825631	2.25249	0.82382	2.26111	0.773854	1.039	1.04851	1.71049	1.28754	0.86297			0.615207	1.68625	0.958358	1.41939	1.04067	1.35089	1.27661	1.59289
0.822368	2.26793	0.820545	2.27642	0.775359	1.04633	1.05098	1.70358	1.2888	0.88126			0.617657	1.70861	0.9563	1.43188	1.04264	1.37715	1.2789	1.58722
0.819084	2.28306	0.817249	2.29135	0.776874	1.05392	1.05343	1.69636	1.29008	0.899707			0.62014	1.73246	0.954224	1.44493	1.04465	1.40376	1.28119	1.58131
0.815778	2.29787	0.813931	2.30592	0.778401	1.0617	1.05587	1.68872	1.2914	0.918342			0.622658	1.75801	0.952129	1.45849	1.04669	1.43076	1.28347	1.57517
0.81245	2.31227	0.810592	2.32002	0.779939	1.06973	1.05831	1.68072	1.29274	0.937181			0.625214	1.78528	0.950014	1.47259	1.04878	1.45818	1.28574	1.5688
0.809103	2.32618	0.807233	2.33374	0.781489	1.07803	1.06073	1.67244	1.2941	0.956158			0.627812	1.81441	0.947878	1.48723	1.0509	1.48584	1.288	1.56218
0.805735	2.33965	0.803855	2.34697	0.783051	1.08654	1.06313	1.66383	1.2955	0.975242			0.630452	1.84556	0.945721	1.50238	1.05307	1.51373	1.29025	1.55535
0.802349	2.35268	0.800458	2.35964	0.784626	1.09526	1.06553	1.65487	1.29692	0.994488			0.633139	1.87879	0.943541	1.51803	1.05527	1.54193	1.29249	1.54831
0.798944	2.36519	0.797044	2.37189	0.786213	1.10423	1.06791	1.64563	1.29837	1.01385			0.635876	1.91412	0.941339	1.53417	1.05752	1.5703	1.29472	1.54109
0.795521	2.37717	0.793611	2.38365	0.787813	1.11344	1.07028	1.63614	1.29984	1.03331			0.638665	1.95141	0.939112	1.55077	1.05981	1.59881	1.29694	1.53371
0.792081	2.38867	0.790163	2.39485	0.789427	1.12288	1.07264	1.62635	1.30135	1.05289			0.641509	1.99057	0.936862	1.56787	1.06213	1.62742	1.29914	1.52614
0.788625	2.39967	0.786698	2.40553	0.791055	1.13255	1.07498	1.61632	1.30288	1.07254			0.644411	2.03142	0.934586	1.58535	1.0645	1.65605	1.30134	1.5184
0.785154	2.41016	0.783218	2.41576	0.792697	1.14243	1.0773	1.60611	1.30445	1.09221			0.647373	2.07353	0.932285	1.60327	1.06691	1.68475	1.30353	1.51053
0.781668	2.42016	0.779724	2.42553	0.794353	1.15258	1.07961	1.59562	1.30604	1.112			0.650397	2.11644	0.929958	1.62159	1.06937	1.71342	1.3057	1.50254
0.778168	2.42969	0.776216	2.43481	0.796024	1.16296	1.08191	1.58491	1.30766	1.13183			0.653483	2.15969	0.927604	1.64021	1.07186	1.74196	1.30786	1.49444
0.774654	2.43878	0.772696	2.44364	0.79771	1.17357	1.08419	1.57407	1.3093	1.15163			0.656631	2.2027	0.925223	1.65914	1.0744	1.77045	1.31002	1.48621
0.771127	2.44738	0.769162	2.452	0.799412	1.18444	1.08645	1.56305	1.31098	1.17145			0.659842	2.24482	0.922815	1.6784	1.07697	1.79875	1.31215	1.47785
0.767589	2.45555	0.765617	2.45992	0.801129	1.19552	1.0887	1.55186	1.31268	1.19132			0.663112	2.28559	0.920378	1.69788	1.07959	1.82685	1.31428	1.4695
0.764039	2.46334	0.762061	2.46749	0.802863	1.20688	1.09093	1.54051	1.31442	1.21115			0.666439	2.32457	0.917913	1.71757	1.08224	1.85467	1.3164	1.46107
0.760478	2.47072	0.758494	2.47464	0.804613	1.21853	1.09315	1.52909	1.31618	1.23087			0.669822	2.36131	0.91542	1.73748	1.08494	1.88221	1.3185	1.45254
0.756907	2.47771	0.754917	2.48141	0.80638	1.23039	1.09534	1.5176	1.31797	1.25062			0.673256	2.39562	0.912898	1.75751	1.08768	1.90942	1.32059	1.44402
0.753325	2.48428	0.751331	2.48783	0.808165	1.24255	1.09753	1.50595	1.31979	1.27031			0.676738	2.4273	0.910347	1.77759	1.09045	1.93628	1.32267	1.43548
0.749735	2.49055	0.747736	2.49386	0.809967	1.255	1.09969	1.49423	1.32164	1.28986			0.680263	2.4563	0.907766	1.79775	1.09327	1.96274	1.32473	1.42689
0.746136	2.4965	0.744132	2.49963	0.811788	1.26771	1.10184	1.48251	1.32351	1.30931			0.683828	2.48273	0.905157	1.81793	1.09612	1.98872	1.32679	1.41838
0.742528	2.50209	0.74052	2.50508	0.813627	1.28073	1.10397	1.47072	1.32542	1.32862			0.68743	2.50664	0.902518	1.83806	1.09901	2.01423	1.32883	1.40988
0.738913	2.50741	0.7369	2.51021	0.815485	1.29409	1.10609	1.45893	1.32735	1.34784			0.691064	2.52819	0.899851	1.85812	1.10193	2.03926	1.33086	1.40138
0.73529	2.51242	0.733274	2.51511	0.817363	1.30773	1.10818	1.44717	1.32931	1.36689			0.694728	2.54753	0.897154	1.87802	1.1049	2.06378	1.33287	1.39296
0.73166	2.51716	0.72964	2.51972	0.81926	1.32169	1.11026	1.4354	1.3313	1.38576			0.698419	2.56486	0.894429	1.89782	1.10789	2.08773	1.33488	1.38464
0.728024	2.52166	0.726	2.52402	0.821178	1.33599	1.11233	1.42365	1.33331	1.4045			0.702132	2.58037	0.891676	1.91735	1.11092	2.11105	1.33687	1.37642
0.724381	2.5259	0.722354	2.52815	0.823117	1.35065	1.11437	1.41196	1.33535	1.42298			0.705867	2.59424	0.888895	1.93665	1.11399	2.13381	1.33885	1.36825
0.720732	2.52991	0.718702	2.53203	0.825077	1.36571	1.1164	1.40033	1.33742	1.44123			0.709621	2.60664	0.886085	1.95568	1.11708	2.15599	1.34082	1.36024
0.717078	2.53368	0.715044	2.53568	0.827059	1.38111	1.11842	1.38876	1.33951	1.45926			0.713392	2.6177	0.883249	1.97433	1.12021	2.17748	1.34278	1.35239
0.713418	2.53727	0.711382	2.53918	0.829064	1.3969	1.12041	1.3773	1.34163	1.47706			0.717178	2.62763	0.880386	1.99267	1.12337	2.1983	1.34472	1.34462
0.709753	2.54065	0.707714	2.54243	0.831092	1.41315	1.12239	1.36597	1.34378	1.4946			0.720977	2.63648	0.877497	2.0106	1.12656	2.21852	1.34666	1.33707
0.706084	2.54381	0.704042	2.5455	0.833143	1.4298	1.12436	1.35477	1.34594	1.51184			0.724789	2.64441	0.874582	2.02808	1.12977	2.23805	1.34858	1.32975
0.70241	2.54683	0.700366	2.54841	0.835219	1.44688	1.1263	1.34364	1.34814	1.5288			0.728611	2.65153	0.871642	2.04509	1.13302	2.25685	1.3505	1.32253
0.698732	2.54966	0.696686	2.55116	0.83732	1.4644	1.12823	1.33266	1.35036	1.54545			0.732443	2.65791	0.868678	2.0616	1.13629	2.27501	1.3524	1.31559
0.69505	2.5523	0.693001	2.55373	0.839447	1.48242	1.13015	1.32189	1.3526	1.56176			0.736284	2.66367	0.865691	2.07763	1.13958	2.29244	1.3543	1.3089
0.691364	2.55482	0.689314	2.55617	0.8416	1.50095	1.13205	1.31127	1.35487	1.57775			0.740133	2.66881	0.862681	2.09307	1.1429	2.30917	1.35618	1.30241
0.687674	2.5572	0.685622	2.55847	0.84378	1.51992	1.13394	1.30084	1.35716	1.59343			0.743988	2.67347	0.859649	2.10791	1.14625	2.32519	1.35806	1.29623
0.683982	2.55942	0.681928	2.56057	0.845987	1.5394	1.13581	1.29056	1.35947	1.60871			0.74785	2.67767	0.856596	2.1222	1.14962	2.34053	1.35992	1.29032
0.680286	2.5615	0.678231	2.56259	0.848223	1.55944	1.13766	1.28048	1.3618	1.62364			0.751718	2.68146	0.853522	2.13585	1.15301	2.35515	1.36178	1.28469
0.676587	2.56346	0.67453	2.56451	0.850489	1.57996	1.1395	1.27065	1.36415	1.6382			0.755591	2.68488	0.85043	2.14886	1.15642	2.36906	1.36363	1.27935
0.672886	2.56527	0.670828	2.56621	0.852784	1.60103	1.14133	1.261	1.36653	1.65237			0.759468	2.68795	0.847319	2.16125	1.15985	2.38223	1.36547	1.27437
0.669182	2.56698	0.667122	2.56787	0.855111	1.62266	1.14314	1.25157	1.36892	1.66616			0.76335	2.69077	0.844191	2.17293	1.16329	2.39472	1.36731	1.26972
0.665476	2.56857	0.663415	2.56942	0.857469	1.64479	1.14494	1.24238	1.37134	1.6795			0.767236	2.69328	0.841046	2.18391	1.16676	2.40653	1.36914	1.26542
0.661767	2.57006	0.659705	2.57084	0.859859	1.66743	1.14673	1.23347	1.37377	1.69247			0.771125	2.69556	0.837886	2.19423	1.17024	2.41756	1.37096	1.26151
0.658057	2.57143	0.655993	2.57215	0.862282	1.69057	1.1485	1.22473	1.37622	1.70499			0.775017	2.69765	0.834712	2.20388	1.17374	2.42791	1.37278	1.25795
0.654344	2.5727	0.65228	2.57336	0.864739	1.7142	1.15026	1.21626	1.37869	1.71708			0.778913	2.6995	0.831524	2.21278	1.17725	2.43759	1.37459	1.25481
0.65063	2.57386	0.648565	2.57448	0.86723	1.73831	1.15201	1.20806	1.38118	1.72876			0.78281	2.70116	0.828324	2.2209	1.18077	2.44653	1.3764	1.25211
0.646914	2.57494	0.644848	2.57546	0.869757	1.76286	1.15375	1.20005	1.38368	1.73995			0.78671	2.70268	0.825113	2.22837	1.18431	2.45477	1.37821	1.2498
0.643197	2.57591	0.64113	2.57639	0.872319	1.78773	1.15548	1.19234	1.3862	1.75074			0.790612	2.70411	0.821892	2.2351	1.18786	2.4623	1.38001	1.24792
0.639478	2.57676	0.637411	2.57724	0.874918	1.81298	1.15719	1.18494	1.38874	1.76108			0.794516	2.70537	0.818661	2.24101	1.19142	2.46914	1.38181	1.24653
0.635758	2.57759	0.63369	2.57798	0.877553	1.83853	1.1589	1.17772	1.39129	1.77094			0.798422	2.70643	0.815422	2.24624	1.19499	2.4753	1.38361	1.24559
0.632037	2.57829	0.629969	2.57866	0.880225	1.86427	1.16059	1.17078	1.39385	1.78038			0.802329	2.70745	0.812177	2.25069	1.19856	2.48073	1.38541	1.24515
0.628315	2.57888	0.626246	2.57922	0.882935	1.89015	1.16228	1.16412	1.39643	1.7893			0.806238	2.70835	0.808925	2.2544	1.20215	2.4855	1.3872	1.24522
0.624593	2.57941	0.622523	2.57966	0.885682	1.91612	1.16395	1.15772	1.39902	1.79776			0.810147	2.70914	0.805669	2.25734	1.20574	2.48953	1.389	1.24577
0.620869	2.57987	0.618799	2.58004	0.888466	1.94214	1.16562	1.15159	1.40162	1.80187			0.814058	2.70986	0.802409	2.25949	1.20934	2.49286	1.3908	1.24689
0.617145	2.58021	0.615075	2.58037	0.891288	1.96804	1.16728	1.1457					0.81797	2.71048	0.799146	2.26087	1.21294	2.49551	1.3926	1.24851
0.613421	2.58045	0.611351	2.58057	0.894147	1.99378	1.16893	1.14012					0.821883	2.71104	0.795882	2.26149	1.21654	2.49739	1.3944	1.25071
0.609696	2.58065	0.607626	2.58069	0.897044	2.01928	1.17057	1.13477					0.825796	2.71151	0.792618	2.26135	1.22015	2.49862	1.39621	1.2535
0.605971	2.58074	0.603901	2.58079	0.899976	2.04444	1.1722	1.12967					0.82971	2.71189	0.789354	2.26034	1.22375	2.49913	1.39802	1.25687
0.602246	2.58078	0.600176	2.58075	0.902945	2.06922	1.17383	1.12486					0.833625	2.71226	0.786093	2.25861	1.22736	2.49891	1.39984	1.26086
0.598521	2.58072	0.596451	2.58061	0.90595	2.09351	1.17545	1.12029					0.83754	2.71255	0.782834	2.2561	1.23097	2.49799	1.40166	1.263
0.594796	2.58052	0.592726	2.5804	0.908989	2.11723	1.17706	1.11595					0.841455	2.71278	0.77958	2.25277	1.23457	2.49628		
0.591072	2.58026	0.589002	2.58013	0.912062	2.1404	1.17867	1.11188					0.845371	2.71296	0.776331	2.2486	1.23817	2.49389		
0.587348	2.57996	0.585278	2.57972	0.915168	2.1629	1.18027	1.10812					0.849287	2.71309	0.773089	2.24361	1.24177	2.49076		
0.583624	2.57951	0.581555	2.57922	0.918305	2.18466	1.18187	1.10456					0.853203	2.71315	0.769854	2.2379	1.24536	2.48685		
0.579901	2.57899	0.577832	2.57864	0.921474	2.20568	1.18346	1.1012					0.857119	2.71319	0.766629	2.23131	1.24895	2.48222		
0.576179	2.57838	0.574111	2.57799	0.924673	2.22597	1.18505	1.09813					0.861035	2.7132	0.763413	2.22384	1.25253	2.47683		
0.572458	2.57766	0.57039	2.57722	0.9279	2.24546	1.18663	1.09532					0.864951	2.71317	0.760209	2.21557	1.2561	2.47065		
0.568738	2.57683	0.566671	2.57632	0.931155	2.2641	1.18821	1.09274					0.868867	2.71312	0.757017	2.20649	1.25966	2.46372		
0.565019	2.57588	0.562953	2.57534	0.934436	2.28199	1.18979	1.09035					0.872783	2.71299	0.753839	2.19653	1.26321	2.45604		
0.561302	2.57487	0.559237	2.57425	0.937742	2.29903	1.19136	1.0882					0.876699	2.71281	0.750677	2.18571	1.26675	2.44755		
0.557586	2.57373	0.555522	2.57303	0.941073	2.31527	1.19293	1.08629					0.880615	2.71261	0.74753	2.17402	1.27028	2.43822		
0.553872	2.57247	0.551809	2.57169	0.944426	2.33076	1.19449	1.08456					0.88453	2.7124	0.744401	2.16148	1.27379	2.42813		
0.55016	2.57104	0.548098	2.57024	0.947801	2.34546	1.19606	1.08311					0.888445	2.71219	0.74129	2.14805	1.27729	2.41726		
0.54645	2.56952	0.544389	2.5686	0.951197	2.35943	1.19762	1.08184					0.892359	2.7119	0.7382	2.1337	1.28077	2.40561		
0.542743	2.56785	0.540683	2.56686	0.954612	2.37265	1.19918	1.08076					0.896273	2.71153	0.735131	2.11849	1.28423	2.39311		
0.539038	2.56607	0.536979	2.56499	0.958046	2.38515	1.20074	1.07993					0.900187	2.7112	0.732084	2.10236	1.28768	2.3798		
0.535335	2.5641	0.533279	2.56293	0.961497	2.39697	1.2023	1.07926					0.9041	2.71085	0.729062	2.08532	1.2911	2.3657		
0.531636	2.56194	0.529581	2.56071	0.964965	2.40819	1.20386	1.07877					0.908012	2.71042	0.726064	2.06736	1.2945	2.35082		
0.527939	2.55965	0.525887	2.55832	0.968449	2.41878	1.20541	1.07853					0.911924	2.70999	0.723094	2.0485	1.29789	2.3351		
0.524247	2.55721	0.522196	2.55574	0.971948	2.42873	1.20697	1.07848					0.915835	2.70955	0.720151	2.02874	1.30125	2.31864		
0.520557	2.55452	0.518509	2.55292	0.97546	2.43817	1.20853	1.07857					0.919746	2.70904	0.717237	2.00802	1.30458	2.3014		
0.516872	2.55162	0.514826	2.54992	0.978986	2.4471	1.21008	1.07883					0.923656	2.70853	0.714354	1.98637	1.30789	2.28337		
0.513192	2.54855	0.511148	2.54671	0.982525	2.45548	1.21164	1.07929					0.927565	2.70798	0.711503	1.96379	1.31117	2.26464		
0.509515	2.54518	0.507474	2.54322	0.986075	2.46337	1.2132	1.07993					0.931473	2.70738	0.708685	1.94031	1.31443	2.24518		
0.505844	2.54159	0.503806	2.53946	0.989636	2.47084	1.21476	1.08076					0.93538	2.70678	0.705902	1.91591	1.31765	2.22501		
0.502178	2.53771	0.500144	2.53546	0.993207	2.47786	1.21632	1.08172					0.939287	2.70615	0.703154	1.89055	1.32085	2.20415		
0.498518	2.53354	0.496487	2.53111	0.996789	2.48449	1.21788	1.08286					0.943192	2.70547	0.700444	1.8643	1.32402	2.1827		
0.494865	2.52909	0.492837	2.52644	1.00038	2.49073	1.21945	1.08417					0.947097	2.70477	0.697773	1.83713	1.32715	2.16063		
0.491218	2.52428	0.489194	2.52143	1.00398	2.49663	1.22101	1.08559					0.951	2.70401	0.695141	1.80908	1.33025	2.13794		
0.487578	2.51905	0.485558	2.51602	1.00759	2.50219	1.22258	1.08721					0.954903	2.70323	0.69255	1.78017	1.33332	2.11477		
0.483946	2.51344	0.481931	2.51017	1.0112	2.50742	1.22415	1.08894					0.958804	2.70244	0.690002	1.75038	1.33636	2.09114		
0.480322	2.50748	0.478312	2.50391	1.01482	2.51234	1.22572	1.09083					0.962704	2.7016	0.687497	1.71975	1.33936	2.06709		
0.476707	2.50099	0.474702	2.49716	1.01845	2.517	1.2273	1.09287					0.966603	2.70074	0.685038	1.68829	1.34232	2.04265		
0.473102	2.49394	0.471103	2.48982	1.02209	2.52138	1.22888	1.09503					0.9705	2.6998	0.682624	1.65607	1.34526	2.01787		
0.469508	2.48642	0.467515	2.48196	1.02573	2.52547	1.23046	1.09735					0.974396	2.69882	0.680257	1.62304	1.34815	1.99285		
0.465925	2.47828	0.463938	2.47348	1.02938	2.52935	1.23205	1.0998					0.978291	2.69782	0.677938	1.58927	1.35101	1.96763		
0.462354	2.46946	0.460375	2.46428	1.03303	2.53301	1.23363	1.10237					0.982184	2.6968	0.675669	1.55478	1.35383	1.94227		
0.458796	2.45995	0.456825	2.45431	1.03669	2.53645	1.23523	1.10505					0.986076	2.69571	0.67345	1.51963	1.35661	1.91682		
0.455252	2.44965	0.45329	2.44359	1.04036	2.53971	1.23682	1.10786					0.989966	2.69454	0.671282	1.4839	1.35936	1.89131		
0.451724	2.43856	0.449771	2.43198	1.04402	2.54277	1.23843	1.11084					0.993855	2.69337	0.669167	1.44752	1.36207	1.86588		
0.448213	2.4265	0.446269	2.41937	1.0477	2.54561	1.24003	1.11386					0.997741	2.69212	0.667104	1.41059	1.36475	1.84057		
0.44472	2.41344	0.442786	2.40572	1.05137	2.54828	1.24164	1.11702					1.00163	2.6908	0.665095	1.37319	1.36739	1.81535		
0.441246	2.39933	0.439324	2.39094	1.05505	2.55083	1.24326	1.12033					1.00551	2.68945	0.66314	1.33531	1.36999	1.7904		
0.437793	2.38399	0.435884	2.37494	1.05874	2.55323	1.24488	1.12373					1.00939	2.68804	0.66124	1.29698	1.37256	1.7657		
0.434364	2.36739	0.432469	2.35759	1.06242	2.55546	1.2465	1.12723					1.01327	2.68653	0.659396	1.25833	1.37509	1.7413		
0.430959	2.34942	0.429079	2.33879	1.06611	2.55753	1.24813	1.13081					1.01715	2.68497	0.657607	1.21941	1.37758	1.7173		
0.427582	2.32995	0.425717	2.31839	1.06981	2.55948	1.24976	1.13454					1.02102	2.68335	0.655875	1.18017	1.38004	1.69366		
0.424233	2.30881	0.422386	2.29633	1.0735	2.56129	1.2514	1.13839					1.02489	2.68162	0.6542	1.14073	1.38247	1.67053		
0.420917	2.28594	0.419088	2.27244	1.0772	2.56301	1.25305	1.14232					1.02876	2.6798	0.652582	1.10118	1.38487	1.64786		
0.417634	2.26123	0.415826	2.24663	1.0809	2.5646	1.2547	1.14631					1.03263	2.67787	0.651022	1.06147	1.38723	1.62573		
0.414389	2.23451	0.412603	2.21874	1.0846	2.56605	1.25636	1.15042					1.03649	2.67588	0.649518	1.02177	1.38956	1.60415		
0.411184	2.20567	0.409421	2.18868	1.08831	2.5674	1.25802	1.15464					1.04035	2.67378	0.648072	0.982045	1.39186	1.5831		
0.408022	2.17459	0.406284	2.15637	1.09202	2.56866	1.25969	1.15891					1.04421	2.67156	0.646683	0.942375	1.39413	1.56273		
0.404906	2.14122	0.403196	2.12165	1.09572	2.56984	1.26137	1.16331					1.04806	2.66925	0.645352	0.902806	1.39637	1.54295		
0.401841	2.10545	0.40016	2.0845	1.09943	2.57091	1.26305	1.16782					1.05191	2.66677	0.644077	0.863364	1.39858	1.52376		
0.398829	2.06723	0.397179	2.04492	1.10315	2.57184	1.26474	1.17239					1.05576	2.66414	0.642859	0.824178	1.40077	1.51433		
0.395873	2.02654	0.394257	2.00282	1.10686	2.57271	1.26644	1.17705					1.05961	2.66136	0.641698	0.785211				
0.392978	1.98332	0.391397	1.95824	1.11057	2.57352	1.26814	1.18183					1.06344	2.65843	0.640593	0.746534				
0.390148	1.93768	0.388604	1.91134	1.11429	2.57421	1.26985	1.18664					1.06728	2.65536	0.639543	0.708145				
0.387385	1.88975	0.38588	1.86215	1.118	2.57481	1.27156	1.19154					1.07111	2.65206	0.638548	0.670111				
0.384693	1.83959	0.383228	1.8108	1.12172	2.57533	1.27329	1.19658					1.07494	2.64851	0.637608	0.632496				
0.382074	1.78739	0.380652	1.7576	1.12544	2.57578	1.27502	1.20167					1.07876	2.64479	0.636723	0.595352				
0.379533	1.73339	0.378154	1.70268	1.12916	2.57615	1.27676	1.20681					1.08257	2.64084	0.63589	0.558637				
0.377071	1.67782	0.375737	1.64632	1.13287	2.57644	1.2785	1.2121					1.08638	2.6366	0.63511	0.522414				
0.374689	1.62097	0.373402	1.5889	1.13659	2.57662	1.28025	1.21745					1.09018	2.6321	0.634382	0.486735				
0.372391	1.56306	0.37115	1.5306	1.14031	2.57679	1.28202	1.22287					1.09398	2.62728	0.633705	0.451559				
0.370177	1.50446	0.368983	1.4717	1.14403	2.57683	1.28378	1.22836					1.09777	2.62213	0.633078	0.41695				
0.368048	1.44547	0.366902	1.41259	1.14775	2.57678	1.28556	1.23393					1.10155	2.61662	0.632501	0.382962				
0.366005	1.38632	0.364906	1.35346	1.15147	2.57669	1.28735	1.23961					1.10532	2.61068	0.631973	0.349555				
0.364046	1.32726	0.362995	1.29454	1.15519	2.57653	1.28914	1.24537					1.10908	2.60435	0.631492	0.316799				
0.362173	1.26854	0.361169	1.23609	1.15891	2.57626	1.29094	1.25122					1.11284	2.59759	0.631058	0.284686				
0.360384	1.21029	0.359426	1.17823	1.16263	2.57591	1.29275	1.25715					1.11658	2.59029	0.63067	0.253198				
0.358679	1.15268	0.357767	1.12102	1.16634	2.57552	1.29457	1.26316					1.12032	2.58247	0.630327	0.222376				
0.357057	1.0959	0.35619	1.06469	1.17006	2.57499	1.2964	1.2692					1.12404	2.57405	0.630028	0.192227				
0.355516	1.03999	0.354694	1.00931	1.17378	2.57443	1.29823	1.2754					1.12775	2.56504	0.629772	0.162836				
0.354055	0.985001	0.353277	0.954861	1.17749	2.57379	1.30008	1.28169					1.13144	2.55534	0.629558	0.134084				
0.352672	0.930976	0.351937	0.901338	1.18121	2.57303	1.30193	1.28802					1.13512	2.54492	0.629385	0.106022				
0.351367	0.877859	0.350675	0.848786	1.18492	2.57221	1.3038	1.29449					1.13879	2.53378	0.629252	0.0786839				
0.350138	0.82575	0.349487	0.797221	1.18863	2.57128	1.30567	1.30105					1.14244	2.52184	0.629158	0.0520587				
0.348983	0.774633	0.348373	0.746606	1.19234	2.57031	1.30755	1.30766					1.14607	2.50906	0.629102	0.026201				
0.347902	0.724401	0.347332	0.696865	1.19605	2.5692	1.30945	1.31438					1.14968	2.49538	0.629082	0.0010725				
0.346892	0.675059	0.346362	0.647994	1.19976	2.56799	1.31135	1.32125					1.15327	2.48081	0.629099	-0.02333				
0.345953	0.626548	0.345461	0.599982	1.20347	2.56672	1.31326	1.3282					1.15684	2.46532	0.62915	-0.047013				
0.345084	0.578889	0.34463	0.552739	1.20717	2.56536	1.31518	1.33523					1.16039	2.44898	0.629235	-0.0699161				
0.344282	0.531985	0.343866	0.506226	1.21087	2.56387	1.31712	1.34237					1.16391	2.43168	0.629352	-0.0920651				
0.343548	0.485785	0.343168	0.46044	1.21457	2.56221	1.31906	1.34964					1.16741	2.41351	0.6295	-0.113511				
0.34288	0.440333	0.342537	0.415306	1.21827	2.5605	1.32101	1.35704					1.17088	2.39458	0.629655	-0.131579				
0.342277	0.395498	0.341969	0.370812	1.22196	2.55869	1.32298	1.36455					1.17432	2.37486	0.629804	-0.146488				
0.341738	0.351239	0.341466	0.326943	1.22565	2.55673	1.32495	1.37215					1.17773	2.35449	0.629939	-0.158525				
0.341263	0.307618	0.341026	0.283588	1.22934	2.55464	1.32694	1.37995					1.18112	2.33368	0.630054	-0.167743				
0.34085	0.264541	0.340647	0.240825	1.23303	2.55243	1.32893	1.38783					1.18447	2.31247	0.630142	-0.174525				
0.340499	0.221965	0.34033	0.198585	1.23671	2.55008	1.33094	1.39588					1.18779	2.29107	0.630226	-0.180682				
0.340209	0.179954	0.340074	0.156804	1.24039	2.54759	1.33296	1.40408					1.19108	2.26967	0.630286	-0.184751				
0.33998	0.138412	0.339878	0.115504	1.24407	2.54491	1.335	1.41239					1.19434	2.24843	0.630383	-0.191128				
0.33981	0.0972956	0.339741	0.0746505	1.24774	2.54211	1.33704	1.42094					1.19758	2.22755	0.63052	-0.199777				
0.339699	0.0566645	0.339662	0.0342531	1.2514	2.53913	1.3391	1.42961					1.20078	2.20722	0.630702	-0.210387				
0.339646	0.0164785	0.339642	-0.00567262	1.25507	2.53596	1.34117	1.43841					1.20395	2.18758	0.630934	-0.222818				
0.339651	-0.0232568	0.339679	-0.0451676	1.25872	2.53265	1.34325	1.44746					1.20709	2.16878	0.631224	-0.236831				
0.339713	-0.0625905	0.339772	-0.0842406	1.26238	2.5291	1.34535	1.45671					1.21021	2.151	0.631577	-0.252108				
0.339832	-0.101487	0.339922	-0.122909	1.26603	2.52534	1.34746	1.46617					1.2133	2.13427	0.631952	-0.266595				
0.340006	-0.13995	0.340127	-0.161208	1.26967	2.52141	1.34958	1.47581					1.21637	2.11869	0.632347	-0.280283				
0.340236	-0.178058	0.340387	-0.199061	1.2733	2.51725	1.35172	1.48564					1.21942	2.10431	0.632761	-0.293133				
0.34052	-0.215747	0.340702	-0.23646	1.27693	2.51282	1.35387	1.4958					1.22244	2.09118	0.633193	-0.305125				
0.340812	-0.2482	0.34107	-0.273466	1.28056	2.50816	1.35603	1.50615					1.22545	2.07924	0.633641	-0.316211				
0.341093	-0.275632	0.341491	-0.310052	1.28417	2.50322	1.35822	1.51678					1.22845	2.06847	0.634106	-0.326478				
0.341347	-0.29819	0.341965	-0.346236	1.28778	2.49801	1.36041	1.52766					1.23142	2.05895	0.634584	-0.335823				
0.341563	-0.315984	0.342491	-0.381982	1.29139	2.49255	1.36263	1.53882					1.23439	2.05052	0.635075	-0.344304				
0.341729	-0.328815	0.343068	-0.417294	1.29498	2.48678	1.36485	1.55033					1.23734	2.04312	0.635578	-0.351877				
0.341888	-0.340604	0.343695	-0.452174	1.29856	2.48063	1.3671	1.56212					1.24029	2.03683	0.636091	-0.358484				
0.342001	-0.348937	0.344373	-0.486633	1.30214	2.47419	1.36936	1.57425					1.24322	2.03148	0.636613	-0.364204				
0.342185	-0.361794	0.3451	-0.520614	1.30571	2.46742	1.37164	1.58672					1.24615	2.02701	0.637142	-0.368968				
0.342444	-0.37906	0.345876	-0.554152	1.30926	2.4603	1.37394	1.59958					1.24907	2.02335	0.637678	-0.372778				
0.34279	-0.400771	0.3467	-0.587244	1.31281	2.45278	1.37626	1.61275					1.25199	2.02049	0.638218	-0.375599				
0.343234	-0.426887	0.347571	-0.619809	1.31634	2.44481	1.3786	1.62633					1.25491	2.01841	0.638762	-0.377412				
0.34379	-0.457184	0.348489	-0.651907	1.31987	2.4365	1.38096	1.64037					1.25782	2.01692	0.639308	-0.378246				
0.344475	-0.491556	0.349453	-0.683511	1.32338	2.42777	1.38334	1.65475					1.26073	2.01607	0.639854	-0.378077				
0.345209	-0.525477	0.350462	-0.714639	1.32688	2.41857	1.38573	1.6696					1.26364	2.01579	0.640399	-0.376893				
0.345992	-0.558954	0.351516	-0.745253	1.33036	2.40896	1.38815	1.68489					1.26655	2.01598	0.640942	-0.37469				
0.346822	-0.591953	0.352613	-0.77528	1.33383	2.39888	1.3906	1.70064					1.26946	2.0167	0.641481	-0.371428				
0.3477	-0.624455	0.353754	-0.804793	1.33728	2.38834	1.39306	1.71682					1.27237	2.01786	0.642014	-0.367124				
0.348625	-0.656527	0.354937	-0.833789	1.34072	2.37733	1.39555	1.73348					1.27528	2.01936	0.642541	-0.361749				
0.349596	-0.687974	0.356161	-0.862192	1.34415	2.36585	1.39807	1.7506					1.2782	2.02128	0.643058	-0.355363				
0.351672	-0.749482	0.357261	-0.886446	1.34755	2.35388	1.40061	1.75924					1.28112	2.02352	0.643566	-0.347958				
0.352775	-0.779589	0.358222	-0.906713	1.35094	2.34146							1.28404	2.02604	0.644063	-0.339459				
0.353922	-0.80902	0.359033	-0.923296	1.35431	2.32858							1.28697	2.02887	0.644546	-0.329899				
0.355111	-0.837872	0.359685	-0.936218	1.35766	2.31525							1.2899	2.03197	0.645015	-0.319369				
0.356341	-0.866214	0.36017	-0.945631	1.361	2.30152							1.29283	2.03528	0.645468	-0.307806				
0.357611	-0.893898	0.360621	-0.954149	1.36431	2.28733							1.29577	2.0388	0.645904	-0.295212				
0.358921	-0.920997	0.360937	-0.960096	1.3676	2.27281							1.29872	2.04254	0.646321	-0.281701				
0.36027	-0.947437	0.361434	-0.969288	1.37087	2.25796							1.30167	2.04646	0.646717	-0.267219				
0.361656	-0.973181	0.362118	-0.981478	1.37412	2.24277							1.30463	2.05058	0.647092	-0.251811				
0.363079	-0.998248	0.362995	-0.996886	1.37734	2.22738							1.30759	2.0548	0.647444	-0.235538				
0.364538	-1.02257	0.364074	-1.01505	1.38055	2.21177							1.31056	2.05914	0.647772	-0.218466				
0.366031	-1.04609	0.365364	-1.03578	1.38373	2.19599							1.31353	2.06369	0.648075	-0.200591				
0.367558	-1.0688	0.366876	-1.05884	1.38689	2.18015							1.31652	2.06831	0.648351	-0.181949				
0.369117	-1.09066	0.36842	-1.08106	1.39002	2.16424							1.3195	2.07304	0.6486	-0.162704				
0.370706	-1.11148	0.369996	-1.10232	1.39313	2.14842							1.3225	2.07789	0.648821	-0.142828				
0.372325	-1.13126	0.371602	-1.12262	1.39622	2.13274							1.3255	2.08281	0.649012	-0.122379				
0.373972	-1.14991	0.373237	-1.14181	1.39929	2.11718							1.32851	2.0878	0.649174	-0.101498				
0.375645	-1.16725	0.374898	-1.15972	1.40234	2.10942							1.33153	2.09289	0.649305	-0.0802179				
0.377341	-1.18314	0.376585	-1.17625									1.33455	2.09807	0.649405	-0.058628				
0.37906	-1.19734	0.378294	-1.19122									1.33759	2.10326	0.649474	-0.0368467				
0.380798	-1.20961	0.380024	-1.20442									1.34063	2.10853	0.649512	-0.0259242				
0.382552	-1.2197	0.381771	-1.21552									1.34367	2.11388						
0.384319	-1.22712	0.383533	-1.22415									1.34673	2.11926						
0.386094	-1.23127	0.385305	-1.22986									1.34979	2.1247						
0.387873	-1.23155	0.387083	-1.23201									1.35286	2.13013						
0.389649	-1.22701	0.388861	-1.22972									1.35594	2.13559						
0.391415	-1.21642	0.390633	-1.22195									1.35903	2.14114						
0.393161	-1.19809	0.392389	-1.2073									1.36212	2.14666						
0.394874	-1.16985	0.394118	-1.18378									1.36522	2.1522						
0.396538	-1.12888	0.395806	-1.14888									1.36833	2.1578						
0.398133	-1.07134	0.397434	-1.0992									1.37145	2.16338						
0.399631	-0.992504	0.398979	-1.03049									1.37458	2.16898						
0.400998	-0.887024	0.400409	-0.937545									1.37771	2.17461						
0.402191	-0.749505	0.401686	-0.814825									1.38086	2.18024						
0.403161	-0.576376	0.402761	-0.657738									1.38401	2.18584						
0.403855	-0.368742	0.403584	-0.4649									1.38717	2.19146						
0.404226	-0.256831	0.404103	-0.359678									1.39033	2.19709						
												1.39351	2.20269						
												1.39669	2.20831						
												1.39988	2.2139						
												1.40308	2.21669						
