Sym0		Asym0		Sym1		Sym2		Sym3		Asym1		Asym2		Asym3		Asym4	
363  Points		399  Points		362  Points		320  Points		273  Points		347  Points		344  Points		265  Points		169  Points	
Freq (MHz)	Vph (m/ms)	Freq (MHz)	Vph (m/ms)	Freq (MHz)	Vph (m/ms)	Freq (MHz)	Vph (m/ms)	Freq (MHz)	Vph (m/ms)	Freq (MHz)	Vph (m/ms)	Freq (MHz)	Vph (m/ms)	Freq (MHz)	Vph (m/ms)	Freq (MHz)	Vph (m/ms)
0.326242	1943.74	0.000318045	0.1102	1.00074	2.38099	0.353598	466.318	0.707106	771.58	0.176802	209.667	1.00199	2.51159	0.652497	801.204	0.883884	2809.43
0.326125	242.229	0.000629698	0.154923	0.997907	2.38094	0.35384	182.694	0.707105	337.528	0.176925	87.5102	0.999439	2.51262	0.652545	327.434	0.883886	591.97
0.325834	129.05	0.00104543	0.199393	0.995082	2.38089	0.354284	113.724	0.707101	216.01	0.177148	55.3539	0.996987	2.5139	0.652633	205.786	0.88389	330.842
0.325379	87.8601	0.00156385	0.24353	0.992263	2.38086	0.354915	82.6574	0.707097	158.828	0.17747	40.5294	0.994623	2.51542	0.652762	150.063	0.883898	229.575
0.324779	66.5274	0.0021832	0.287259	0.989449	2.38084	0.355713	65.0022	0.707091	125.583	0.17789	32.0102	0.992335	2.51714	0.652931	118.104	0.883908	175.774
0.324055	53.4709	0.00290151	0.33052	0.98664	2.38083	0.356657	53.6259	0.707084	103.846	0.178407	26.4864	0.990111	2.51902	0.653139	97.3824	0.88392	142.403
0.323227	44.6513	0.00371658	0.373258	0.983836	2.38084	0.357728	45.6906	0.707076	88.5227	0.17902	22.6197	0.987939	2.52106	0.653387	82.8597	0.883935	119.682
0.322314	38.2913	0.00462591	0.415414	0.981038	2.38086	0.358907	39.8437	0.707066	77.14	0.179725	19.7655	0.985808	2.52321	0.653674	72.1178	0.883953	103.215
0.321333	33.4864	0.00562691	0.456946	0.978245	2.38089	0.360178	35.3588	0.707056	68.3507	0.18052	17.5752	0.983712	2.52546	0.653999	63.8516	0.883974	90.7319
0.320299	29.7277	0.00671664	0.497799	0.975457	2.38094	0.361529	31.8111	0.707044	61.3592	0.181404	15.8434	0.981645	2.5278	0.654363	57.2948	0.883998	80.9432
0.319224	26.7067	0.00789236	0.53795	0.972676	2.38099	0.362947	28.9353	0.707032	55.665	0.182373	14.4416	0.9796	2.53022	0.654765	51.9675	0.884024	73.0615
0.318119	24.2257	0.00915095	0.577358	0.9699	2.38107	0.364424	26.5579	0.707018	50.9377	0.183425	13.285	0.977576	2.5327	0.655203	47.5543	0.884053	66.5791
0.316991	22.1518	0.0104895	0.616007	0.96713	2.38116	0.365952	24.5599	0.707004	46.9502	0.184556	12.3158	0.97557	2.53524	0.655679	43.839	0.884085	61.1538
0.315849	20.3925	0.0119048	0.653866	0.964365	2.38126	0.367524	22.8575	0.706989	43.5416	0.185764	11.4925	0.973578	2.53784	0.65619	40.6686	0.884121	56.5466
0.314698	18.8815	0.0133937	0.690921	0.961607	2.38138	0.369136	21.39	0.706973	40.5942	0.187045	10.7854	0.9716	2.54048	0.656737	37.9319	0.884159	52.5854
0.313543	17.5698	0.0149532	0.727164	0.958855	2.38151	0.370782	20.1119	0.706957	38.0205	0.188396	10.1721	0.969633	2.54318	0.657318	35.5459	0.8842	49.1433
0.312387	16.4207	0.0165804	0.762587	0.956109	2.38166	0.37246	18.989	0.70694	35.7535	0.189815	9.63555	0.967678	2.54592	0.657933	33.4476	0.884244	46.1245
0.311236	15.4058	0.0182721	0.797185	0.953369	2.38183	0.374165	17.9948	0.706923	33.7415	0.191297	9.16265	0.965733	2.5487	0.658581	31.588	0.884291	43.4556
0.31009	14.503	0.0200255	0.830957	0.950635	2.38202	0.375896	17.1083	0.706906	31.9439	0.192841	8.74305	0.963797	2.55153	0.659262	29.9289	0.884342	41.079
0.308954	13.695	0.0218378	0.863911	0.947908	2.38222	0.377649	16.3132	0.70689	30.328	0.194442	8.36851	0.96187	2.5544	0.659975	28.4397	0.884396	38.9493
0.307829	12.9677	0.0237061	0.896046	0.945187	2.38244	0.379424	15.5959	0.706873	28.8677	0.196099	8.03239	0.959951	2.55731	0.660718	27.0957	0.884454	37.0299
0.306717	12.3098	0.0256279	0.927378	0.942473	2.38267	0.381219	14.9456	0.706856	27.5415	0.197807	7.72925	0.95804	2.56025	0.661492	25.8768	0.884515	35.2912
0.30562	11.7118	0.0276005	0.957909	0.939765	2.38293	0.383031	14.3535	0.70684	26.3317	0.199336	7.4885	0.956136	2.56324	0.662294	24.7664	0.884579	33.7087
0.30454	11.1661	0.0296217	0.987659	0.937065	2.3832	0.384859	13.812	0.706825	25.2238	0.200668	7.29849	0.95424	2.56626	0.663126	23.7508	0.884647	32.2624
0.303478	10.6663	0.0316889	1.01663	0.93437	2.38349	0.386703	13.3151	0.706811	24.2053	0.201788	7.15095	0.95235	2.56932	0.663985	22.8184	0.884719	30.9354
0.302434	10.2068	0.0337999	1.04485	0.931683	2.3838	0.388562	12.8573	0.706797	23.2658	0.202685	7.03994	0.950468	2.57242	0.664871	21.9595	0.884795	29.7137
0.301411	9.78319	0.0359526	1.07234	0.929003	2.38413	0.390433	12.4344	0.706785	22.3966	0.203352	6.9613	0.948591	2.57556	0.665783	21.1657	0.884875	28.585
0.30041	9.39144	0.038145	1.09909	0.92633	2.38449	0.392317	12.0424	0.706775	21.59	0.203781	6.91226	0.946721	2.57873	0.66672	20.4301	0.884959	27.5393
0.299431	9.0282	0.0403751	1.12514	0.923664	2.38486	0.394213	11.6781	0.706765	20.8395	0.204401	6.84342	0.944857	2.58195	0.667682	19.7465	0.885047	26.5677
0.298475	8.69057	0.042641	1.1505	0.921005	2.38525	0.39612	11.3387	0.706758	20.1394	0.205081	6.77076	0.942999	2.58519	0.668668	19.1096	0.88514	25.6626
0.297543	8.37603	0.0449411	1.17519	0.918353	2.38567	0.398037	11.0218	0.706753	19.4849	0.206013	6.67538	0.941146	2.58848	0.669676	18.5148	0.885236	24.8174
0.296636	8.08236	0.0472735	1.19923	0.915709	2.3861	0.399964	10.7251	0.70675	18.8717	0.207205	6.5601	0.939299	2.5918	0.670707	17.9582	0.885338	24.0265
0.295755	7.80765	0.0496369	1.22263	0.913072	2.38656	0.401899	10.4469	0.706749	18.2959	0.208664	6.42814	0.937458	2.59516	0.671759	17.4362	0.885444	23.2846
0.294901	7.5502	0.0520296	1.24541	0.910443	2.38704	0.403843	10.1854	0.706751	17.7543	0.210401	6.28287	0.935622	2.59855	0.672832	16.9457	0.885555	22.5875
0.294074	7.3085	0.0544503	1.2676	0.907822	2.38754	0.405795	9.93923	0.706756	17.2439	0.212425	6.12766	0.933791	2.60198	0.673925	16.4839	0.885671	21.9312
0.293274	7.08123	0.0568976	1.2892	0.905208	2.38807	0.407755	9.70702	0.706764	16.7621	0.21448	5.98353	0.931965	2.60545	0.675037	16.0485	0.885792	21.3123
0.292504	6.86721	0.0593704	1.31024	0.902601	2.38862	0.409721	9.48766	0.706775	16.3066	0.216564	5.84937	0.930145	2.60896	0.676167	15.6373	0.885918	20.7276
0.291762	6.66539	0.0618672	1.33074	0.900003	2.3892	0.411694	9.28009	0.70679	15.8753	0.218676	5.7242	0.928329	2.6125	0.677316	15.2482	0.88605	20.1744
0.291051	6.47481	0.0643871	1.3507	0.897412	2.3898	0.413673	9.0834	0.706809	15.4663	0.220814	5.60717	0.926518	2.61608	0.678481	14.8797	0.886187	19.6502
0.29037	6.29463	0.066929	1.37015	0.89483	2.39042	0.415658	8.89675	0.706832	15.078	0.222975	5.49754	0.924711	2.6197	0.679663	14.5301	0.88633	19.1529
0.28972	6.12409	0.0694918	1.3891	0.892255	2.39107	0.417648	8.7194	0.70686	14.7088	0.225159	5.39463	0.922909	2.62335	0.68086	14.1979	0.886479	18.6804
0.289102	5.9625	0.0720746	1.40757	0.889689	2.39175	0.419643	8.55066	0.706892	14.3574	0.227364	5.29787	0.921112	2.62704	0.682073	13.8821	0.886633	18.2309
0.288517	5.80922	0.0746766	1.42557	0.88713	2.39245	0.421642	8.38993	0.706929	14.0225	0.229588	5.20671	0.919318	2.63077	0.683299	13.5813	0.886794	17.8028
0.287965	5.66371	0.0772968	1.44313	0.88458	2.39318	0.423645	8.23664	0.706971	13.703	0.23183	5.1207	0.91753	2.63453	0.68454	13.2945	0.886962	17.3946
0.287446	5.52543	0.0799343	1.46024	0.882038	2.39393	0.425652	8.09029	0.707019	13.3979	0.234089	5.03942	0.915745	2.63834	0.685794	13.0209	0.887136	17.005
0.286961	5.39392	0.0825885	1.47693	0.879505	2.39472	0.427663	7.95041	0.707072	13.1062	0.236364	4.96248	0.913964	2.64218	0.687061	12.7594	0.887317	16.6327
0.286511	5.26875	0.0852586	1.49321	0.87698	2.39553	0.429676	7.81659	0.707131	12.8271	0.238653	4.88956	0.912187	2.64606	0.688339	12.5094	0.887504	16.2767
0.286097	5.14953	0.087944	1.50909	0.874463	2.39637	0.431692	7.68843	0.707197	12.5598	0.240955	4.82033	0.910414	2.64997	0.689629	12.27	0.887699	15.9358
0.285719	5.0359	0.0906439	1.52459	0.871955	2.39724	0.433451	7.58109	0.707269	12.3036	0.243269	4.75453	0.908644	2.65393	0.69093	12.0407	0.887901	15.6092
0.285377	4.92752	0.0933578	1.53972	0.869455	2.39813	0.434951	7.49261	0.707349	12.0577	0.245594	4.6919	0.906878	2.65792	0.692241	11.8208	0.888111	15.296
0.285073	4.8241	0.0960851	1.55448	0.866964	2.39906	0.436193	7.42144	0.707435	11.8217	0.247929	4.63222	0.905116	2.66194	0.693561	11.6097	0.888328	14.9954
0.284806	4.72535	0.0988251	1.5689	0.864481	2.40002	0.437175	7.36641	0.707529	11.5949	0.250273	4.57528	0.903356	2.66601	0.694891	11.4069	0.888553	14.7066
0.284578	4.63102	0.101577	1.58298	0.862007	2.40101	0.437898	7.32662	0.70763	11.3769	0.252626	4.52089	0.9016	2.67012	0.696229	11.212	0.888786	14.429
0.28439	4.54087	0.104342	1.59673	0.859542	2.40202	0.43836	7.30145	0.70774	11.167	0.254986	4.46887	0.899847	2.67426	0.697576	11.0244	0.889028	14.162
0.284241	4.45466	0.107117	1.61016	0.857085	2.40307	0.439025	7.26566	0.707858	10.965	0.257352	4.41907	0.898097	2.67844	0.698929	10.8438	0.889278	13.9049
0.284133	4.37221	0.109903	1.62328	0.854637	2.40415	0.439748	7.22728	0.707985	10.7704	0.259724	4.37133	0.89635	2.68265	0.70029	10.6699	0.889537	13.6573
0.284066	4.29333	0.1127	1.63611	0.852198	2.40527	0.440731	7.17593	0.70812	10.5827	0.262101	4.32554	0.894605	2.68691	0.701658	10.5021	0.889805	13.4186
0.284041	4.21782	0.115506	1.64865	0.849768	2.40641	0.441974	7.11234	0.708265	10.4017	0.264482	4.28156	0.892863	2.6912	0.703032	10.3403	0.890082	13.1884
0.284059	4.14554	0.118323	1.66091	0.847346	2.40759	0.443479	7.03741	0.708419	10.2269	0.266866	4.23928	0.891123	2.69553	0.704411	10.184	0.890368	12.9662
0.28411	4.08506	0.121148	1.6729	0.844933	2.4088	0.445244	6.95212	0.708584	10.0582	0.269253	4.1986	0.889386	2.6999	0.705795	10.0331	0.890664	12.7517
0.28418	4.03527	0.123983	1.68462	0.842529	2.41004	0.44727	6.85756	0.708758	9.89511	0.271642	4.15942	0.88765	2.70431	0.707184	9.88722	0.89097	12.5444
0.284257	3.99529	0.126825	1.69609	0.840134	2.41132	0.449295	6.76636	0.708943	9.73748	0.274033	4.12164	0.885917	2.70875	0.708577	9.74611	0.891286	12.344
0.284329	3.96442	0.129676	1.70731	0.837748	2.41263	0.45132	6.67833	0.709139	9.58501	0.276424	4.0852	0.884185	2.71324	0.709974	9.60955	0.891613	12.1502
0.28439	3.94213	0.132535	1.71829	0.835371	2.41398	0.453345	6.5933	0.709346	9.43748	0.278816	4.05	0.882455	2.71776	0.711374	9.47733	0.89195	11.9627
0.284432	3.92804	0.135402	1.72903	0.833002	2.41536	0.455368	6.51113	0.709564	9.29465	0.281207	4.01598	0.880726	2.72231	0.712777	9.34923	0.892298	11.7812
0.284496	3.90803	0.138276	1.73955	0.830642	2.41678	0.45739	6.43166	0.709795	9.15632	0.283596	3.98308	0.878999	2.72691	0.714182	9.22506	0.892656	11.6053
0.284571	3.88659	0.141157	1.74985	0.828291	2.41823	0.459411	6.35477	0.710037	9.02228	0.285985	3.95122	0.877272	2.73154	0.71559	9.10464	0.893027	11.4349
0.284684	3.85797	0.144044	1.75994	0.825949	2.41971	0.46143	6.28031	0.710291	8.89235	0.288371	3.92035	0.875547	2.73621	0.716998	8.9878	0.893408	11.2698
0.284842	3.82261	0.146939	1.76981	0.823615	2.42124	0.463446	6.20818	0.710559	8.76636	0.290754	3.89042	0.873823	2.74091	0.718408	8.87437	0.893802	11.1096
0.285058	3.78108	0.149839	1.77949	0.821291	2.4228	0.46546	6.13825	0.710839	8.64413	0.293135	3.86138	0.872099	2.74565	0.719819	8.76421	0.894208	10.9541
0.285345	3.73402	0.152746	1.78897	0.818975	2.42439	0.467471	6.07043	0.711133	8.52552	0.295511	3.83318	0.870375	2.75043	0.72123	8.65717	0.894625	10.8033
0.285721	3.68216	0.155658	1.79826	0.816668	2.42603	0.469479	6.00461	0.71144	8.41038	0.297883	3.80577	0.868652	2.75525	0.722641	8.55311	0.895056	10.6568
0.286148	3.6325	0.158576	1.80736	0.814369	2.4277	0.471484	5.94071	0.711761	8.29856	0.300251	3.77912	0.866929	2.7601	0.724052	8.45191	0.895499	10.5146
0.286628	3.58495	0.1615	1.81629	0.812079	2.42941	0.473486	5.87863	0.712097	8.18994	0.302614	3.75318	0.865205	2.76499	0.725461	8.35345	0.895955	10.3763
0.28716	3.53944	0.164428	1.82504	0.809797	2.43115	0.475483	5.8183	0.712447	8.08439	0.30497	3.72793	0.863482	2.76991	0.72687	8.25761	0.896425	10.242
0.287747	3.49589	0.167362	1.83361	0.807524	2.43294	0.477476	5.75963	0.712764	7.99482	0.307321	3.70331	0.861757	2.77487	0.728277	8.16429	0.896908	10.1114
0.28839	3.45424	0.170301	1.84203	0.80526	2.43476	0.479465	5.70255	0.713044	7.92018	0.309665	3.67931	0.860032	2.77987	0.729682	8.07338	0.897405	9.98431
0.28909	3.41443	0.173244	1.85028	0.803003	2.43662	0.481449	5.647	0.713281	7.85962	0.312002	3.65589	0.858306	2.78489	0.730905	7.99605	0.897916	9.8607
0.289848	3.37638	0.176192	1.85837	0.800755	2.43852	0.483428	5.5929	0.713473	7.81246	0.314332	3.63302	0.856579	2.78996	0.731945	7.93147	0.898441	9.74041
0.290666	3.34006	0.179144	1.86631	0.798516	2.44046	0.485402	5.5402	0.713617	7.77818	0.316654	3.61067	0.85485	2.79506	0.732805	7.87897	0.89898	9.6233
0.291545	3.30539	0.182101	1.8741	0.796284	2.44243	0.48737	5.48883	0.71371	7.75642	0.318968	3.58883	0.85312	2.80019	0.733483	7.83803	0.899534	9.50927
0.292486	3.27235	0.185061	1.88175	0.794061	2.44445	0.489333	5.43875	0.713845	7.72538	0.321274	3.56746	0.851388	2.80535	0.733982	7.80824	0.900104	9.3982
0.293492	3.24086	0.188026	1.88925	0.791845	2.44651	0.49129	5.3899	0.713993	7.69195	0.32357	3.54655	0.849653	2.81055	0.734301	7.78931	0.900688	9.28999
0.294562	3.2109	0.190994	1.89662	0.789637	2.4486	0.49324	5.34222	0.714199	7.647	0.325857	3.52607	0.847916	2.81579	0.734759	7.76228	0.901288	9.18453
0.295699	3.18241	0.193966	1.90385	0.787438	2.45073	0.495184	5.29568	0.714464	7.591	0.328134	3.506	0.846177	2.82105	0.735256	7.73315	0.901903	9.08174
0.296904	3.15536	0.196941	1.91095	0.785245	2.45291	0.497121	5.25022	0.714793	7.52451	0.330402	3.48633	0.844435	2.82635	0.735932	7.69394	0.902535	8.98151
0.298178	3.12969	0.19992	1.91792	0.783061	2.45512	0.499051	5.20581	0.715191	7.44818	0.332659	3.46703	0.84269	2.83168	0.736785	7.645	0.903182	8.88376
0.29952	3.10538	0.202902	1.92476	0.780883	2.45738	0.500973	5.1624	0.715663	7.36273	0.334905	3.44809	0.840941	2.83704	0.737815	7.58677	0.903846	8.78842
0.300933	3.08236	0.205887	1.93149	0.778713	2.45967	0.502888	5.11996	0.716153	7.27951	0.33714	3.4295	0.839189	2.84243	0.739021	7.51975	0.904526	8.69539
0.302417	3.06061	0.208875	1.93809	0.77655	2.462	0.504796	5.07845	0.71666	7.19843	0.339365	3.41123	0.837434	2.84785	0.7404	7.44451	0.905222	8.6046
0.303971	3.04008	0.211866	1.94458	0.774394	2.46437	0.506695	5.03782	0.717184	7.11942	0.341577	3.39327	0.835674	2.8533	0.741774	7.37099	0.905936	8.51598
0.305596	3.02073	0.21486	1.95096	0.772245	2.46679	0.508587	4.99806	0.717727	7.04241	0.343778	3.37561	0.833909	2.85878	0.743143	7.29911	0.906666	8.42947
0.307291	3.00251	0.217856	1.95722	0.770103	2.46924	0.510469	4.95913	0.718287	6.96735	0.345967	3.35824	0.832141	2.86429	0.744507	7.22884	0.907414	8.34498
0.309055	2.98537	0.22047	1.96259	0.767967	2.47173	0.512344	4.921	0.718866	6.89415	0.348144	3.34115	0.830367	2.86982	0.745866	7.1601	0.90808	8.27297
0.310888	2.96927	0.222699	1.9671	0.765837	2.47426	0.514209	4.88364	0.719464	6.82277	0.350308	3.32432	0.828588	2.87539	0.747219	7.09284	0.908658	8.21273
0.312788	2.95417	0.224543	1.97079	0.763713	2.47683	0.516065	4.84702	0.720081	6.75315	0.352459	3.30775	0.826804	2.88098	0.748565	7.02701	0.909143	8.1637
0.314754	2.94001	0.226002	1.97368	0.761595	2.47944	0.517912	4.81111	0.720716	6.68522	0.354598	3.29141	0.825015	2.8866	0.749906	6.96257	0.909531	8.12542
0.316784	2.92675	0.227075	1.97579	0.759483	2.48208	0.51975	4.7759	0.721372	6.61894	0.356724	3.27532	0.823219	2.89224	0.75124	6.89946	0.909819	8.09755
0.318875	2.91434	0.227762	1.97713	0.757376	2.48477	0.521578	4.74135	0.722046	6.55426	0.358836	3.25944	0.821418	2.89791	0.752567	6.83764	0.910005	8.07983
0.321025	2.90272	0.22875	1.97906	0.755275	2.48749	0.523397	4.70745	0.722741	6.49112	0.360936	3.24379	0.81961	2.9036	0.753888	6.77707	0.910273	8.05452
0.323232	2.89186	0.229824	1.98113	0.753178	2.49025	0.525205	4.67417	0.723455	6.42949	0.363022	3.22834	0.817795	2.90932	0.755201	6.71771	0.910567	8.02723
0.325493	2.88171	0.231285	1.98394	0.751086	2.49305	0.527004	4.6415	0.72419	6.36931	0.365095	3.2131	0.815974	2.91506	0.756507	6.65952	0.910971	7.99046
0.327806	2.87222	0.233133	1.98745	0.748999	2.49588	0.528792	4.6094	0.724945	6.31054	0.367154	3.19806	0.814145	2.92083	0.757806	6.60246	0.911487	7.94455
0.330168	2.86335	0.235369	1.99165	0.746915	2.49875	0.53057	4.57787	0.725721	6.25314	0.3692	3.1832	0.81231	2.92662	0.759098	6.54649	0.912121	7.88986
0.332576	2.85505	0.237994	1.99651	0.744835	2.50166	0.532338	4.54689	0.726517	6.19707	0.371232	3.16853	0.810466	2.93243	0.760381	6.49158	0.912877	7.82687
0.335028	2.84729	0.241007	2.00199	0.742758	2.5046	0.534095	4.51643	0.727334	6.14229	0.373251	3.15403	0.808615	2.93826	0.761657	6.4377	0.913761	7.75608
0.33752	2.84003	0.244023	2.00739	0.740685	2.50757	0.535841	4.48649	0.728171	6.08877	0.375256	3.13971	0.806756	2.94411	0.762925	6.38482	0.914664	7.68685
0.340051	2.83323	0.24704	2.0127	0.738614	2.51058	0.537576	4.45704	0.72903	6.03647	0.377248	3.12556	0.804888	2.94998	0.764186	6.33291	0.915585	7.61913
0.342618	2.82686	0.250059	2.01792	0.736546	2.51361	0.539301	4.42807	0.72991	5.98535	0.379227	3.11157	0.803013	2.95587	0.765438	6.28193	0.916524	7.55287
0.345219	2.82089	0.253079	2.02305	0.734479	2.51668	0.541015	4.39957	0.730812	5.93538	0.381193	3.09775	0.801128	2.96178	0.766682	6.23187	0.917481	7.48804
0.34785	2.81528	0.2561	2.0281	0.732414	2.51978	0.542718	4.37153	0.731734	5.88653	0.383146	3.08408	0.799235	2.96771	0.767918	6.18269	0.918457	7.42459
0.350512	2.81002	0.259124	2.03306	0.730349	2.52291	0.54441	4.34392	0.732678	5.83877	0.385086	3.07057	0.797332	2.97366	0.769146	6.13437	0.919452	7.36249
0.3532	2.80507	0.262148	2.03795	0.728286	2.52606	0.546091	4.31674	0.733643	5.79206	0.387013	3.0572	0.79542	2.97963	0.770365	6.08688	0.920464	7.30169
0.355914	2.80041	0.265173	2.04275	0.726222	2.52924	0.547761	4.28998	0.73463	5.74639	0.388927	3.04399	0.793499	2.98561	0.771577	6.04021	0.921495	7.24217
0.358651	2.79602	0.2682	2.04748	0.724157	2.53245	0.54942	4.26362	0.735638	5.70171	0.39083	3.03092	0.791569	2.99162	0.77278	5.99433	0.922545	7.18388
0.36141	2.79188	0.271227	2.05213	0.722092	2.53568	0.551068	4.23765	0.736668	5.65801	0.39272	3.018	0.789629	2.99763	0.773975	5.94921	0.923613	7.12679
0.36419	2.78797	0.274256	2.0567	0.720025	2.53893	0.552705	4.21207	0.737719	5.61526	0.394599	3.00522	0.787678	3.00367	0.775162	5.90485	0.924699	7.07087
0.366988	2.78427	0.277285	2.0612	0.717956	2.54219	0.554332	4.18686	0.738792	5.57343	0.396467	2.99259	0.785718	3.00972	0.776342	5.86121	0.925803	7.01609
0.369805	2.78078	0.280315	2.06563	0.715884	2.54548	0.555947	4.16201	0.739886	5.53249	0.398323	2.98009	0.783748	3.01579	0.777513	5.81829	0.926926	6.96241
0.372637	2.77746	0.283346	2.06999	0.713808	2.54878	0.557551	4.13752	0.741001	5.49243	0.400169	2.96773	0.781768	3.02187	0.778676	5.77605	0.928066	6.90981
0.375485	2.77432	0.286377	2.07427	0.711728	2.55209	0.559145	4.11337	0.742138	5.45322	0.402004	2.95551	0.779777	3.02797	0.779832	5.73449	0.929225	6.85826
0.378347	2.77133	0.289408	2.07849	0.709643	2.55541	0.560728	4.08956	0.743296	5.41484	0.403829	2.94342	0.777776	3.03409	0.78098	5.6936	0.930401	6.80773
0.381222	2.76849	0.29244	2.08264	0.707553	2.55874	0.5623	4.06608	0.744475	5.37726	0.405644	2.93147	0.775765	3.04022	0.78212	5.65334	0.931595	6.75819
0.384109	2.76579	0.295473	2.08672	0.705456	2.56208	0.563863	4.04292	0.745675	5.34047	0.40745	2.91966	0.773743	3.04636	0.783254	5.61371	0.932806	6.70961
0.387008	2.76322	0.298505	2.09073	0.703352	2.56542	0.565414	4.02008	0.746896	5.30444	0.409248	2.90798	0.771711	3.05253	0.78438	5.57469	0.934035	6.66198
0.389917	2.76076	0.301538	2.09468	0.70124	2.56876	0.566956	3.99755	0.748137	5.26916	0.411037	2.89644	0.769668	3.0587	0.785499	5.53627	0.935282	6.61526
0.392836	2.75841	0.30457	2.09857	0.699119	2.57209	0.568488	3.97531	0.749399	5.2346	0.412818	2.88503	0.767615	3.0649	0.786611	5.49844	0.936545	6.56944
0.395765	2.75616	0.307603	2.10239	0.696989	2.57542	0.57001	3.95337	0.750682	5.20074	0.414591	2.87375	0.765551	3.07111	0.787716	5.46118	0.937825	6.52448
0.398701	2.75401	0.310635	2.10615	0.694848	2.57874	0.571522	3.93173	0.751985	5.16758	0.416357	2.86261	0.763477	3.07734	0.788816	5.42448	0.939122	6.48037
0.401646	2.75195	0.313667	2.10985	0.692696	2.58205	0.573025	3.91036	0.753308	5.13508	0.418117	2.85161	0.761392	3.08358	0.789908	5.38833	0.940435	6.43709
0.404598	2.74997	0.316698	2.11349	0.690532	2.58534	0.574519	3.88928	0.75465	5.10324	0.419871	2.84074	0.759297	3.08985	0.790995	5.35271	0.941765	6.3946
0.407557	2.74807	0.319729	2.11706	0.688355	2.58861	0.576004	3.86847	0.756013	5.07203	0.421619	2.83	0.757192	3.09613	0.792076	5.31762	0.943111	6.3529
0.410522	2.74624	0.32276	2.12058	0.686164	2.59186	0.577479	3.84792	0.757394	5.04144	0.423362	2.8194	0.755077	3.10243	0.793152	5.28304	0.944472	6.31197
0.413493	2.74447	0.325789	2.12404	0.683958	2.59508	0.578947	3.82764	0.758795	5.01145	0.425101	2.80893	0.752951	3.10875	0.794222	5.24897	0.945849	6.27177
0.416469	2.74278	0.328818	2.12744	0.681737	2.59827	0.580406	3.80762	0.760215	4.98205	0.426835	2.7986	0.750815	3.11509	0.795288	5.21539	0.947242	6.2323
0.419451	2.74114	0.331846	2.13078	0.6795	2.60143	0.581857	3.78786	0.761653	4.95322	0.428566	2.7884	0.74867	3.12145	0.796349	5.18229	0.948649	6.19354
0.422437	2.73955	0.334873	2.13407	0.677245	2.60455	0.583301	3.76834	0.76311	4.92494	0.430294	2.77834	0.746515	3.12783	0.797405	5.14967	0.950072	6.15546
0.425427	2.73802	0.337898	2.1373	0.674974	2.60763	0.584737	3.74908	0.764584	4.89721	0.432019	2.76841	0.74435	3.13424	0.798457	5.11752	0.951508	6.11806
0.428421	2.73653	0.340922	2.14047	0.672683	2.61067	0.586166	3.73005	0.766077	4.87001	0.433743	2.75862	0.742175	3.14067	0.799505	5.08582	0.952959	6.08131
0.43142	2.73509	0.343945	2.14359	0.670374	2.61366	0.587588	3.71127	0.767587	4.84332	0.435465	2.74897	0.739992	3.14712	0.80055	5.05457	0.954424	6.04519
0.434421	2.7337	0.346966	2.14665	0.668045	2.6166	0.589003	3.69272	0.769114	4.81714	0.437186	2.73945	0.737799	3.1536	0.801592	5.02377	0.955903	6.0097
0.437425	2.73234	0.349985	2.14965	0.665697	2.6195	0.590413	3.67441	0.770657	4.79144	0.438906	2.73007	0.735598	3.16011	0.80263	4.9934	0.957395	5.97481
0.440433	2.73102	0.353003	2.15261	0.663328	2.62233	0.591816	3.65633	0.772218	4.76622	0.440627	2.72083	0.733387	3.16665	0.803666	4.96345	0.958901	5.94051
0.443442	2.72973	0.356018	2.1555	0.660938	2.62512	0.593214	3.63847	0.773794	4.74146	0.442348	2.71173	0.731169	3.17322	0.8047	4.93392	0.960419	5.90679
0.446454	2.72848	0.359031	2.15834	0.658527	2.62784	0.594607	3.62084	0.775386	4.71715	0.444071	2.70276	0.728942	3.17981	0.805732	4.90481	0.961949	5.87363
0.449468	2.72726	0.362042	2.16113	0.656095	2.63051	0.595994	3.60343	0.776994	4.69328	0.445795	2.69393	0.726707	3.18645	0.806762	4.8761	0.963492	5.84102
0.452484	2.72606	0.36505	2.16387	0.653642	2.63311	0.597377	3.58624	0.778617	4.66984	0.447522	2.68524	0.724465	3.19311	0.807791	4.84779	0.965046	5.80894
0.455502	2.7249	0.368055	2.16655	0.651167	2.63566	0.598756	3.56927	0.780254	4.64682	0.449251	2.67669	0.722214	3.19982	0.808819	4.81987	0.966613	5.77739
0.45852	2.72375	0.371058	2.16917	0.648671	2.63814	0.600131	3.55251	0.781906	4.6242	0.450983	2.66827	0.719957	3.20656	0.809847	4.79233	0.96819	5.74634
0.46154	2.72263	0.374057	2.17175	0.646154	2.64056	0.601503	3.53596	0.783572	4.60198	0.452719	2.66	0.717693	3.21334	0.810874	4.76518	0.969778	5.71579
0.464561	2.72153	0.377054	2.17426	0.643615	2.64291	0.602871	3.51962	0.785252	4.58014	0.45446	2.65186	0.715423	3.22017	0.811901	4.7384	0.971377	5.68572
0.467583	2.72045	0.380046	2.17673	0.641056	2.64521	0.604237	3.50349	0.786945	4.55868	0.456205	2.64387	0.713145	3.22704	0.812929	4.71199	0.972987	5.65612
0.470605	2.71939	0.383035	2.17914	0.638477	2.64744	0.605601	3.48756	0.788651	4.53759	0.457956	2.63601	0.710863	3.23395	0.813958	4.68594	0.974606	5.62698
0.473628	2.71834	0.38602	2.1815	0.635877	2.6496	0.606962	3.47184	0.790369	4.51685	0.459713	2.62829	0.708574	3.24092	0.814988	4.66025	0.976235	5.5983
0.476651	2.71731	0.389001	2.1838	0.633258	2.65171	0.608322	3.45632	0.7921	4.49645	0.461476	2.62071	0.70628	3.24793	0.816019	4.63492	0.977873	5.57005
0.479674	2.7163	0.391978	2.18604	0.630619	2.65376	0.60968	3.44099	0.793842	4.4764	0.463245	2.61327	0.70398	3.255	0.817052	4.60993	0.979521	5.54223
0.482696	2.71529	0.39495	2.18823	0.627962	2.65575	0.611038	3.42587	0.795596	4.45667	0.465023	2.60597	0.701677	3.26212	0.818088	4.58528	0.981177	5.51482
0.485719	2.7143	0.397916	2.19037	0.625287	2.65768	0.612395	3.41094	0.797361	4.43726	0.466808	2.59881	0.699368	3.2693	0.819126	4.56097	0.982841	5.48783
0.488741	2.71332	0.400878	2.19245	0.622593	2.65955	0.613752	3.39621	0.799136	4.41816	0.468601	2.59179	0.697056	3.27654	0.820167	4.537	0.984514	5.46123
0.491762	2.71235	0.403834	2.19447	0.619883	2.66137	0.61511	3.38166	0.800921	4.39937	0.470404	2.58491	0.69474	3.28385	0.821211	4.51335	0.986194	5.43502
0.494782	2.71138	0.406785	2.19644	0.617156	2.66314	0.616468	3.36731	0.802717	4.38087	0.472216	2.57817	0.692421	3.29122	0.822259	4.49003	0.987882	5.40919
0.497802	2.71042	0.409729	2.19835	0.614413	2.66486	0.617827	3.35315	0.804522	4.36266	0.474038	2.57158	0.690098	3.29866	0.823312	4.46703	0.989577	5.38373
0.50082	2.70947	0.412668	2.2002	0.611655	2.66653	0.619187	3.33918	0.806336	4.34474	0.47587	2.56512	0.687773	3.30617	0.824368	4.44434	0.991279	5.35863
0.503836	2.70852	0.415599	2.202	0.608882	2.66815	0.62055	3.32539	0.808159	4.32708	0.477714	2.5588	0.685446	3.31376	0.825429	4.42197	0.992988	5.33389
0.506851	2.70757	0.418523	2.20373	0.606095	2.66972	0.621915	3.31179	0.80999	4.30969	0.479569	2.55262	0.683117	3.32142	0.826496	4.3999	0.994703	5.30949
0.509865	2.70663	0.42144	2.2054	0.603295	2.67125	0.623282	3.29838	0.811829	4.29256	0.481436	2.54658	0.680786	3.32917	0.827568	4.37814	0.996423	5.28542
0.512876	2.70569	0.42435	2.20702	0.600481	2.67274	0.624653	3.28514	0.813675	4.27568	0.483315	2.54069	0.678455	3.33699	0.828645	4.35668	0.998149	5.26169
0.515885	2.70475	0.427251	2.20857	0.597654	2.67419	0.626027	3.27209	0.815529	4.25904	0.485208	2.53493	0.676123	3.34491	0.829729	4.33551	0.999881	5.23827
0.518892	2.70381	0.430144	2.21006	0.594816	2.67559	0.627406	3.25921	0.81739	4.24265	0.487114	2.52932	0.67379	3.35292	0.83082	4.31464	1.00162	5.21517
0.521896	2.70286	0.433027	2.21149	0.591967	2.67697	0.628788	3.24652	0.819257	4.22649	0.489035	2.52385	0.671457	3.36102	0.831917	4.29406		
0.524897	2.70191	0.435902	2.21285	0.589106	2.67831	0.630175	3.23401	0.82113	4.21055	0.49097	2.51852	0.669125	3.36923	0.833022	4.27377		
0.527896	2.70096	0.438767	2.21415	0.586236	2.67961	0.631568	3.22167	0.823009	4.19484	0.492921	2.51333	0.666794	3.37753	0.834134	4.25375		
0.530891	2.70001	0.441622	2.21538	0.583355	2.68089	0.632966	3.2095	0.824894	4.17934	0.494887	2.50829	0.664464	3.38594	0.835254	4.23402		
0.533882	2.69905	0.444467	2.21654	0.580465	2.68213	0.63437	3.19752	0.826783	4.16405	0.49687	2.50338	0.662136	3.39446	0.836383	4.21456		
0.536871	2.69808	0.447301	2.21764	0.577566	2.68335	0.635781	3.1857	0.828677	4.14896	0.49887	2.49862	0.65981	3.4031	0.83752	4.19538		
0.539855	2.6971	0.450123	2.21867	0.574658	2.68454	0.637198	3.17406	0.830576	4.13407	0.500887	2.494	0.657487	3.41186	0.838666	4.17646		
0.542835	2.69611	0.452934	2.21963	0.571743	2.68571	0.638624	3.1626	0.832478	4.11938	0.502921	2.48952	0.655167	3.42074	0.839822	4.15781		
0.54581	2.69512	0.455733	2.22053	0.56882	2.68685	0.640056	3.1513	0.834384	4.10487	0.504975	2.48519	0.65285	3.42974	0.840987	4.13943		
0.548781	2.69411	0.458519	2.22135	0.565889	2.68797	0.641498	3.14018	0.836294	4.09055	0.507047	2.481	0.650537	3.43888	0.842162	4.12131		
0.551747	2.69309	0.461293	2.2221	0.562952	2.68907	0.642948	3.12922	0.838206	4.07641	0.509138	2.47695	0.648229	3.44816	0.843347	4.10345		
0.554707	2.69205	0.464053	2.22277	0.560008	2.69015	0.644407	3.11844	0.840121	4.06244	0.51125	2.47304	0.645925	3.45759	0.844544	4.08584		
0.557662	2.691	0.4668	2.22338	0.557058	2.69122	0.645876	3.10782	0.842039	4.04863	0.513381	2.46928	0.643627	3.46715	0.845751	4.06848		
0.560611	2.68993	0.469533	2.22391	0.554102	2.69226	0.647356	3.09738	0.843958	4.035	0.515534	2.46565	0.641334	3.47688	0.84697	4.05138		
0.563553	2.68885	0.472251	2.22437	0.55114	2.6933	0.648846	3.0871	0.845879	4.02152	0.517708	2.46217	0.639048	3.48676	0.8482	4.03452		
0.566489	2.68774	0.474956	2.22476	0.548173	2.69431	0.650348	3.07699	0.847801	4.0082	0.519903	2.45883	0.636768	3.49681	0.849442	4.0179		
0.569418	2.68662	0.477645	2.22508	0.545202	2.69532	0.651861	3.06705	0.849724	3.99504	0.52212	2.45563	0.634496	3.50703	0.850697	4.00153		
0.57234	2.68547	0.48032	2.22532	0.542225	2.69632	0.653387	3.05728	0.851648	3.98202	0.52436	2.45257	0.632231	3.51742	0.851964	3.9854		
0.575254	2.6843	0.482979	2.22549	0.539244	2.6973	0.654926	3.04767	0.853573	3.96915	0.526622	2.44965	0.629975	3.528	0.853245	3.9695		
0.57816	2.6831	0.485623	2.22559	0.536259	2.69828	0.656478	3.03823	0.855497	3.95642	0.528907	2.44686	0.627727	3.53877	0.854538	3.95385		
0.581057	2.68188	0.488252	2.22561	0.533271	2.69924	0.658044	3.02896	0.857422	3.94382	0.531215	2.44422	0.625489	3.54973	0.855845	3.93842		
0.583945	2.68063	0.490865	2.22557	0.530278	2.7002	0.659625	3.01986	0.859346	3.93136	0.533547	2.4417	0.62326	3.5609	0.857166	3.92322		
0.586824	2.67935	0.493463	2.22546	0.527282	2.70116	0.661222	3.01092	0.861269	3.91903	0.535901	2.43932	0.621041	3.57228	0.858501	3.90825		
0.589692	2.67804	0.496046	2.22528	0.524283	2.70211	0.662834	3.00215	0.863191	3.90682	0.538279	2.43707	0.618834	3.58387	0.859851	3.8935		
0.592551	2.67669	0.498613	2.22503	0.521281	2.70305	0.664463	2.99355	0.865112	3.89474	0.540681	2.43495	0.616637	3.59569	0.861215	3.87898		
0.595398	2.67531	0.501165	2.22472	0.518277	2.704	0.666109	2.98512	0.867032	3.88278	0.543106	2.43296	0.614453	3.60775	0.862595	3.86468		
0.598234	2.67389	0.503703	2.22435	0.515269	2.70494	0.667773	2.97685	0.868949	3.87094	0.545554	2.43109	0.61228	3.62004	0.863989	3.8506		
0.601057	2.67244	0.506225	2.22391	0.51226	2.70588	0.669456	2.96876	0.870865	3.85921	0.548025	2.42935	0.610121	3.63259	0.865399	3.83673		
0.603869	2.67094	0.508733	2.22342	0.509248	2.70682	0.671158	2.96083	0.872778	3.8476	0.550519	2.42772	0.607975	3.64539	0.866825	3.82307		
0.606667	2.6694	0.511227	2.22287	0.506235	2.70777	0.67288	2.95307	0.874688	3.83609	0.553036	2.42621	0.605844	3.65846	0.868267	3.80963		
0.609451	2.66782	0.513707	2.22227	0.503219	2.70871	0.674622	2.94549	0.876596	3.82469	0.555575	2.42481	0.603727	3.67181	0.869725	3.7964		
0.612221	2.66619	0.516174	2.22161	0.500202	2.70966	0.676386	2.93807	0.878501	3.81339	0.558136	2.42353	0.601625	3.68544	0.871199	3.78337		
0.614976	2.66451	0.518628	2.22091	0.497184	2.71062	0.678171	2.93082	0.880402	3.80219	0.560719	2.42235	0.599539	3.69937	0.87269	3.77055		
0.617716	2.66278	0.521069	2.22016	0.494164	2.71158	0.67998	2.92374	0.8823	3.7911	0.563324	2.42127	0.597469	3.7136	0.874199	3.75793		
0.620439	2.66101	0.523499	2.21936	0.491144	2.71254	0.681811	2.91684	0.884195	3.78009	0.565949	2.42029	0.595416	3.72815	0.875724	3.74551		
0.623146	2.65917	0.525917	2.21853	0.488123	2.71352	0.683667	2.91011	0.886085	3.76918	0.568595	2.41941	0.59338	3.74302	0.877266	3.73329		
0.625835	2.65729	0.528324	2.21766	0.485101	2.7145	0.685548	2.90355	0.887971	3.75837	0.57126	2.41863	0.591363	3.75824	0.878826	3.72127		
0.628507	2.65535	0.53072	2.21675	0.482078	2.7155	0.687454	2.89716	0.889853	3.74764	0.573945	2.41793	0.589364	3.7738	0.880403	3.70944		
0.631161	2.65335	0.533107	2.21581	0.479055	2.7165	0.689385	2.89094	0.89173	3.737	0.576649	2.41732	0.587385	3.78972	0.881999	3.6978		
0.633795	2.65129	0.535484	2.21485	0.476032	2.71752	0.691344	2.8849	0.893603	3.72644	0.579371	2.41679	0.585425	3.80602	0.883612	3.68635		
0.636411	2.64917	0.537852	2.21385	0.47301	2.71856	0.69333	2.87902	0.895471	3.71597	0.58211	2.41634	0.583486	3.8227	0.885243	3.67508		
0.639006	2.64698	0.540212	2.21283	0.469987	2.71961	0.695343	2.87332	0.897334	3.70558	0.584867	2.41596	0.581567	3.83978	0.886892	3.664		
0.641581	2.64474	0.542565	2.21179	0.466965	2.72067	0.697384	2.86779	0.899192	3.69526	0.58764	2.41566	0.57967	3.85727	0.88856	3.6531		
0.644136	2.64244	0.54491	2.21073	0.463943	2.72176	0.699454	2.86243	0.901044	3.68503	0.590429	2.41542	0.577796	3.87518	0.890245	3.64239		
0.64667	2.64007	0.547248	2.20965	0.460922	2.72286	0.701553	2.85724	0.902891	3.67487	0.593234	2.41525	0.575943	3.89353	0.89195	3.63185		
0.649183	2.63764	0.549581	2.20856	0.457903	2.72399	0.703681	2.85222	0.904732	3.66479	0.596054	2.41514	0.574115	3.91234	0.893672	3.62148		
0.651675	2.63514	0.551908	2.20745	0.454884	2.72513	0.705838	2.84736	0.906568	3.65478	0.598887	2.41509	0.572309	3.93161	0.895413	3.61129		
0.654145	2.63259	0.554229	2.20634	0.451867	2.72631	0.708024	2.84266	0.908398	3.64483	0.601735	2.4151	0.570528	3.95137	0.897172	3.60127		
0.656594	2.62997	0.556546	2.20522	0.448852	2.72751	0.71024	2.83813	0.910221	3.63496	0.604596	2.41515	0.568772	3.97162	0.89895	3.59142		
0.659022	2.62729	0.558859	2.20409	0.445838	2.72874	0.712486	2.83376	0.912039	3.62516	0.607469	2.41526	0.567042	3.99239	0.900747	3.58173		
0.661428	2.62455	0.561168	2.20296	0.442826	2.72999	0.71476	2.82954	0.913851	3.61543	0.610355	2.41542	0.565337	4.01369	0.902562	3.57221		
0.663814	2.62176	0.563473	2.20182	0.439817	2.73129	0.717064	2.82548	0.915656	3.60576	0.613252	2.41562	0.563658	4.03554	0.904395	3.56284		
0.666179	2.61891	0.565776	2.20068	0.43681	2.73261	0.719397	2.82157	0.917455	3.59615	0.61616	2.41586	0.562007	4.05796	0.906247	3.55364		
0.668523	2.61601	0.568076	2.19955	0.433807	2.73398	0.721759	2.81781	0.919247	3.58661	0.619079	2.41614	0.560382	4.08095	0.908117	3.54459		
0.670848	2.61305	0.570374	2.19841	0.430806	2.73538	0.724148	2.81419	0.921033	3.57713	0.622008	2.41646	0.558786	4.10455	0.910005	3.5357		
0.673153	2.61005	0.57267	2.19728	0.427809	2.73683	0.726566	2.81071	0.922813	3.56771	0.624948	2.41681	0.557217	4.12877	0.911911	3.52695		
0.67544	2.607	0.574965	2.19616	0.424815	2.73833	0.72901	2.80737	0.924586	3.55835	0.627896	2.4172	0.555677	4.15363	0.913835	3.51836		
0.677708	2.60391	0.577259	2.19504	0.421825	2.73987	0.731481	2.80416	0.926352	3.54905	0.630854	2.41761	0.554166	4.17915	0.915777	3.50991		
0.679959	2.60078	0.579551	2.19392	0.41884	2.74147	0.733978	2.80108	0.928112	3.53981	0.63382	2.41806	0.552685	4.20536	0.917737	3.50161		
0.682193	2.59762	0.581844	2.19282	0.41586	2.74312	0.7365	2.79812	0.929865	3.53063	0.636795	2.41853	0.551233	4.23226	0.919715	3.49344		
0.68441	2.59442	0.584135	2.19172	0.412884	2.74483	0.739046	2.79527	0.931611	3.5215	0.639777	2.41903	0.549811	4.25989	0.92171	3.48542		
0.686613	2.59119	0.586427	2.19063	0.409915	2.74661	0.741616	2.79255	0.933351	3.51243	0.642767	2.41956	0.548419	4.28826	0.923722	3.47753		
0.688801	2.58794	0.588719	2.18956	0.406951	2.74845	0.744209	2.78993	0.935084	3.50341	0.645764	2.4201	0.547058	4.31741	0.925751	3.46978		
0.690975	2.58467	0.591012	2.18849	0.403993	2.75037	0.746824	2.78742	0.93681	3.49445	0.648769	2.42067	0.545728	4.34735	0.927797	3.46215		
0.693137	2.58137	0.593305	2.18744	0.401043	2.75236	0.749461	2.78501	0.938529	3.48554	0.65178	2.42126	0.544429	4.3781	0.92986	3.45466		
0.695287	2.57806	0.595599	2.18639	0.3981	2.75444	0.752118	2.7827	0.940242	3.47669	0.654797	2.42187	0.543162	4.4097	0.931939	3.44729		
0.697425	2.57474	0.597894	2.18537	0.395165	2.75661	0.754794	2.78047	0.941949	3.46789	0.65782	2.42249	0.541926	4.44217	0.934035	3.44004		
0.699554	2.57141	0.600191	2.18435	0.392238	2.75888	0.75749	2.77834	0.943649	3.45914	0.66085	2.42313	0.540722	4.47553	0.936146	3.43292		
0.701673	2.56808	0.602489	2.18335	0.389321	2.76125	0.760203	2.77629	0.945342	3.45044	0.663885	2.42378	0.539549	4.50981	0.938273	3.42591		
0.703783	2.56474	0.604788	2.18236	0.386414	2.76373	0.762934	2.77433	0.947029	3.44179	0.666925	2.42445	0.538408	4.54505	0.940415	3.41902		
0.705885	2.5614	0.607089	2.18139	0.383518	2.76633	0.765681	2.77243	0.948709	3.43319	0.66997	2.42513	0.5373	4.58127	0.942573	3.41224		
0.707981	2.55806	0.609392	2.18043	0.380633	2.76906	0.768444	2.77062	0.950383	3.42464	0.673021	2.42583	0.536223	4.6185	0.944745	3.40558		
0.71007	2.55473	0.611697	2.17949	0.37776	2.77193	0.771222	2.76887	0.952051	3.41615	0.676076	2.42653	0.535179	4.65677	0.946932	3.39902		
0.712154	2.55141	0.614004	2.17856	0.374901	2.77495	0.774014	2.76718	0.953713	3.4077	0.679136	2.42725	0.534166	4.69612	0.949133	3.39257		
0.714233	2.5481	0.616313	2.17765	0.372056	2.77813	0.77682	2.76556	0.955369	3.3993	0.6822	2.42797	0.533186	4.73658	0.951348	3.38623		
0.716308	2.5448	0.618625	2.17675	0.369227	2.78148	0.779639	2.764	0.957018	3.39095	0.685269	2.42871	0.532237	4.77818	0.953577	3.37998		
0.718379	2.54152	0.620939	2.17587	0.366414	2.78501	0.78247	2.7625	0.958662	3.38265	0.688341	2.42945	0.531321	4.82096	0.955819	3.37383		
0.720448	2.53826	0.623256	2.175	0.36362	2.78875	0.785313	2.76105	0.9603	3.3744	0.691418	2.4302	0.530437	4.86495	0.958075	3.36779		
0.722515	2.53501	0.625575	2.17416	0.360844	2.79271	0.788167	2.75964	0.961932	3.36619	0.694498	2.43095	0.529584	4.91021	0.960343	3.36183		
0.72458	2.53179	0.627897	2.17332	0.358089	2.7969	0.791031	2.75829	0.963559	3.35804	0.697582	2.43172	0.528763	4.95675	0.962623	3.35597		
0.726644	2.52859	0.630221	2.17251	0.355356	2.80134	0.793906	2.75699	0.965181	3.34993	0.700669	2.43249	0.527973	5.00464	0.964915	3.3502		
0.728708	2.52542	0.632548	2.17171	0.352648	2.80605	0.796789	2.75572	0.966797	3.34187	0.703759	2.43326	0.527215	5.05391	0.96722	3.34451		
0.730772	2.52227	0.634879	2.17092	0.349965	2.81107	0.799682	2.7545	0.968408	3.33386	0.706853	2.43404	0.526488	5.10461	0.969535	3.33891		
0.732836	2.51915	0.637212	2.17016	0.34731	2.8164	0.802584	2.75332	0.970014	3.32589	0.70995	2.43482	0.525791	5.15678	0.971862	3.3334		
0.734902	2.51605	0.639548	2.1694	0.344684	2.82208	0.805493	2.75217	0.971615	3.31798	0.71305	2.43561	0.525125	5.21048	0.974199	3.32796		
0.736969	2.51299	0.641887	2.16867	0.34209	2.82813	0.80841	2.75106	0.973211	3.31011	0.716153	2.4364	0.52449	5.26575	0.976547	3.3226		
0.739038	2.50996	0.644229	2.16795	0.33953	2.83458	0.811334	2.74998	0.974803	3.30228	0.719258	2.43719	0.523885	5.32265	0.978905	3.31733		
0.741109	2.50696	0.646574	2.16725	0.337007	2.84148	0.814265	2.74893	0.976391	3.29451	0.722366	2.43799	0.52331	5.38124	0.981273	3.31212		
0.743183	2.50399	0.648922	2.16656	0.334523	2.84884	0.817202	2.74792	0.977974	3.28678	0.725477	2.43879	0.522764	5.44157	0.98365	3.30699		
0.74526	2.50106	0.651273	2.16589	0.33208	2.8567	0.820145	2.74693	0.979553	3.2791	0.72859	2.43959	0.522247	5.50371	0.986036	3.30193		
0.747341	2.49816	0.653628	2.16523	0.329681	2.86511	0.823094	2.74597	0.981128	3.27147	0.731706	2.44039	0.52176	5.56772	0.988431	3.29694		
0.749425	2.4953	0.655986	2.16459	0.327329	2.87411	0.826048	2.74503	0.9827	3.26388	0.734824	2.44119	0.5213	5.63367	0.990834	3.29201		
0.751514	2.49247	0.658346	2.16397	0.325026	2.88373	0.829008	2.74412	0.984268	3.25634	0.737944	2.442	0.52087	5.70163	0.993245	3.28715		
0.753607	2.48968	0.66071	2.16336	0.322776	2.89403	0.831972	2.74323	0.985832	3.24885	0.741067	2.4428	0.520466	5.77167	0.995665	3.28236		
0.755704	2.48693	0.663078	2.16276	0.32058	2.90504	0.83494	2.74236	0.987393	3.24141	0.744191	2.44361	0.520091	5.84388	0.998091	3.27762		
0.757807	2.48422	0.665448	2.16218	0.318442	2.91681	0.837913	2.74151	0.988951	3.23401	0.747318	2.44442	0.519742	5.91833	1.00052	3.27295		
0.759915	2.48154	0.667822	2.16162	0.316363	2.92939	0.84089	2.74068	0.990507	3.22666	0.750446	2.44522	0.51942	5.99512				
0.762028	2.4789	0.670199	2.16107	0.314347	2.94283	0.84387	2.73987	0.992059	3.21936	0.753576	2.44603	0.519125	6.07433				
0.764147	2.4763	0.672579	2.16053	0.312394	2.95718	0.846854	2.73908	0.99361	3.2121	0.756708	2.44684	0.518855	6.15607				
0.766272	2.47374	0.674962	2.16001	0.310508	2.97248	0.849841	2.7383	0.995157	3.2049	0.759842	2.44764	0.51861	6.24043				
0.768403	2.47122	0.677349	2.1595	0.308689	2.98879	0.852831	2.73754	0.996703	3.19774	0.762978	2.44845	0.518391	6.32752				
0.770541	2.46873	0.679738	2.15901	0.306938	3.00614	0.855823	2.73679	0.998247	3.19063	0.766115	2.44925	0.518196	6.41745				
0.772684	2.46629	0.682131	2.15853	0.305258	3.02459	0.858818	2.73606	0.999789	3.18357	0.769254	2.45006	0.518025	6.51035				
0.774835	2.46389	0.684528	2.15807	0.303647	3.04419	0.861816	2.73534	1.00133	3.17655	0.772394	2.45086	0.517878	6.60635				
0.776992	2.46152	0.686927	2.15761	0.302107	3.06496	0.864815	2.73463			0.775536	2.45166	0.517754	6.70558				
0.779157	2.4592	0.689329	2.15717	0.300638	3.08697	0.867817	2.73393			0.778679	2.45246	0.517652	6.80818				
0.781328	2.45691	0.691735	2.15675	0.29924	3.11024	0.87082	2.73325			0.781824	2.45326	0.517573	6.91431				
0.783507	2.45467	0.694144	2.15634	0.297911	3.13483	0.873824	2.73257			0.78497	2.45406	0.517516	7.02412				
0.785693	2.45246	0.696556	2.15594	0.296652	3.16078	0.87683	2.7319			0.788118	2.45485	0.517483	7.12296				
0.787887	2.45029	0.698971	2.15555	0.295461	3.18813	0.879838	2.73124			0.791266	2.45565	0.517467	7.20963				
0.790089	2.44817	0.701389	2.15517	0.294338	3.21691	0.882846	2.73059			0.794416	2.45644	0.517463	7.28303				
0.792298	2.44608	0.70381	2.15481	0.293281	3.24718	0.885855	2.72995			0.797567	2.45723	0.517465	7.34221				
0.794515	2.44403	0.706235	2.15446	0.292288	3.27898	0.888865	2.72931			0.800719	2.45801	0.517469	7.38638				
0.79674	2.44203	0.708662	2.15412	0.29136	3.31235	0.891875	2.72868			0.803872	2.4588	0.517475	7.42752				
0.798973	2.44006	0.711092	2.15379	0.290493	3.34735	0.894886	2.72805			0.807027	2.45958	0.517481	7.45643				
0.801215	2.43813	0.713526	2.15347	0.289688	3.38402	0.897897	2.72743			0.810182	2.46036	0.517491	7.50209				
0.803464	2.43624	0.715962	2.15317	0.288942	3.42243	0.900907	2.72682			0.813338	2.46114	0.51751	7.56513				
0.805722	2.43438	0.718401	2.15287	0.288254	3.46261	0.903918	2.72621			0.816496	2.46191	0.51754	7.64649				
0.807989	2.43257	0.720843	2.15259	0.287623	3.50465	0.906929	2.7256			0.819654	2.46268	0.517585	7.74737				
0.810263	2.43079	0.723289	2.15232	0.287047	3.54859	0.909939	2.72499			0.822813	2.46345	0.517651	7.86933				
0.812547	2.42905	0.725736	2.15205	0.286525	3.59451	0.912948	2.72439			0.825973	2.46422	0.517743	8.01431				
0.814838	2.42735	0.728187	2.1518	0.286057	3.64249	0.915956	2.72379			0.829134	2.46498	0.517852	8.16495				
0.817139	2.42569	0.730641	2.15156	0.28564	3.69259	0.918964	2.72319			0.832295	2.46574	0.517978	8.32156				
0.819448	2.42406	0.733097	2.15133	0.285274	3.74491	0.92197	2.72259			0.835458	2.4665	0.51812	8.48448				
0.821766	2.42248	0.735556	2.1511	0.284958	3.79954	0.924976	2.72199			0.838621	2.46725	0.518277	8.65406				
0.824092	2.42092	0.738018	2.15089	0.28469	3.85657	0.927979	2.72139			0.841785	2.468	0.518449	8.8307				
0.826427	2.41941	0.740482	2.15068	0.284469	3.9161	0.930981	2.72079			0.844949	2.46875	0.518635	9.01483				
0.828771	2.41793	0.742949	2.15049	0.284295	3.97825	0.933982	2.72019			0.848114	2.46949	0.518835	9.20691				
0.831124	2.41648	0.745419	2.1503	0.284167	4.04313	0.93698	2.71959			0.85128	2.47023	0.519047	9.40742				
0.833486	2.41507	0.747891	2.15012	0.284084	4.11088	0.939976	2.71898			0.854446	2.47097	0.519272	9.61691				
0.835856	2.4137	0.750366	2.14996	0.284044	4.18162	0.94297	2.71838			0.857613	2.47171	0.519509	9.83597				
0.838236	2.41236	0.752844	2.14979	0.284048	4.25551	0.945961	2.71777			0.86078	2.47244	0.519757	10.0652				
0.840624	2.41106	0.755324	2.14964	0.284094	4.3327	0.948949	2.71715			0.863947	2.47316	0.520015	10.3054				
0.84302	2.40979	0.757806	2.1495	0.284182	4.41336	0.951935	2.71653			0.867115	2.47389	0.520282	10.5573				
0.845426	2.40855	0.760291	2.14936	0.284311	4.49768	0.954917	2.71591			0.870284	2.4746	0.520559	10.8217				
0.847841	2.40734	0.762778	2.14923	0.28448	4.58585	0.957896	2.71528			0.873453	2.47532	0.520845	11.0996				
0.850264	2.40617	0.765268	2.14911	0.284688	4.67808	0.960871	2.71465			0.876622	2.47603	0.521137	11.3919				
0.852696	2.40504	0.76776	2.149	0.284936	4.77461	0.963842	2.714			0.879791	2.47674	0.521437	11.6999				
0.855137	2.40393	0.770254	2.14889	0.285221	4.87569	0.96681	2.71336			0.882961	2.47744	0.521743	12.0247				
0.857587	2.40286	0.77275	2.14879	0.285545	4.98157	0.969772	2.7127			0.88613	2.47814	0.522055	12.3679				
0.860045	2.40181	0.775249	2.14869	0.285905	5.09256	0.972731	2.71203			0.8893	2.47884	0.522371	12.7308				
0.862512	2.4008	0.77775	2.14861	0.286301	5.20897	0.975684	2.71136			0.89247	2.47953	0.522691	13.1153				
0.864988	2.39982	0.780253	2.14853	0.286734	5.33114	0.978632	2.71067			0.89564	2.48021	0.523015	13.5233				
0.867473	2.39887	0.782758	2.14845	0.287201	5.45946	0.981575	2.70998			0.898809	2.48089	0.52334	13.957				
0.869966	2.39795	0.785265	2.14839	0.287703	5.59433	0.984512	2.70927			0.901979	2.48157	0.523668	14.4189				
0.872467	2.39706	0.787775	2.14832	0.288239	5.7362	0.987442	2.70855			0.905148	2.48224	0.523996	14.9119				
0.874977	2.39619	0.790286	2.14827	0.288808	5.88556	0.990367	2.70782			0.908317	2.48291	0.524325	15.439				
0.877496	2.39536	0.792799	2.14822	0.28941	6.04296	0.993284	2.70707			0.911485	2.48357	0.524652	16.004				
0.880023	2.39456	0.795314	2.14817	0.290044	6.20899	0.996195	2.70631			0.914653	2.48422	0.524978	16.6111				
0.882558	2.39378	0.797832	2.14814	0.29071	6.3843	0.999098	2.70554			0.91782	2.48487	0.525302	17.2652				
0.885101	2.39303	0.800351	2.1481	0.291315	6.54521	1.00199	2.70475			0.920986	2.48551	0.525622	17.9718				
0.887653	2.3923	0.802872	2.14807	0.291849	6.68877					0.924152	2.48615	0.525938	18.7377				
0.890213	2.39161	0.805394	2.14805	0.292303	6.81221					0.927316	2.48677	0.526249	19.5705				
0.892781	2.39094	0.807919	2.14803	0.29267	6.91298					0.930478	2.48739	0.526555	20.4794				
0.895358	2.39029	0.810445	2.14802	0.292944	6.98894					0.933639	2.488	0.526854	21.4753				
0.897942	2.38967	0.812973	2.14801	0.2932	7.06026					0.936798	2.48861	0.527145	22.5715				
0.900534	2.38908	0.815503	2.148	0.293379	7.11071					0.939954	2.4892	0.527429	23.7838				
0.903134	2.38851	0.818034	2.148	0.293663	7.19094					0.943107	2.48978	0.527703	25.1318				
0.905742	2.38796	0.820567	2.14801	0.294054	7.30289					0.946257	2.49034	0.527968	26.6396				
0.908357	2.38744	0.823101	2.14801	0.294559	7.44935					0.949403	2.4909	0.528222	28.3375				
0.910981	2.38694	0.825637	2.14803	0.295183	7.63415					0.952544	2.49143	0.528464	30.2639				
0.913611	2.38646	0.828175	2.14804	0.295934	7.8624					0.955678	2.49195	0.528695	32.4684				
0.91625	2.38601	0.830714	2.14806	0.29682	8.14084					0.958806	2.49245	0.528912	35.016				
0.918895	2.38558	0.833254	2.14808	0.297732	8.43862					0.961924	2.49292	0.529117	37.9939				
0.921548	2.38517	0.835796	2.14811	0.298668	8.75769					0.965032	2.49336	0.529307	41.5213				
0.924209	2.38478	0.838339	2.14814	0.299629	9.10034					0.968126	2.49376	0.529483	45.766				
0.926876	2.38441	0.840883	2.14817	0.300613	9.46916					0.971202	2.49411	0.529643	50.9722				
0.929551	2.38407	0.843429	2.14821	0.301619	9.86715					0.974257	2.49441	0.529787	57.5086				
0.932232	2.38374	0.845976	2.14825	0.302646	10.2978					0.977284	2.49463	0.529916	65.9607				
0.934921	2.38343	0.848524	2.14829	0.303693	10.7651					0.980277	2.49476	0.530027	77.3165				
0.937617	2.38314	0.851074	2.14833	0.30476	11.2738					0.983224	2.49478	0.530122	93.3842				
0.940319	2.38287	0.853624	2.14838	0.305843	11.8296					0.986116	2.49466	0.530199	117.867				
0.943028	2.38262	0.856176	2.14843	0.306943	12.4392					0.988938	2.49436	0.530259	159.728				
0.945743	2.38239	0.858729	2.14848	0.308058	13.1106					0.99168	2.49386	0.5303	247.66				
0.948465	2.38217	0.861282	2.14854	0.309185	13.8534					0.994333	2.49315	0.530324	550.852				
0.951194	2.38198	0.863837	2.14859	0.310324	14.6795					0.996893	2.4922						
0.953929	2.3818	0.866393	2.14865	0.311471	15.6036					0.999364	2.49104						
0.95667	2.38163	0.86895	2.14871	0.312624	16.644					1.00176	2.48969						
0.959418	2.38149	0.871508	2.14878	0.313779	17.8239												
0.962171	2.38135	0.874066	2.14884	0.314934	19.173												
0.964931	2.38124	0.876626	2.14891	0.316084	20.7304												
0.967696	2.38114	0.879186	2.14897	0.317224	22.5479												
0.970467	2.38105	0.881747	2.14904	0.318347	24.6965												
0.973244	2.38098	0.884309	2.14911	0.319447	27.2755												
0.976027	2.38092	0.886872	2.14919	0.320514	30.4286												
0.978816	2.38088	0.889435	2.14926	0.321538	34.3714												
0.98161	2.38085	0.891999	2.14934	0.322507	39.4441												
0.984409	2.38084	0.894564	2.14941	0.323404	46.2151												
0.987214	2.38083	0.897129	2.14949	0.324212	55.7135												
0.990024	2.38085	0.899695	2.14957	0.324913	70.0127												
0.992839	2.38087	0.902261	2.14965	0.325484	94.0092												
0.99566	2.3809	0.904828	2.14973	0.325907	142.707												
0.998485	2.38095	0.907396	2.14981	0.326164	295.108												
1.00132	2.38101	0.909964	2.14989														
		0.912532	2.14997														
		0.915101	2.15005														
		0.91767	2.15013														
		0.92024	2.15022														
		0.922809	2.1503														
		0.92538	2.15038														
		0.92795	2.15047														
		0.930521	2.15055														
		0.933092	2.15064														
		0.935663	2.15072														
		0.938234	2.15081														
		0.940806	2.15089														
		0.943377	2.15097														
		0.945949	2.15106														
		0.948521	2.15114														
		0.951093	2.15122														
		0.953665	2.15131														
		0.956237	2.15139														
		0.958809	2.15147														
		0.961381	2.15155														
		0.963952	2.15163														
		0.966524	2.15171														
		0.969096	2.15179														
		0.971668	2.15187														
		0.974239	2.15195														
		0.976811	2.15203														
		0.979382	2.1521														
		0.981953	2.15218														
		0.984524	2.15226														
		0.987094	2.15233														
		0.989665	2.1524														
		0.992235	2.15248														
		0.994805	2.15255														
		0.997374	2.15262														
		0.999944	2.15269														
		1.00251	2.15276														
