Sym0		Asym0		Sym1		Sym2		Sym3		Asym1		Asym2		Asym3		Asym4	
349  Points		387  Points		350  Points		320  Points		246  Points		346  Points		314  Points		249  Points		143  Points	
Freq (MHz)	Vgr (m/ms)	Freq (MHz)	Vgr (m/ms)	Freq (MHz)	Vgr (m/ms)	Freq (MHz)	Vgr (m/ms)	Freq (MHz)	Vgr (m/ms)	Freq (MHz)	Vgr (m/ms)	Freq (MHz)	Vgr (m/ms)	Freq (MHz)	Vgr (m/ms)	Freq (MHz)	Vgr (m/ms)
0.353492	-0.159655	0.000152782	0.197464	1.00116	2.13282	0.384655	0.147711	0.707108	0.00642894	0.176788	0.0840836	0.53033	0.000798031	0.769254	0.0107654	0.883887	0.0114749
0.353304	-0.210888	0.000385496	0.241964	0.99865	2.13053	0.384829	0.213713	0.707116	0.00921994	0.176887	0.127325	0.530331	0.00155661	0.769267	0.0182874	0.883901	0.0156712
0.352995	-0.309581	0.000723097	0.33042	0.996141	2.12592	0.385158	0.34243	0.70713	0.0147365	0.177088	0.213468	0.530334	0.00309991	0.769297	0.0333094	0.883924	0.0240856
0.352574	-0.399888	0.0011643	0.417793	0.993639	2.1213	0.385636	0.463487	0.707151	0.0202764	0.17739	0.298817	0.530338	0.00464844	0.769345	0.0482656	0.883957	0.0324914
0.352052	-0.480381	0.00170784	0.503806	0.991141	2.11669	0.386251	0.575157	0.707178	0.0258631	0.177792	0.383163	0.530345	0.00620741	0.769411	0.0631631	0.884001	0.0409533
0.351442	-0.550545	0.00235179	0.588162	0.98865	2.11209	0.386992	0.676696	0.707212	0.0313968	0.178293	0.466161	0.530353	0.00778726	0.769494	0.0780901	0.884054	0.0494545
0.350754	-0.610527	0.00309416	0.670667	0.986163	2.10749	0.387846	0.767932	0.707252	0.0369711	0.178891	0.547563	0.530363	0.00940888	0.769595	0.0929295	0.884117	0.0578874
0.350003	-0.660838	0.00393256	0.751082	0.983682	2.1029	0.388802	0.849257	0.707299	0.0425532	0.179584	0.627163	0.530375	0.011114	0.769713	0.10774	0.88419	0.0664036
0.349197	-0.702353	0.00486447	0.829294	0.981207	2.09834	0.389848	0.921453	0.707352	0.048151	0.180369	0.704697	0.530389	0.0128398	0.769849	0.122493	0.884274	0.0749399
0.348347	-0.735944	0.00588723	0.905153	0.978736	2.09377	0.390973	0.985351	0.707412	0.0537803	0.181245	0.780079	0.530405	0.0146066	0.770002	0.137131	0.884367	0.0834432
0.347462	-0.76255	0.00699794	0.978576	0.976272	2.08924	0.39217	1.04196	0.707479	0.0593991	0.182208	0.853133	0.530424	0.0164558	0.770172	0.151758	0.88447	0.0920269
0.34655	-0.783169	0.00819375	1.04947	0.973812	2.08473	0.393429	1.09225	0.707552	0.0650704	0.183256	0.923727	0.530444	0.0183964	0.77036	0.166291	0.884584	0.100625
0.345616	-0.798553	0.00947156	1.11772	0.971358	2.08024	0.394745	1.13703	0.707632	0.0707734	0.184385	0.991748	0.530467	0.0203733	0.770564	0.180707	0.884708	0.109252
0.344668	-0.809399	0.0108282	1.18332	0.968909	2.0758	0.396109	1.177	0.707719	0.0764665	0.185593	1.05718	0.530492	0.0224227	0.770786	0.195039	0.884841	0.117936
0.343709	-0.81637	0.0122607	1.24633	0.966465	2.07132	0.397519	1.21293	0.707812	0.0822131	0.186877	1.12001	0.53052	0.0246173	0.771024	0.209273	0.884986	0.126662
0.342743	-0.819985	0.0137659	1.30674	0.964027	2.06689	0.398968	1.24531	0.707913	0.0879932	0.188233	1.18019	0.53055	0.0268824	0.771279	0.223386	0.88514	0.135399
0.341776	-0.820695	0.0153407	1.36456	0.961593	2.06252	0.400454	1.2747	0.70802	0.0937674	0.189659	1.2377	0.530583	0.0292153	0.77155	0.237404	0.885305	0.144156
0.340809	-0.818894	0.0169822	1.41977	0.959165	2.05815	0.401973	1.30146	0.708134	0.0996029	0.19115	1.2926	0.530619	0.031684	0.771838	0.251229	0.88548	0.153027
0.339846	-0.814925	0.0186871	1.47248	0.956742	2.05382	0.403522	1.32591	0.708255	0.105488	0.192502	1.33847	0.530658	0.0342775	0.772143	0.264965	0.885665	0.161908
0.338888	-0.809037	0.0204529	1.52283	0.954324	2.04954	0.405098	1.34844	0.708382	0.111398	0.193691	1.37601	0.5307	0.0369743	0.772463	0.278593	0.885861	0.170807
0.337939	-0.801437	0.0222765	1.5708	0.951911	2.04531	0.4067	1.36918	0.708517	0.11736	0.194698	1.40597	0.530745	0.0398044	0.772799	0.292006	0.886068	0.179816
0.336999	-0.792315	0.0241552	1.61648	0.949504	2.0411	0.408325	1.38841	0.708659	0.12335	0.195509	1.42899	0.530794	0.0427547	0.773151	0.305283	0.886285	0.188898
0.336071	-0.781909	0.0260865	1.65994	0.947101	2.03692	0.409972	1.40635	0.708808	0.129398	0.196114	1.4456	0.530846	0.045872	0.773519	0.318433	0.886513	0.19798
0.335156	-0.770326	0.0280678	1.7013	0.944702	2.03281	0.41164	1.42303	0.708964	0.135488	0.196505	1.4561	0.530902	0.0491038	0.773902	0.331402	0.886752	0.207135
0.334256	-0.757632	0.0300965	1.74067	0.942309	2.02877	0.413326	1.43861	0.709127	0.14159	0.197072	1.47086	0.530962	0.0524911	0.7743	0.344158	0.887001	0.216365
0.33337	-0.743964	0.0321705	1.77809	0.939921	2.02478	0.415031	1.45328	0.709298	0.147787	0.197694	1.48654	0.531026	0.0560432	0.774713	0.35678	0.887262	0.225667
0.332502	-0.729444	0.0342875	1.81369	0.937537	2.02084	0.416752	1.46711	0.709476	0.154028	0.198551	1.50751	0.531094	0.0597049	0.775141	0.369206	0.887533	0.235045
0.331651	-0.714101	0.0364454	1.84752	0.935157	2.01692	0.418489	1.4801	0.709661	0.160286	0.199652	1.53323	0.531166	0.063586	0.775583	0.38146	0.887816	0.244425
0.330819	-0.697991	0.0386422	1.87967	0.932783	2.0131	0.420241	1.49239	0.709853	0.166648	0.201008	1.5632	0.531244	0.0676129	0.77604	0.393516	0.888109	0.253955
0.330006	-0.681224	0.0408759	1.91028	0.930413	2.00935	0.422006	1.50401	0.710054	0.173074	0.202631	1.59686	0.531326	0.0717847	0.776511	0.405325	0.888414	0.263569
0.329213	-0.663803	0.0431448	1.93935	0.928047	2.00566	0.423786	1.51502	0.710261	0.179554	0.204535	1.63352	0.531413	0.0761734	0.776995	0.417003	0.888731	0.273201
0.328441	-0.645807	0.045447	1.96694	0.925685	2.00207	0.425577	1.52546	0.710477	0.186069	0.206481	1.66825	0.531505	0.0807026	0.777494	0.428422	0.889058	0.282944
0.327691	-0.627248	0.0477809	1.99326	0.923328	1.99857	0.427381	1.53537	0.7107	0.192654	0.208467	1.70107	0.531603	0.0854397	0.778005	0.439614	0.889398	0.292763
0.326963	-0.608146	0.0501451	2.01828	0.920974	1.99515	0.429196	1.54485	0.710931	0.199305	0.21049	1.73206	0.531707	0.0903729	0.77853	0.450645	0.889748	0.302658
0.326258	-0.588546	0.052538	2.04204	0.918625	1.99182	0.431022	1.55384	0.71117	0.206014	0.212549	1.76132	0.531816	0.0954787	0.779067	0.461428	0.890111	0.312634
0.325576	-0.568463	0.0549583	2.06473	0.91628	1.98854	0.432859	1.56238	0.711416	0.212842	0.214642	1.78884	0.531932	0.100783	0.779617	0.472009	0.890485	0.322699
0.324918	-0.547999	0.0574046	2.0863	0.913938	1.98542	0.434705	1.57053	0.711671	0.219686	0.216766	1.81484	0.532054	0.106264	0.78018	0.482329	0.890872	0.332867
0.324284	-0.527066	0.0598757	2.10682	0.9116	1.9824	0.43656	1.57826	0.711934	0.226635	0.21892	1.83933	0.532182	0.111954	0.780754	0.492422	0.89127	0.343097
0.323675	-0.505707	0.0623705	2.12639	0.909266	1.97943	0.438425	1.58567	0.712206	0.233648	0.221101	1.86234	0.532317	0.11784	0.78134	0.502283	0.89168	0.353449
0.323092	-0.48401	0.0648877	2.14503	0.906934	1.97665	0.440298	1.59272	0.712485	0.240717	0.223309	1.88407	0.53246	0.123972	0.781938	0.511896	0.892103	0.363899
0.322535	-0.46193	0.0674263	2.16281	0.904607	1.97395	0.442179	1.59941	0.712773	0.247897	0.225542	1.90445	0.53261	0.130304	0.782547	0.521307	0.892538	0.374399
0.322003	-0.43945	0.0699855	2.17978	0.902282	1.9714	0.444068	1.60584	0.713069	0.255152	0.227798	1.92362	0.532767	0.136815	0.783167	0.530462	0.892985	0.384999
0.321499	-0.416608	0.0725641	2.19599	0.89996	1.96901	0.44572	1.61112	0.713374	0.262485	0.230076	1.94166	0.532932	0.143538	0.783797	0.539397	0.893445	0.395724
0.321021	-0.393482	0.0751615	2.21143	0.897641	1.96673	0.447132	1.61544	0.713688	0.269899	0.232374	1.95855	0.533105	0.150466	0.784438	0.548039	0.893918	0.406554
0.320571	-0.37001	0.0777765	2.22618	0.895324	1.96465	0.448303	1.61902	0.71401	0.277403	0.234692	1.97443	0.533287	0.157657	0.785089	0.556459	0.894404	0.417449
0.320149	-0.34621	0.0804086	2.24032	0.89301	1.96269	0.44923	1.62169	0.714342	0.285013	0.237028	1.9893	0.533477	0.165081	0.78575	0.564658	0.894902	0.428397
0.319755	-0.322121	0.083057	2.25378	0.890698	1.96089	0.449913	1.62344	0.714682	0.29269	0.239381	2.00321	0.533676	0.172678	0.78642	0.57256	0.895413	0.439528
0.31939	-0.297746	0.0857209	2.26666	0.888388	1.95926	0.450351	1.62467	0.715032	0.300427	0.24175	2.01624	0.533884	0.180474	0.787099	0.580233	0.895938	0.450729
0.319054	-0.273019	0.0883996	2.279	0.88608	1.95785	0.45098	1.62645	0.71539	0.308284	0.244133	2.0284	0.534101	0.188523	0.787788	0.587669	0.896476	0.462
0.318746	-0.248028	0.0910925	2.2908	0.883774	1.95663	0.451665	1.62828	0.715758	0.316234	0.246531	2.03979	0.534328	0.196856	0.788485	0.594851	0.897027	0.473408
0.318469	-0.222803	0.093799	2.30209	0.881468	1.95559	0.452598	1.63079	0.716136	0.324298	0.248941	2.05039	0.534534	0.204251	0.78919	0.601818	0.897592	0.484871
0.318221	-0.197255	0.0965186	2.31295	0.879164	1.95481	0.45378	1.63369	0.716523	0.332441	0.251364	2.06023	0.534716	0.210623	0.789903	0.6085	0.89817	0.496445
0.318004	-0.171427	0.0992507	2.32333	0.876861	1.95422	0.455212	1.63716	0.716919	0.34067	0.253797	2.06937	0.53487	0.216105	0.790624	0.614906	0.898762	0.508094
0.317817	-0.145332	0.101995	2.33323	0.874558	1.95384	0.456895	1.64108	0.717326	0.348999	0.256241	2.07789	0.534995	0.22048	0.791352	0.621127	0.899367	0.519894
0.317661	-0.118998	0.10475	2.34279	0.872256	1.95375	0.458832	1.6453	0.717742	0.357454	0.258695	2.08577	0.535089	0.223679	0.792088	0.627124	0.899987	0.531774
0.317537	-0.0924025	0.107517	2.35195	0.869953	1.95392	0.460773	1.64927	0.718168	0.366014	0.261157	2.09298	0.535149	0.225739	0.79283	0.632819	0.900621	0.543669
0.317444	-0.0655066	0.110294	2.36075	0.86765	1.95434	0.462719	1.65302	0.718605	0.374637	0.263628	2.09965	0.535237	0.22873	0.79358	0.638275	0.901269	0.55574
0.317382	-0.0383748	0.113081	2.36918	0.865347	1.95503	0.464669	1.65651	0.719051	0.383389	0.266106	2.10578	0.535334	0.232062	0.794335	0.643549	0.901931	0.567871
0.317355	-0.0145639	0.115878	2.37726	0.863042	1.95604	0.466623	1.65982	0.719508	0.392249	0.268591	2.11133	0.535468	0.236646	0.795096	0.648529	0.902607	0.580048
0.317351	0.00589696	0.118684	2.38508	0.860736	1.95733	0.468581	1.66287	0.719976	0.401181	0.271083	2.11641	0.535642	0.242482	0.795864	0.65329	0.903298	0.59239
0.317362	0.0229667	0.1215	2.39257	0.858429	1.95896	0.470543	1.66568	0.720454	0.410255	0.27358	2.121	0.535857	0.249648	0.796636	0.657832	0.904003	0.604769
0.317379	0.0365878	0.124324	2.39979	0.856119	1.96089	0.472507	1.66833	0.720943	0.419467	0.276082	2.12513	0.536118	0.258246	0.797414	0.662154	0.904723	0.617222
0.317396	0.0465521	0.127156	2.4067	0.853807	1.96316	0.474475	1.67068	0.721443	0.428736	0.278589	2.12877	0.536428	0.268323	0.798197	0.666257	0.905458	0.629751
0.31741	0.0529253	0.129996	2.41334	0.851492	1.96578	0.476445	1.67288	0.721953	0.438119	0.2811	2.13198	0.53675	0.278599	0.798984	0.670141	0.906208	0.642356
0.317432	0.0621637	0.132844	2.41979	0.849173	1.96876	0.478418	1.67486	0.722475	0.447657	0.283614	2.13479	0.537085	0.28912	0.799776	0.673809	0.906972	0.655044
0.31746	0.0722362	0.1357	2.42597	0.846851	1.97216	0.480393	1.67658	0.722939	0.456035	0.286131	2.13719	0.537432	0.29991	0.800573	0.677263	0.907752	0.667748
0.317506	0.0860653	0.138562	2.43188	0.844525	1.97596	0.48237	1.67817	0.723342	0.463213	0.288651	2.13923	0.537792	0.310872	0.801373	0.680508	0.908546	0.680558
0.317574	0.103645	0.141432	2.43763	0.842194	1.9801	0.484348	1.67955	0.723679	0.469197	0.291174	2.14083	0.538164	0.322102	0.802177	0.683557	0.909356	0.693434
0.317674	0.124939	0.144308	2.44319	0.839858	1.98465	0.486329	1.68069	0.723949	0.474014	0.293697	2.14211	0.538551	0.333576	0.802984	0.686431	0.910181	0.706369
0.317815	0.150148	0.147191	2.44851	0.837516	1.98966	0.48831	1.68162	0.724149	0.477477	0.296223	2.14304	0.538951	0.345246	0.803795	0.689103	0.911021	0.719349
0.31801	0.17933	0.150079	2.4536	0.835168	1.99505	0.490292	1.68241	0.724278	0.479792	0.298749	2.14362	0.539365	0.357197	0.804608	0.691591	0.911876	0.732344
0.318238	0.208789	0.152974	2.45857	0.832814	2.00087	0.492275	1.68299	0.724465	0.483091	0.301275	2.14387	0.539793	0.369361	0.805425	0.69393	0.912747	0.745371
0.318502	0.23857	0.155874	2.4634	0.830452	2.00714	0.494259	1.68339	0.724669	0.486626	0.303802	2.14378	0.540235	0.381742	0.806138	0.695762	0.913633	0.758461
0.3188	0.268659	0.15878	2.46799	0.828083	2.01383	0.496243	1.68359	0.724949	0.491601	0.306328	2.14344	0.540692	0.394378	0.806748	0.697278	0.914535	0.771604
0.319135	0.299047	0.161691	2.4724	0.825705	2.02099	0.498227	1.68358	0.725307	0.497707	0.308854	2.14276	0.541165	0.407215	0.807253	0.69847	0.915452	0.78478
0.319505	0.329732	0.164607	2.4767	0.823319	2.02857	0.500211	1.68343	0.725746	0.505261	0.311379	2.14176	0.541652	0.420298	0.807653	0.699405	0.916384	0.797948
0.319912	0.360785	0.167529	2.4809	0.820924	2.03654	0.502195	1.6831	0.726269	0.51429	0.313902	2.14049	0.542155	0.433651	0.807948	0.700035	0.917332	0.8111
0.320356	0.392205	0.170455	2.48489	0.818519	2.04502	0.504178	1.68253	0.726882	0.524657	0.316424	2.13894	0.542674	0.447176	0.808137	0.700378	0.918296	0.824293
0.320836	0.423955	0.173386	2.48871	0.816104	2.05385	0.506161	1.68184	0.727506	0.53515	0.318944	2.13714	0.543209	0.460933	0.808408	0.70091	0.919275	0.837496
0.321355	0.456126	0.176321	2.49248	0.813678	2.06309	0.508143	1.68099	0.728143	0.54578	0.321461	2.13506	0.543761	0.474916	0.808703	0.701442	0.92027	0.850718
0.321912	0.488765	0.179261	2.49611	0.811241	2.07278	0.510123	1.6799	0.728792	0.556515	0.323976	2.13271	0.544329	0.489121	0.809105	0.702193	0.92115	0.86222
0.322507	0.521747	0.182204	2.49959	0.808792	2.08279	0.512102	1.67866	0.729455	0.567375	0.326488	2.13014	0.544914	0.503585	0.809613	0.70318	0.921909	0.872014
0.323141	0.555193	0.185152	2.50294	0.806332	2.09314	0.51408	1.67727	0.73013	0.578299	0.328997	2.12732	0.545516	0.518251	0.810229	0.704186	0.922543	0.880077
0.323816	0.589201	0.188104	2.5062	0.803859	2.10386	0.516056	1.67574	0.730818	0.589364	0.331502	2.12422	0.546135	0.533092	0.810953	0.705276	0.923049	0.886527
0.32453	0.623637	0.191059	2.50935	0.801373	2.11492	0.518029	1.67402	0.731519	0.600572	0.334004	2.12092	0.546772	0.548165	0.811785	0.706434	0.923423	0.891084
0.325285	0.658616	0.194018	2.51237	0.798874	2.12619	0.520001	1.67213	0.732233	0.611889	0.336501	2.1174	0.547427	0.563503	0.812618	0.707452	0.923663	0.894056
0.326082	0.694197	0.196981	2.51532	0.796362	2.13775	0.521971	1.67005	0.732961	0.623298	0.338994	2.11366	0.5481	0.579008	0.813453	0.708401	0.92401	0.898539
0.326922	0.730334	0.199947	2.51815	0.793835	2.14952	0.523938	1.66784	0.733702	0.634824	0.341483	2.10966	0.548792	0.594708	0.814288	0.709241	0.924389	0.903272
0.327804	0.767116	0.202916	2.52088	0.791295	2.16147	0.525902	1.66549	0.734457	0.646447	0.343967	2.10547	0.549502	0.610651	0.815124	0.709955	0.924908	0.909614
0.32873	0.80455	0.205889	2.52355	0.788741	2.1736	0.527863	1.66296	0.735226	0.658191	0.346446	2.10107	0.550231	0.626789	0.815961	0.710568	0.92557	0.917608
0.3297	0.842603	0.208864	2.52611	0.786172	2.18583	0.529821	1.6603	0.736009	0.670069	0.348919	2.09648	0.55098	0.643098	0.816799	0.711131	0.926377	0.927361
0.330716	0.881405	0.211843	2.52859	0.783589	2.19814	0.531777	1.65751	0.736805	0.68205	0.351387	2.0917	0.551747	0.659602	0.817638	0.711595	0.927336	0.938736
0.331778	0.920948	0.214824	2.53099	0.780991	2.21046	0.533728	1.65454	0.737616	0.694084	0.353849	2.08668	0.552534	0.676313	0.818476	0.71201	0.92845	0.951731
0.332887	0.96119	0.217809	2.5333	0.778378	2.22286	0.535676	1.65144	0.738441	0.706253	0.356305	2.08153	0.553341	0.693202	0.819316	0.712365	0.929579	0.964674
0.334043	1.00226	0.220795	2.5355	0.775751	2.23521	0.537621	1.64817	0.739281	0.718526	0.358756	2.0762	0.554168	0.710288	0.820155	0.712615	0.930723	0.977555
0.335249	1.04403	0.2234	2.53736	0.77311	2.24746	0.539561	1.64478	0.740135	0.730888	0.361199	2.07065	0.555015	0.727548	0.820995	0.71285	0.931883	0.99044
0.336504	1.08653	0.225622	2.53894	0.770454	2.25966	0.541498	1.64133	0.741004	0.743368	0.363636	2.06494	0.555883	0.744966	0.821836	0.713041	0.933058	1.00322
0.33781	1.12986	0.227461	2.5402	0.767784	2.27175	0.54343	1.63766	0.741887	0.755944	0.366066	2.05909	0.556771	0.762575	0.822676	0.713173	0.934248	1.01591
0.339167	1.1739	0.228915	2.5411	0.7651	2.2837	0.545358	1.63388	0.742786	0.768603	0.368489	2.05308	0.55768	0.780314	0.823517	0.713312	0.935452	1.02855
0.340577	1.21855	0.229985	2.54192	0.762401	2.29543	0.547281	1.62998	0.743699	0.781305	0.370905	2.04693	0.55861	0.798229	0.824357	0.713455	0.936672	1.04106
0.342039	1.26387	0.23067	2.54242	0.759689	2.30697	0.549199	1.62594	0.744627	0.794138	0.373314	2.0406	0.559562	0.816306	0.825198	0.713526	0.937906	1.0535
0.343556	1.30979	0.231654	2.54295	0.756964	2.31832	0.551113	1.62187	0.745571	0.807073	0.375715	2.03417	0.560534	0.834499	0.826039	0.713599	0.939155	1.06591
0.345127	1.35618	0.232725	2.54361	0.754225	2.32946	0.553022	1.61764	0.746529	0.820096	0.378109	2.02759	0.561529	0.852861	0.82688	0.713708	0.940418	1.0782
0.346752	1.40293	0.234181	2.54457	0.751473	2.3403	0.554926	1.61325	0.747504	0.833163	0.380494	2.02082	0.562545	0.871344	0.827721	0.713763	0.941696	1.09031
0.348433	1.44989	0.236024	2.54567	0.748709	2.35085	0.556825	1.60879	0.748493	0.846288	0.382872	2.01403	0.563583	0.889923	0.828563	0.713863	0.942988	1.10237
0.35017	1.49702	0.238253	2.54699	0.745932	2.36118	0.558718	1.60425	0.749498	0.859515	0.385241	2.00708	0.564642	0.908661	0.829404	0.713987	0.944295	1.11437
0.351962	1.54414	0.240869	2.54852	0.743143	2.37123	0.560606	1.5996	0.750519	0.872794	0.387602	2.00001	0.565724	0.927479	0.830245	0.714085	0.945615	1.1262
0.353809	1.59102	0.243874	2.55019	0.740343	2.38093	0.562488	1.59486	0.751555	0.886098	0.389955	1.99289	0.566828	0.946409	0.831087	0.714244	0.946949	1.13793
0.355712	1.63757	0.24688	2.5518	0.737531	2.39037	0.564365	1.59	0.752608	0.899526	0.3923	1.98564	0.567955	0.965469	0.831929	0.714434	0.948297	1.14955
0.357669	1.68363	0.249888	2.55333	0.734709	2.39949	0.566236	1.58511	0.753676	0.913014	0.394636	1.97831	0.569104	0.984593	0.832771	0.714675	0.949659	1.16099
0.35968	1.72892	0.252898	2.55487	0.731876	2.40831	0.568101	1.58014	0.75476	0.926497	0.396963	1.97091	0.570276	1.00379	0.833613	0.714942	0.951034	1.17232
0.361744	1.77335	0.25591	2.5563	0.729032	2.41684	0.56996	1.57506	0.755859	0.940049	0.399281	1.96344	0.57147	1.02302	0.834456	0.715222	0.952422	1.18355
0.36386	1.81681	0.258924	2.55767	0.726179	2.42506	0.571814	1.56995	0.756975	0.953637	0.401591	1.95593	0.572687	1.04237	0.835299	0.715545	0.953823	1.19466
0.366026	1.85909	0.261939	2.55898	0.723317	2.433	0.573661	1.56476	0.758107	0.967243	0.403891	1.94837	0.573927	1.06175	0.836143	0.715963	0.955238	1.20563
0.368242	1.90007	0.264955	2.56022	0.720445	2.44066	0.575502	1.5595	0.759255	0.980894	0.406183	1.94074	0.575189	1.08111	0.836987	0.716465	0.956665	1.21643
0.370505	1.93961	0.267973	2.56146	0.717564	2.44802	0.577337	1.55419	0.760419	0.994604	0.408466	1.93312	0.576475	1.10057	0.837831	0.716972	0.958105	1.22707
0.372814	1.97769	0.270993	2.5626	0.714675	2.45503	0.579165	1.54886	0.761599	1.00827	0.410739	1.92546	0.577784	1.12008	0.838677	0.717555	0.959557	1.23762
0.375166	2.01419	0.274013	2.56368	0.711777	2.46182	0.580987	1.54349	0.762796	1.02199	0.413004	1.91779	0.579115	1.13953	0.839523	0.718213	0.961022	1.24802
0.377561	2.04907	0.277035	2.56473	0.708872	2.46835	0.582803	1.53809	0.764008	1.03573	0.41526	1.91011	0.580469	1.159	0.84037	0.718945	0.962499	1.25824
0.379996	2.08233	0.280058	2.56573	0.705959	2.47461	0.584613	1.53265	0.765237	1.04942	0.417506	1.90242	0.581847	1.17848	0.841217	0.71975	0.963988	1.2683
0.382469	2.1139	0.283083	2.56667	0.703039	2.4806	0.586416	1.52714	0.766482	1.06314	0.419744	1.89477	0.583247	1.19789	0.842066	0.720629	0.965488	1.27823
0.384979	2.14386	0.286108	2.56754	0.700112	2.48637	0.588212	1.52168	0.767743	1.07689	0.421972	1.88717	0.58467	1.21729	0.842916	0.721581	0.967	1.28803
0.387522	2.17217	0.289135	2.56838	0.697179	2.49189	0.590002	1.5162	0.76902	1.09058	0.424192	1.87956	0.586116	1.2367	0.843767	0.722606	0.968524	1.29766
0.390098	2.19889	0.292162	2.56917	0.694239	2.49715	0.591786	1.51064	0.770313	1.10423	0.426402	1.87199	0.587585	1.256	0.844619	0.723742	0.970059	1.30712
0.392705	2.22411	0.29519	2.56989	0.691293	2.50217	0.593563	1.50515	0.771623	1.11791	0.428604	1.86454	0.589077	1.27525	0.845473	0.724932	0.971605	1.31643
0.395341	2.24782	0.298219	2.57058	0.688341	2.50702	0.595334	1.4997	0.772948	1.13152	0.430797	1.85711	0.590591	1.29446	0.846328	0.726223	0.973162	1.32559
0.398003	2.27004	0.301249	2.57126	0.685384	2.51167	0.597098	1.49419	0.77429	1.1451	0.432981	1.84974	0.592128	1.31352	0.847184	0.727637	0.974729	1.3346
0.400691	2.29092	0.30428	2.57182	0.682421	2.51606	0.598855	1.48869	0.775647	1.15863	0.435157	1.84246	0.593687	1.3325	0.848043	0.729114	0.976308	1.34346
0.403403	2.31056	0.307311	2.57235	0.679454	2.52028	0.600607	1.48326	0.777021	1.17213	0.437324	1.83531	0.595269	1.35143	0.848903	0.730657	0.977896	1.35214
0.406137	2.32891	0.310343	2.57287	0.676481	2.52435	0.602351	1.47788	0.77841	1.18558	0.439483	1.82825	0.596872	1.37017	0.849765	0.732345	0.979495	1.36066
0.408892	2.34607	0.313375	2.57332	0.673504	2.52823	0.60409	1.47247	0.779815	1.1989	0.441633	1.82128	0.598498	1.3888	0.850629	0.734104	0.981103	1.36905
0.411667	2.36215	0.316408	2.57373	0.670522	2.53189	0.605822	1.46713	0.781236	1.21223	0.443776	1.81443	0.600146	1.40734	0.851495	0.735972	0.982721	1.37728
0.41446	2.37723	0.319442	2.57404	0.667536	2.5354	0.607548	1.46187	0.782672	1.22548	0.44591	1.80774	0.601815	1.42566	0.852364	0.737932	0.984349	1.38531
0.41727	2.39128	0.322475	2.57434	0.664546	2.53875	0.609268	1.45663	0.784124	1.23859	0.448036	1.80121	0.603506	1.44383	0.853235	0.739974	0.985987	1.39317
0.420096	2.40446	0.325509	2.57464	0.661552	2.54194	0.610981	1.45141	0.785592	1.25166	0.450155	1.79476	0.605218	1.46188	0.854108	0.74213	0.987633	1.40095
0.422938	2.4168	0.328544	2.57482	0.658554	2.54503	0.612689	1.44631	0.787075	1.26464	0.452267	1.78854	0.606952	1.47974	0.854984	0.74438	0.989289	1.40853
0.425793	2.42828	0.331578	2.57495	0.655553	2.54791	0.61439	1.44131	0.788573	1.27751	0.454371	1.78246	0.608706	1.49738	0.855862	0.74675	0.990953	1.41591
0.428661	2.43908	0.334613	2.57509	0.652549	2.55067	0.616086	1.43628	0.790086	1.29027	0.456468	1.77652	0.610481	1.51484	0.856744	0.74918	0.992626	1.42319
0.431542	2.4492	0.337648	2.57516	0.649541	2.55334	0.617776	1.43139	0.791614	1.30296	0.458558	1.77081	0.612277	1.53211	0.857628	0.75175	0.994308	1.43031
0.434434	2.45865	0.340683	2.57516	0.646531	2.55581	0.61946	1.42663	0.793157	1.31549	0.460642	1.76524	0.614092	1.54916	0.858516	0.754427	0.995997	1.43728
0.437337	2.46748	0.343718	2.57512	0.643517	2.55819	0.621138	1.42191	0.794714	1.32794	0.462719	1.7599	0.615928	1.56597	0.859406	0.757157	0.997695	1.44406
0.44025	2.47574	0.346752	2.57503	0.640501	2.56046	0.622811	1.41728	0.796287	1.34028	0.46479	1.75477	0.617783	1.58257	0.8603	0.76006	0.999401	1.45071
0.443172	2.4835	0.349787	2.57487	0.637482	2.56259	0.624479	1.41277	0.797873	1.35242	0.466855	1.74982	0.619658	1.59893	0.861198	0.763049	1.00111	1.45402
0.446104	2.49074	0.352821	2.57468	0.634461	2.56465	0.626141	1.40832	0.799474	1.36446	0.468914	1.74508	0.621552	1.61506	0.862099	0.766082		
0.449043	2.49755	0.355856	2.57444	0.631437	2.56658	0.627798	1.40404	0.801089	1.37642	0.470968	1.74059	0.623465	1.63092	0.863004	0.769283		
0.45199	2.50396	0.358889	2.57418	0.628411	2.56837	0.629451	1.39985	0.802719	1.38818	0.473017	1.73629	0.625396	1.64651	0.863912	0.772605		
0.454945	2.50995	0.361923	2.57382	0.625383	2.57006	0.631098	1.39574	0.804361	1.39981	0.475061	1.73223	0.627346	1.66192	0.864825	0.77595		
0.457906	2.51554	0.364956	2.57343	0.622354	2.57167	0.63274	1.39182	0.806018	1.4113	0.4771	1.72841	0.629313	1.67698	0.865741	0.779454		
0.460874	2.52079	0.367989	2.57301	0.619322	2.57322	0.634378	1.38795	0.807688	1.42258	0.479135	1.72482	0.631298	1.6918	0.866662	0.783074		
0.463848	2.52572	0.371021	2.57247	0.616289	2.57463	0.636012	1.38422	0.809371	1.43378	0.481165	1.72148	0.633301	1.70635	0.867587	0.786751		
0.466827	2.53035	0.374052	2.57191	0.613254	2.57598	0.637641	1.38068	0.811067	1.4448	0.483192	1.71839	0.63532	1.72059	0.868516	0.790568		
0.469812	2.53471	0.377083	2.57126	0.610217	2.57722	0.639266	1.37725	0.812776	1.45562	0.485216	1.71556	0.637356	1.73463	0.86945	0.794453		
0.472802	2.53876	0.380112	2.57061	0.607179	2.57838	0.640887	1.37393	0.814498	1.46627	0.487236	1.71293	0.639409	1.74831	0.870389	0.798483		
0.475796	2.54258	0.383142	2.56992	0.60414	2.57945	0.642504	1.37077	0.816233	1.47679	0.489253	1.7106	0.641477	1.76171	0.871332	0.802623		
0.478795	2.54618	0.38617	2.56909	0.601099	2.58042	0.644118	1.36776	0.817979	1.48715	0.491268	1.70851	0.643561	1.77485	0.872281	0.806816		
0.481797	2.54955	0.389197	2.56824	0.598057	2.58134	0.645728	1.36486	0.819738	1.49727	0.49328	1.70663	0.645661	1.78769	0.873234	0.811147		
0.484804	2.5527	0.392223	2.56734	0.595015	2.58215	0.647335	1.36213	0.821508	1.50723	0.49529	1.70506	0.647775	1.80022	0.874192	0.815583		
0.487814	2.55563	0.395248	2.56634	0.591971	2.58288	0.648939	1.35952	0.82329	1.51705	0.497299	1.70373	0.649904	1.81245	0.875156	0.820108		
0.490828	2.55838	0.398272	2.56529	0.588927	2.58356	0.65054	1.35712	0.825084	1.52665	0.499306	1.70266	0.652047	1.82439	0.876126	0.824751		
0.493844	2.56096	0.401295	2.56422	0.585882	2.58417	0.652138	1.35486	0.826889	1.53606	0.501312	1.70187	0.654204	1.83604	0.8771	0.829489		
0.496864	2.56339	0.404316	2.56306	0.582836	2.58466	0.653733	1.3527	0.828704	1.54531	0.503317	1.70129	0.656375	1.84739	0.878081	0.834312		
0.499886	2.56566	0.407336	2.56178	0.57979	2.58507	0.655326	1.35074	0.830531	1.55436	0.505322	1.701	0.658558	1.85845	0.879067	0.839287		
0.502911	2.56775	0.410354	2.56049	0.576743	2.58543	0.656917	1.34896	0.832368	1.56321	0.507327	1.70101	0.660755	1.86922	0.880059	0.844338		
0.505938	2.56971	0.413371	2.55911	0.573696	2.58572	0.658505	1.3473	0.834216	1.57188	0.509331	1.70123	0.662964	1.87969	0.881057	0.849463		
0.508968	2.57153	0.416386	2.55765	0.570648	2.58592	0.660092	1.34581	0.836073	1.58036	0.511337	1.7017	0.665185	1.88988	0.882061	0.854699		
0.512	2.57321	0.419399	2.55615	0.567601	2.58605	0.661678	1.34448	0.83794	1.58862	0.513342	1.70245	0.667419	1.89973	0.883071	0.860064		
0.515033	2.57482	0.422411	2.55456	0.564553	2.58608	0.663261	1.3433	0.839818	1.59675	0.515349	1.70345	0.669663	1.90927	0.884088	0.86553		
0.518068	2.57625	0.425421	2.55284	0.561505	2.58606	0.664844	1.34231	0.841704	1.60462	0.517357	1.70472	0.671919	1.91854	0.885111	0.871082		
0.521105	2.57755	0.428428	2.55107	0.558458	2.58595	0.666425	1.34148	0.8436	1.61229	0.519367	1.70623	0.674185	1.92757	0.886141	0.876752		
0.524144	2.57879	0.431434	2.54927	0.55541	2.58574	0.668006	1.34077	0.845504	1.61982	0.521379	1.70802	0.676462	1.93626	0.887178	0.882516		
0.527184	2.57992	0.434437	2.54735	0.552363	2.58545	0.669585	1.34024	0.847418	1.62711	0.523393	1.71004	0.678749	1.94467	0.888222	0.888401		
0.530225	2.58092	0.437438	2.54532	0.549316	2.58511	0.671165	1.33993	0.849339	1.63419	0.52541	1.7123	0.681046	1.9528	0.889272	0.894347		
0.533267	2.58183	0.440436	2.54321	0.54627	2.58471	0.672744	1.33974	0.851269	1.64114	0.527429	1.71482	0.683352	1.96063	0.89033	0.900395		
0.53631	2.58264	0.443432	2.54102	0.543224	2.5842	0.674322	1.33969	0.853208	1.64787	0.529452	1.71758	0.685667	1.96821	0.891394	0.906569		
0.539354	2.58338	0.446425	2.53875	0.540179	2.58355	0.675901	1.3398	0.855154	1.65439	0.531477	1.72061	0.687991	1.97548	0.892466	0.912879		
0.542399	2.58401	0.449416	2.53641	0.537134	2.58283	0.67748	1.34012	0.857107	1.66068	0.533507	1.72388	0.690323	1.98248	0.893546	0.919256		
0.545445	2.58454	0.452404	2.53392	0.534091	2.58206	0.67906	1.34061	0.859068	1.6668	0.535541	1.72739	0.692664	1.98921	0.894633	0.925704		
0.548491	2.58503	0.455389	2.53136	0.531048	2.58118	0.68064	1.34125	0.861036	1.67275	0.537579	1.73115	0.695012	1.99564	0.895728	0.932261		
0.551538	2.58542	0.45837	2.52872	0.528007	2.58022	0.682221	1.34202	0.86301	1.67851	0.539621	1.73512	0.697367	2.00183	0.89683	0.938945		
0.554585	2.58569	0.461349	2.52594	0.524967	2.57911	0.683803	1.34298	0.864992	1.68406	0.541668	1.73934	0.69973	2.00774	0.897941	0.945766		
0.557632	2.58589	0.464324	2.52304	0.521928	2.57791	0.685387	1.34413	0.86698	1.6894	0.543721	1.74383	0.7021	2.01337	0.89906	0.952655		
0.56068	2.58603	0.467296	2.52006	0.518891	2.57662	0.686972	1.34536	0.868974	1.69456	0.545779	1.74857	0.704476	2.01879	0.900186	0.959616		
0.563728	2.58607	0.470264	2.51699	0.515855	2.57519	0.688558	1.34681	0.870974	1.69952	0.547842	1.7535	0.706858	2.02391	0.901321	0.966685		
0.566775	2.58605	0.473228	2.51381	0.512821	2.57367	0.690146	1.34846	0.87298	1.70431	0.549912	1.75864	0.709246	2.02874	0.902465	0.973881		
0.569823	2.58596	0.476189	2.5105	0.509789	2.57201	0.691736	1.3502	0.874991	1.70894	0.551987	1.76406	0.71164	2.03336	0.903617	0.981179		
0.572871	2.58578	0.479146	2.50705	0.506759	2.57023	0.693328	1.35213	0.877008	1.7133	0.55407	1.76971	0.714039	2.03775	0.904778	0.988599		
0.575918	2.58554	0.482098	2.50349	0.503731	2.56829	0.694923	1.35423	0.879029	1.71753	0.556159	1.77557	0.716443	2.04185	0.905947	0.996118		
0.578965	2.5852	0.485046	2.49985	0.500705	2.56623	0.69652	1.35649	0.881056	1.72159	0.558255	1.78168	0.718852	2.0457	0.907125	1.00369		
0.582011	2.58477	0.48799	2.49608	0.497682	2.56402	0.69812	1.3589	0.883087	1.72541	0.560358	1.788	0.721265	2.04934	0.908313	1.01139		
0.585057	2.5843	0.49093	2.49215	0.494662	2.56164	0.699723	1.36146	0.885123	1.72912	0.562469	1.79449	0.723682	2.05274	0.909509	1.01919		
0.588102	2.58374	0.493864	2.4881	0.491644	2.55909	0.701329	1.3642	0.887163	1.73258	0.564588	1.80125	0.726103	2.05586	0.910715	1.02709		
0.591147	2.58309	0.496794	2.48398	0.48863	2.5564	0.702939	1.36708	0.889207	1.73589	0.566715	1.80826	0.728528	2.05875	0.91193	1.0351		
0.594191	2.58236	0.499719	2.47969	0.485619	2.55352	0.704552	1.37016	0.891254	1.73905	0.56885	1.81546	0.730955	2.06143	0.913155	1.04321		
0.597234	2.58156	0.502639	2.47524	0.482611	2.55038	0.706168	1.37339	0.893306	1.74198	0.570994	1.82287	0.733386	2.06387	0.914389	1.05147		
0.600276	2.58068	0.505553	2.47071	0.479607	2.54712	0.707789	1.37676	0.89536	1.7448	0.573146	1.83049	0.73582	2.06608	0.915633	1.05978		
0.603316	2.57969	0.508462	2.46602	0.476607	2.54359	0.709413	1.38031	0.897418	1.74738	0.575308	1.83833	0.738256	2.0681	0.916887	1.06818		
0.606356	2.57865	0.511366	2.46119	0.473612	2.53983	0.711042	1.38399	0.899479	1.74981	0.577479	1.84636	0.740695	2.06985	0.918151	1.07671		
0.609394	2.57754	0.514263	2.45628	0.470621	2.53582	0.712675	1.38785	0.901542	1.75212	0.57966	1.85462	0.743135	2.07138	0.919425	1.08536		
0.612431	2.57633	0.517155	2.45119	0.467635	2.53155	0.714313	1.3919	0.903609	1.75419	0.581851	1.8631	0.745577	2.07269	0.920709	1.09408		
0.615467	2.57502	0.520041	2.44597	0.464654	2.52703	0.715956	1.39612	0.905677	1.75614	0.584051	1.87174	0.74802	2.07379	0.922004	1.10291		
0.618501	2.5736	0.522921	2.44066	0.461679	2.52217	0.717604	1.40047	0.907748	1.75792	0.586262	1.88056	0.750465	2.07474	0.923309	1.11187		
0.621533	2.57213	0.525794	2.43518	0.458709	2.51699	0.719257	1.40499	0.909821	1.75951	0.588484	1.88963	0.75291	2.0754	0.924624	1.12089		
0.624563	2.57054	0.52866	2.42958	0.455746	2.51146	0.720916	1.4097	0.911895	1.76096	0.590716	1.89888	0.755357	2.07587	0.925951	1.13005		
0.627592	2.56884	0.53152	2.42385	0.45279	2.50559	0.72258	1.41454	0.913971	1.76228	0.59296	1.90827	0.757803	2.07615	0.927288	1.13928		
0.630618	2.56703	0.534373	2.41802	0.44984	2.49936	0.72425	1.41957	0.916049	1.76341	0.595214	1.91784	0.76025	2.07621	0.928636	1.14866		
0.633642	2.56514	0.53722	2.41207	0.446899	2.49267	0.725926	1.42482	0.918128	1.76438	0.59748	1.92763	0.762697	2.0761	0.929995	1.1581		
0.636664	2.56317	0.540059	2.40598	0.443965	2.48553	0.727608	1.4302	0.920207	1.76523	0.599758	1.93759	0.765144	2.07575	0.931366	1.16763		
0.639684	2.56105	0.542891	2.39975	0.44104	2.4779	0.729297	1.43574	0.922288	1.76591	0.602047	1.94769	0.76759	2.07524	0.932747	1.17729		
0.642701	2.55882	0.545715	2.39344	0.438125	2.46976	0.730992	1.44148	0.92437	1.76643	0.604348	1.95794	0.770035	2.07455	0.934141	1.18704		
0.645715	2.55649	0.548532	2.38707	0.435219	2.46108	0.732694	1.44739	0.926452	1.76684	0.606662	1.96834	0.772479	2.07362	0.935545	1.19685		
0.648726	2.55401	0.551341	2.38055	0.432324	2.4518	0.734404	1.45353	0.928534	1.76708	0.608988	1.97889	0.774923	2.07249	0.936962	1.20681		
0.651735	2.55142	0.554143	2.37392	0.42944	2.44186	0.73612	1.45983	0.930617	1.76713	0.611326	1.98958	0.777364	2.07124	0.93839	1.21688		
0.65474	2.54869	0.556937	2.3672	0.426568	2.4313	0.737845	1.4663	0.932699	1.76712	0.613677	2.00042	0.779805	2.0698	0.93983	1.22701		
0.657742	2.54579	0.559722	2.36044	0.423709	2.41998	0.739577	1.47299	0.934782	1.76696	0.616041	2.01134	0.782243	2.06813	0.941282	1.23723		
0.660741	2.5428	0.5625	2.35361	0.420864	2.4079	0.741316	1.47984	0.936864	1.76663	0.618418	2.0224	0.784679	2.06631	0.942746	1.24758		
0.663735	2.53966	0.56527	2.34672	0.418034	2.39495	0.743065	1.48693	0.938946	1.76621	0.620808	2.03356	0.787113	2.06433	0.944222	1.258		
0.666727	2.53633	0.568032	2.33972	0.415219	2.38112	0.744821	1.49425	0.941027	1.76563	0.623211	2.04479	0.789545	2.06218	0.945711	1.26851		
0.669714	2.53283	0.570785	2.33271	0.412422	2.36635	0.746587	1.50175	0.943108	1.76494	0.625628	2.05611	0.791974	2.05981	0.947212	1.27912		
0.672697	2.52922	0.57353	2.32568	0.409642	2.35052	0.748361	1.50946	0.945187	1.76412	0.628058	2.06749	0.7944	2.05732	0.948726	1.2898		
0.675675	2.52543	0.576266	2.31858	0.406881	2.33364	0.750144	1.51738	0.947266	1.76312	0.630501	2.07893	0.796823	2.05467	0.950252	1.3006		
0.678649	2.52142	0.578995	2.31148	0.404141	2.31563	0.751937	1.52555	0.949343	1.76207	0.632958	2.09043	0.799243	2.05185	0.951791	1.31146		
0.681618	2.51725	0.581715	2.30434	0.401423	2.29639	0.75374	1.53399	0.951419	1.76089	0.635428	2.10197	0.801659	2.0489	0.953343	1.32242		
0.684582	2.51286	0.584426	2.29726	0.398729	2.27585	0.755553	1.54261	0.953493	1.7596	0.637912	2.11353	0.804072	2.04578	0.954908	1.33342		
0.687541	2.50828	0.587129	2.2902	0.396059	2.25395	0.757376	1.55146	0.955566	1.75819	0.64041	2.12509	0.806481	2.0425	0.956486	1.34453		
0.690494	2.50354	0.589824	2.28308	0.393416	2.23068	0.75921	1.56061	0.957637	1.75664	0.642921	2.13666	0.808886	2.03906	0.958078	1.35572		
0.693442	2.49853	0.592511	2.27604	0.390801	2.20588	0.761054	1.57002	0.959707	1.75502	0.645446	2.14819	0.811287	2.03548	0.959682	1.36696		
0.696383	2.49332	0.595189	2.26908	0.388217	2.17956	0.76291	1.57966	0.961774	1.75326	0.647984	2.15971	0.813684	2.03182	0.961299	1.37833		
0.699319	2.48789	0.597859	2.26216	0.385664	2.15169	0.764778	1.58958	0.963839	1.75143	0.650536	2.17121	0.816076	2.02801	0.962931	1.38973		
0.702247	2.48217	0.600521	2.25529	0.383145	2.12218	0.766657	1.59977	0.965902	1.74949	0.653102	2.18268	0.818464	2.02398	0.964575	1.40117		
0.705169	2.47624	0.603175	2.24849	0.380662	2.09105	0.768548	1.61025	0.967963	1.74746	0.655681	2.19405	0.820847	2.01992	0.966233	1.41272		
0.708084	2.47009	0.605821	2.24179	0.378217	2.05823	0.770452	1.62102	0.970021	1.74534	0.658273	2.20534	0.823225	2.01572	0.967905	1.42428		
0.710991	2.46364	0.608459	2.23518	0.375811	2.0238	0.772369	1.63208	0.972077	1.74311	0.660879	2.21656	0.825598	2.01139	0.96959	1.43592		
0.713891	2.45694	0.611089	2.22869	0.373446	1.98775	0.774299	1.64344	0.97413	1.74079	0.663498	2.22765	0.827966	2.00696	0.971289	1.44763		
0.716782	2.44992	0.613712	2.2223	0.371126	1.95007	0.776243	1.65512	0.97618	1.73838	0.66613	2.2387	0.830328	2.0024	0.973002	1.45939		
0.719665	2.44265	0.616327	2.21602	0.36885	1.9109	0.7782	1.66711	0.978227	1.73593	0.668774	2.24964	0.832686	1.99773	0.974729	1.47116		
0.72254	2.43509	0.618935	2.20992	0.366622	1.87028	0.780172	1.67941	0.980271	1.73335	0.671432	2.26038	0.835037	1.99299	0.97647	1.48298		
0.725405	2.42724	0.621536	2.20394	0.364442	1.82837	0.782159	1.69204	0.982312	1.73071	0.674102	2.27103	0.837383	1.98816	0.978225	1.49486		
0.728261	2.41911	0.62413	2.19806	0.362312	1.78527	0.78416	1.70502	0.984351	1.72803	0.676785	2.28151	0.839723	1.98318	0.979993	1.50677		
0.731107	2.41065	0.626717	2.19237	0.360234	1.74104	0.786178	1.71828	0.986386	1.72527	0.67948	2.29185	0.842058	1.97817	0.981776	1.51869		
0.733943	2.40192	0.629297	2.18685	0.358208	1.69594	0.78821	1.73187	0.988417	1.72242	0.682187	2.30207	0.844386	1.9731	0.983573	1.53062		
0.736768	2.39286	0.631871	2.18145	0.356237	1.65012	0.79026	1.74585	0.990445	1.71949	0.684906	2.31208	0.846708	1.96792	0.985384	1.54256		
0.739583	2.38354	0.634439	2.17623	0.354319	1.60366	0.792325	1.76012	0.99247	1.71653	0.687636	2.32196	0.849024	1.96266	0.987209	1.55457		
0.742386	2.37389	0.637001	2.17116	0.352457	1.55683	0.794408	1.77473	0.994491	1.71351	0.690379	2.33163	0.851334	1.95736	0.989048	1.56658		
0.745178	2.36391	0.639556	2.16632	0.35065	1.50982	0.796509	1.78965	0.996509	1.71046	0.693132	2.34111	0.853638	1.952	0.990901	1.57852		
0.747958	2.35368	0.642107	2.16163	0.348898	1.46267	0.798627	1.80491	0.998523	1.70732	0.695897	2.35043	0.855935	1.94657	0.992769	1.59053		
0.750726	2.34318	0.644651	2.15709	0.347202	1.41561	0.800763	1.82045	1.00053	1.70572	0.698672	2.35956	0.858226	1.94111	0.99465	1.60254		
0.753481	2.3324	0.647191	2.15277	0.345561	1.36881	0.802917	1.83628			0.701458	2.36852	0.86051	1.93564	0.996546	1.61448		
0.756223	2.32137	0.649725	2.14859	0.343976	1.32231	0.805091	1.85243			0.704255	2.37724	0.862788	1.93011	0.998455	1.62645		
0.758952	2.31007	0.652255	2.1446	0.342445	1.27624	0.807284	1.86882			0.707061	2.38578	0.86506	1.9245	1.00038	1.63247		
0.761668	2.29856	0.65478	2.14081	0.340968	1.23077	0.809496	1.88544			0.709878	2.39415	0.867324	1.9189				
0.76437	2.28687	0.657301	2.1372	0.339544	1.1859	0.811728	1.90235			0.712705	2.40229	0.869583	1.91333				
0.767058	2.27499	0.659818	2.13374	0.338172	1.14171	0.81398	1.91945			0.71554	2.41024	0.871834	1.90772				
0.769732	2.26297	0.66233	2.13047	0.336853	1.09824	0.816252	1.93668			0.718386	2.41803	0.874079	1.90209				
0.772392	2.2508	0.664839	2.12738	0.335584	1.05545	0.818544	1.95412			0.72124	2.42558	0.876317	1.89646				
0.775038	2.23853	0.667345	2.12443	0.334365	1.01345	0.820858	1.9717			0.724103	2.43299	0.878549	1.89082				
0.777669	2.22621	0.669847	2.12168	0.333195	0.972233	0.823192	1.98936			0.726974	2.4402	0.880774	1.88522				
0.780285	2.21382	0.672346	2.11906	0.332073	0.931761	0.825547	2.00708			0.729854	2.44718	0.882993	1.87964				
0.782887	2.20147	0.674841	2.11662	0.330999	0.892052	0.827923	2.02481			0.732742	2.45397	0.885204	1.87403				
0.785474	2.18915	0.677334	2.11437	0.329971	0.853064	0.830319	2.04253			0.735638	2.46062	0.88741	1.86851				
0.788046	2.17687	0.679825	2.11225	0.328988	0.814784	0.832737	2.06022			0.738542	2.46709	0.889609	1.86301				
0.790605	2.16476	0.682313	2.11025	0.32805	0.77719	0.835175	2.07782			0.741453	2.47333	0.891801	1.85751				
0.793149	2.15277	0.684799	2.10844	0.327156	0.740234	0.837634	2.09537			0.744372	2.47942	0.893987	1.85209				
0.795679	2.14092	0.687283	2.1068	0.326306	0.703896	0.840114	2.11271			0.747297	2.48536	0.896166	1.8467				
0.798195	2.12928	0.689765	2.10525	0.325497	0.668207	0.842614	2.12981			0.75023	2.49114	0.89834	1.84137				
0.800698	2.11793	0.692245	2.10385	0.324731	0.633084	0.845134	2.14678			0.753169	2.49671	0.900506	1.83611				
0.803187	2.10684	0.694723	2.10256	0.324005	0.598434	0.847674	2.16347			0.756115	2.50213	0.902667	1.83091				
0.805663	2.09602	0.697201	2.10141	0.32332	0.564363	0.850233	2.17987			0.759067	2.50744	0.904822	1.82575				
0.808127	2.08555	0.699677	2.10043	0.322675	0.530791	0.852812	2.19598			0.762025	2.51255	0.906971	1.82068				
0.810579	2.07545	0.702151	2.09954	0.322069	0.497631	0.855409	2.21172			0.764989	2.51752	0.909113	1.81569				
0.813019	2.06568	0.704625	2.09876	0.321502	0.464929	0.858025	2.22718			0.767959	2.52239	0.91125	1.81074				
0.815448	2.05632	0.707098	2.09811	0.320973	0.432632	0.860659	2.24223			0.770934	2.52705	0.913381	1.80592				
0.817866	2.04736	0.70957	2.09754	0.320482	0.400776	0.86331	2.25686			0.773915	2.53159	0.915507	1.80121				
0.820274	2.03881	0.712042	2.09706	0.320028	0.369291	0.865978	2.2711			0.776901	2.53601	0.917627	1.79651				
0.822672	2.03069	0.714513	2.09672	0.319612	0.338108	0.868663	2.28492			0.779892	2.54031	0.919741	1.79192				
0.82506	2.02297	0.716984	2.09647	0.319232	0.307308	0.871364	2.29834			0.782889	2.54448	0.92185	1.7875				
0.82744	2.01574	0.719455	2.09628	0.318887	0.276838	0.87408	2.31132			0.78589	2.5485	0.923954	1.78314				
0.829811	2.00894	0.721925	2.09621	0.318579	0.24666	0.876812	2.32385			0.788896	2.55242	0.926053	1.77883				
0.832175	2.00254	0.724396	2.09626	0.318306	0.216845	0.879558	2.33598			0.791906	2.5562	0.928147	1.77466				
0.834531	1.99655	0.726866	2.09631	0.318068	0.187317	0.882318	2.34768			0.794921	2.55989	0.930236	1.7706				
0.836881	1.99107	0.729337	2.09649	0.317865	0.157998	0.885091	2.35895			0.79794	2.5635	0.93232	1.76666				
0.839224	1.98599	0.731808	2.09672	0.317696	0.129022	0.887878	2.36978			0.800963	2.56698	0.9344	1.76283				
0.841562	1.98128	0.734279	2.09702	0.31756	0.100369	0.890677	2.38018			0.80399	2.57037	0.936475	1.75908				
0.843894	1.97703	0.73675	2.09743	0.317459	0.0719186	0.893488	2.39018			0.807021	2.57364	0.938546	1.75545				
0.846222	1.97314	0.739222	2.09789	0.317391	0.0437295	0.896311	2.39979			0.810056	2.57681	0.940613	1.75195				
0.848545	1.96966	0.741695	2.09841	0.317356	0.0158426	0.899144	2.40899			0.813095	2.5799	0.942676	1.74858				
0.850864	1.96656	0.744168	2.09897	0.317354	-0.0118081	0.901989	2.4178			0.816137	2.58288	0.944735	1.74529				
0.85318	1.96384	0.746642	2.09957	0.317384	-0.0392058	0.904843	2.42628			0.819183	2.58583	0.946789	1.74211				
0.855493	1.96146	0.749117	2.10024	0.317446	-0.0663158	0.907707	2.43439			0.822232	2.58866	0.948841	1.73909				
0.857803	1.95942	0.751593	2.10098	0.31754	-0.0931431	0.910581	2.44211			0.825284	2.59139	0.950889	1.73619				
0.860111	1.95775	0.754069	2.10179	0.317666	-0.119771	0.913464	2.44953			0.82834	2.59408	0.952933	1.73338				
0.862418	1.95636	0.756547	2.10263	0.317822	-0.146148	0.916355	2.4566			0.831399	2.59666	0.954974	1.73069				
0.864723	1.95526	0.759025	2.10346	0.31801	-0.172168	0.919254	2.46332			0.83446	2.59917	0.957012	1.72814				
0.867026	1.9545	0.761505	2.10438	0.318228	-0.197988	0.922161	2.4698			0.837525	2.60163	0.959047	1.7257				
0.869329	1.954	0.763985	2.10536	0.318477	-0.223552	0.925075	2.476			0.840592	2.60403	0.96108	1.72337				
0.871632	1.95375	0.766467	2.10628	0.318755	-0.248753	0.927997	2.48189			0.843663	2.60633	0.963109	1.72115				
0.873935	1.95381	0.76895	2.10733	0.319063	-0.273741	0.930925	2.48747			0.846736	2.60857	0.965137	1.71905				
0.876237	1.9541	0.771434	2.10841	0.3194	-0.298447	0.93386	2.49282			0.849811	2.61076	0.967161	1.71709				
0.87854	1.95461	0.773919	2.10946	0.319766	-0.322811	0.936801	2.49795			0.852889	2.61292	0.969184	1.71522				
0.880844	1.95538	0.776406	2.11057	0.320161	-0.34693	0.939748	2.50282			0.85597	2.61498	0.971204	1.71349				
0.883149	1.95635	0.778894	2.11175	0.320584	-0.370704	0.9427	2.50749			0.859053	2.61697	0.973222	1.71185				
0.885455	1.95749	0.781383	2.11292	0.321035	-0.394155	0.945658	2.51192			0.862138	2.61895	0.975239	1.71033				
0.887763	1.95887	0.783874	2.11409	0.321513	-0.417328	0.948621	2.5161			0.865226	2.62086	0.977254	1.70896				
0.890073	1.96044	0.786366	2.1153	0.322019	-0.440089	0.951588	2.52014			0.868315	2.62269	0.979267	1.70764				
0.892384	1.96217	0.78886	2.11653	0.32255	-0.46254	0.954561	2.52395			0.871407	2.62448	0.981279	1.70644				
0.894697	1.96407	0.791355	2.11777	0.323109	-0.484665	0.957537	2.52758			0.874501	2.62626	0.983289	1.70539				
0.897013	1.96615	0.793852	2.11904	0.323693	-0.506355	0.960518	2.53108			0.877598	2.62795	0.985298	1.70443				
0.899332	1.9684	0.79635	2.12034	0.324302	-0.527689	0.963503	2.53436			0.880696	2.62961	0.987307	1.70359				
0.901653	1.97077	0.798849	2.12165	0.324937	-0.548604	0.966492	2.53747			0.883796	2.63127	0.989314	1.70284				
0.903977	1.97327	0.801351	2.12296	0.325509	-0.566471	0.969484	2.54045			0.886898	2.63284	0.99132	1.70217				
0.906304	1.97588	0.803853	2.12428	0.326012	-0.581482	0.97248	2.54326			0.890001	2.63436	0.993326	1.70161				
0.908634	1.97868	0.806357	2.12563	0.326437	-0.593727	0.975478	2.54595			0.893107	2.63588	0.995331	1.70119				
0.910968	1.98159	0.808863	2.12697	0.32678	-0.603202	0.97848	2.5485			0.896214	2.63734	0.997336	1.70083				
0.913305	1.98458	0.811371	2.12833	0.327035	-0.610218	0.981485	2.55091			0.899323	2.63873	0.99934	1.70058				
0.915645	1.98768	0.81388	2.12971	0.327273	-0.616473	0.984493	2.55318			0.902434	2.64012	1.00134	1.70052				
0.91799	1.99088	0.816391	2.13106	0.327439	-0.620782	0.987503	2.55534			0.905546	2.64151						
0.920338	1.99424	0.818903	2.13243	0.327702	-0.627594	0.990516	2.55741			0.90866	2.64283						
0.92269	1.99764	0.821417	2.13385	0.328064	-0.636629	0.993531	2.55932			0.911775	2.64411						
0.925046	2.0011	0.823932	2.13525	0.328529	-0.647949	0.996548	2.56116			0.914892	2.64534						
0.927407	2.0047	0.82645	2.13661	0.329102	-0.661319	0.999568	2.56284			0.91801	2.64654						
0.929771	2.00836	0.828968	2.13803	0.329789	-0.676599	1.00259	2.56363			0.92113	2.64776						
0.932141	2.0121	0.831489	2.13943	0.330597	-0.693504					0.924251	2.64896						
0.934514	2.01591	0.834011	2.14079	0.331424	-0.709793					0.927374	2.65007						
0.936892	2.01975	0.836535	2.1422	0.33227	-0.725372					0.930497	2.65117						
0.939275	2.02366	0.83906	2.14364	0.333134	-0.740119					0.933622	2.65224						
0.941662	2.02766	0.841587	2.14502	0.334014	-0.754011					0.936749	2.65328						
0.944054	2.03174	0.844116	2.1464	0.334911	-0.767					0.939876	2.65436						
0.946451	2.03584	0.846647	2.14783	0.335822	-0.778878					0.943005	2.65533						
0.948852	2.03994	0.849179	2.1492	0.336747	-0.789614					0.946135	2.65633						
0.951259	2.04415	0.851712	2.15058	0.337683	-0.79912					0.949266	2.65727						
0.95367	2.04841	0.854248	2.152	0.33863	-0.807132					0.952398	2.65818						
0.956087	2.05267	0.856785	2.15338	0.339586	-0.813519					0.955532	2.65915						
0.958509	2.05696	0.859323	2.15472	0.340548	-0.818031					0.958666	2.66003						
0.960935	2.0613	0.861863	2.15609	0.341514	-0.820433					0.961801	2.66088						
0.963367	2.0657	0.864405	2.15747	0.342481	-0.820462					0.964938	2.66174						
0.965804	2.07014	0.866949	2.15885	0.343448	-0.817657					0.968075	2.66258						
0.968247	2.07459	0.869494	2.16021	0.344409	-0.81164					0.971213	2.66336						
0.970694	2.07902	0.87204	2.16154	0.345361	-0.801894					0.974353	2.66415						
0.973147	2.0835	0.874588	2.16287	0.346299	-0.787828					0.977493	2.66495						
0.975605	2.08805	0.877138	2.16419	0.347218	-0.768711					0.980634	2.66568						
0.978068	2.09255	0.879689	2.16551	0.348111	-0.743771					0.983776	2.66642						
0.980537	2.09708	0.882242	2.16683	0.348971	-0.712185					0.986919	2.66718						
0.983011	2.10168	0.884797	2.16815	0.349789	-0.672918					0.990063	2.66786						
0.985491	2.10626	0.887353	2.16947	0.350557	-0.625086					0.993207	2.66853						
0.987976	2.11082	0.88991	2.17075	0.351263	-0.567808					0.996352	2.66923						
0.990466	2.11544	0.892469	2.17201	0.351895	-0.500388					0.999498	2.66987						
0.992962	2.12006	0.89503	2.17327	0.352442	-0.422659					1.00265	2.67018						
0.995463	2.12464	0.897592	2.17455	0.352891	-0.334942												
0.99797	2.12927	0.900155	2.17582	0.353232	-0.238312												
1.00048	2.13162	0.90272	2.177	0.353453	-0.134846												
		0.905286	2.17825	0.353549	-0.0817297												
		0.907854	2.1795														
		0.910423	2.18067														
		0.912994	2.18184														
		0.915566	2.18305														
		0.91814	2.18424														
		0.920714	2.18539														
		0.923291	2.18655														
		0.925868	2.18768														
		0.928447	2.18879														
		0.931027	2.18989														
		0.933609	2.191														
		0.936191	2.1921														
		0.938776	2.19316														
		0.941361	2.1942														
		0.943947	2.19528														
		0.946535	2.19632														
		0.949124	2.19732														
		0.951714	2.1983														
		0.954306	2.1993														
		0.956898	2.20031														
		0.959492	2.2013														
		0.962087	2.20223														
		0.964682	2.20317														
		0.967279	2.20412														
		0.969878	2.20503														
		0.972477	2.20593														
		0.975077	2.20681														
		0.977678	2.2077														
		0.980281	2.20854														
		0.982884	2.2094														
		0.985488	2.21024														
		0.988093	2.21106														
		0.9907	2.21187														
		0.993307	2.21264														
		0.995915	2.21343														
		0.998524	2.21419														
		1.00113	2.21454														
