Sym0		Asym0		Sym1		Sym2		Sym3		Sym4		Sym5		Sym6		Asym1		Asym2		Asym3		Asym4		Asym5		Asym6		Asym7	
378  Points		425  Points		376  Points		363  Points		318  Points		298  Points		267  Points		217  Points		376  Points		372  Points		344  Points		297  Points		268  Points		212  Points		144  Points	
Freq (MHz)	Vgr (m/ms)	Freq (MHz)	Vgr (m/ms)	Freq (MHz)	Vgr (m/ms)	Freq (MHz)	Vgr (m/ms)	Freq (MHz)	Vgr (m/ms)	Freq (MHz)	Vgr (m/ms)	Freq (MHz)	Vgr (m/ms)	Freq (MHz)	Vgr (m/ms)	Freq (MHz)	Vgr (m/ms)	Freq (MHz)	Vgr (m/ms)	Freq (MHz)	Vgr (m/ms)	Freq (MHz)	Vgr (m/ms)	Freq (MHz)	Vgr (m/ms)	Freq (MHz)	Vgr (m/ms)	Freq (MHz)	Vgr (m/ms)
0.279505	-0.167729	0.000698363	0.38953	1.40138	2.1983	0.293173	0.29576	0.559021	0.0122162	0.838525	-0.00301246	0.87937	0.0386803	1.11803	0.00273289	0.13976	0.0949769	0.419266	0.0064654	0.586254	0.0363153	0.698775	0.0137691	0.978281	0.00453812	1.17248	0.0173481	1.25779	0.00655168
0.279219	-0.285533	0.00136361	0.451778	1.39762	2.19801	0.293678	0.426931	0.559042	0.0173226	0.83852	-0.00524328	0.879436	0.0526664	1.11804	0.00526351	0.139922	0.159818	0.419277	0.00896865	0.586316	0.0488156	0.698798	0.0200299	0.978289	0.00669577	1.17251	0.0235135	1.2578	0.00973754
0.27853	-0.488156	0.00224148	0.573959	1.39387	2.19746	0.294631	0.655543	0.55908	0.0275658	0.838507	-0.00964539	0.879549	0.080573	1.11805	0.0103793	0.140306	0.288415	0.419296	0.0139405	0.58642	0.0737507	0.698843	0.0326222	0.978304	0.0110641	1.17256	0.0358198	1.25782	0.0160762
0.277551	-0.626796	0.00332405	0.6913	1.39012	2.19692	0.295917	0.821956	0.559136	0.0378386	0.838487	-0.0139309	0.879711	0.108283	1.11807	0.0155351	0.140907	0.414256	0.419324	0.0189939	0.586567	0.0986128	0.69891	0.0452409	0.978326	0.0154676	1.17263	0.048114	1.25786	0.0224398
0.276389	-0.711809	0.00460272	0.80311	1.38636	2.19639	0.297438	0.940047	0.55921	0.0481085	0.83846	-0.017983	0.879919	0.135724	1.1181	0.020647	0.141721	0.536317	0.419361	0.0241487	0.586757	0.123329	0.698998	0.0578505	0.978356	0.0198178	1.17272	0.0603842	1.2579	0.0288529
0.27512	-0.759211	0.0060672	0.908871	1.38261	2.19583	0.299128	1.02538	0.559301	0.0584348	0.838426	-0.0217542	0.880174	0.162875	1.11814	0.0257948	0.142739	0.653728	0.419407	0.0293825	0.586989	0.147878	0.699108	0.0705038	0.978394	0.0241852	1.17283	0.0726681	1.25795	0.0352415
0.273796	-0.782025	0.0077071	1.00841	1.37886	2.19526	0.300941	1.08944	0.559409	0.0688119	0.838386	-0.0252732	0.880476	0.189693	1.11819	0.0309527	0.143954	0.765738	0.419462	0.034836	0.587262	0.172338	0.699239	0.0831827	0.978439	0.0285868	1.17297	0.0849176	1.25802	0.0416429
0.272449	-0.788901	0.00951158	1.10152	1.37512	2.19468	0.302849	1.13964	0.559536	0.0792285	0.838339	-0.0284112	0.880822	0.216092	1.11825	0.0360688	0.145355	0.871837	0.419526	0.0404196	0.587577	0.196561	0.699392	0.0959127	0.978492	0.0329952	1.17312	0.0970984	1.2581	0.0480699
0.271101	-0.785074	0.0114695	1.1882	1.37137	2.19409	0.304833	1.18061	0.55968	0.0896623	0.838288	-0.031159	0.881214	0.242024	1.11832	0.0412252	0.146932	0.971685	0.4196	0.0462013	0.587934	0.220555	0.699566	0.108683	0.978552	0.0374169	1.1733	0.109266	1.25818	0.0544861
0.269767	-0.773953	0.0135701	1.26865	1.36762	2.19351	0.306881	1.21519	0.559842	0.100131	0.838233	-0.0334977	0.881649	0.267519	1.11839	0.0464002	0.148674	1.0651	0.419684	0.0522556	0.588331	0.24434	0.699763	0.121534	0.978619	0.0418654	1.1735	0.121405	1.25828	0.0609428
0.268457	-0.757655	0.0158028	1.34302	1.36388	2.19292	0.308984	1.24517	0.560022	0.110668	0.838174	-0.0353895	0.882127	0.292511	1.11847	0.0515506	0.15057	1.15208	0.419778	0.0584837	0.588768	0.267832	0.699981	0.134422	0.978695	0.0463055	1.17372	0.13349	1.25839	0.0674184
0.267179	-0.737437	0.0181573	1.41158	1.36013	2.1923	0.311134	1.27176	0.56022	0.121281	0.838112	-0.0368208	0.882648	0.31693	1.11857	0.0567134	0.152609	1.23268	0.419883	0.0649973	0.589245	0.291044	0.700222	0.147322	0.978778	0.0507288	1.17395	0.145527	1.25851	0.0738701
0.265939	-0.714273	0.0206243	1.47474	1.35639	2.19167	0.313328	1.29574	0.560436	0.131985	0.838048	-0.0377645	0.88321	0.340884	1.11867	0.0619014	0.15478	1.30724	0.42	0.0718343	0.589762	0.313946	0.700485	0.160372	0.978868	0.0552423	1.17421	0.157531	1.25864	0.0803978
0.26474	-0.688744	0.0231945	1.53278	1.35265	2.19103	0.31556	1.31769	0.560671	0.142746	0.837983	-0.0382282	0.883812	0.364279	1.11878	0.0670776	0.156772	1.3675	0.420129	0.078947	0.590318	0.336475	0.70077	0.173472	0.978966	0.0597507	1.17449	0.169469	1.25879	0.0869535
0.263586	-0.661207	0.0258597	1.58603	1.3489	2.19038	0.317829	1.338	0.560924	0.153558	0.837918	-0.0381652	0.884454	0.387114	1.1189	0.0722924	0.158538	1.41545	0.42027	0.0863633	0.590912	0.358693	0.701077	0.18661	0.979072	0.0642485	1.17479	0.181334	1.25894	0.0935033
0.262481	-0.632007	0.0286119	1.6349	1.34516	2.18975	0.32013	1.3569	0.561195	0.164473	0.837853	-0.0376058	0.885135	0.409446	1.11903	0.0775221	0.160043	1.45281	0.420424	0.0941391	0.591543	0.380534	0.701407	0.199888	0.979186	0.0687874	1.17511	0.193119	1.25911	0.100103
0.261427	-0.60134	0.031444	1.67972	1.34142	2.1891	0.322463	1.37459	0.561485	0.175533	0.837789	-0.0366108	0.885853	0.431206	1.11916	0.0827201	0.16126	1.48094	0.420591	0.102263	0.592211	0.401931	0.70176	0.213259	0.979307	0.0733465	1.17545	0.204864	1.25928	0.106742
0.260427	-0.569347	0.0343492	1.72082	1.33769	2.18844	0.324826	1.39121	0.561795	0.186634	0.837728	-0.0351161	0.886608	0.452443	1.11931	0.0879782	0.16217	1.50096	0.420773	0.110772	0.592916	0.422999	0.702136	0.226693	0.979436	0.0779457	1.17581	0.216532	1.25947	0.113396
0.259483	-0.536126	0.0373217	1.75852	1.33395	2.18772	0.327215	1.40693	0.562123	0.197818	0.837669	-0.0331171	0.887398	0.473189	1.11946	0.0932329	0.162758	1.51339	0.42097	0.119681	0.593656	0.443594	0.702534	0.240252	0.979573	0.0825636	1.17619	0.228107	1.25967	0.120081
0.258596	-0.501749	0.0403557	1.79307	1.33021	2.18704	0.329631	1.42184	0.56247	0.209167	0.837615	-0.0307286	0.888224	0.493388	1.11963	0.0984806	0.163612	1.5307	0.421182	0.128958	0.594431	0.463737	0.702956	0.253937	0.979718	0.0872187	1.17659	0.23962	1.25988	0.126827
0.257769	-0.466359	0.0434462	1.82477	1.32648	2.18634	0.332072	1.43593	0.562837	0.2206	0.837564	-0.0278704	0.889083	0.513112	1.1198	0.103776	0.164552	1.54893	0.42141	0.13866	0.59524	0.483472	0.703402	0.267689	0.979871	0.0918863	1.17701	0.251071	1.2601	0.133634
0.257003	-0.429871	0.0465885	1.85387	1.32275	2.18564	0.334536	1.44933	0.563224	0.232137	0.837519	-0.0245681	0.889976	0.532378	1.11998	0.109044	0.165847	1.57279	0.421655	0.148779	0.596082	0.5027	0.703871	0.281574	0.980032	0.096579	1.17745	0.262395	1.26034	0.14044
0.256301	-0.392366	0.0497784	1.88065	1.31901	2.18492	0.337022	1.46207	0.56363	0.243823	0.83748	-0.0209348	0.890902	0.551164	1.12017	0.114381	0.167512	1.60151	0.421918	0.159359	0.596957	0.521472	0.704363	0.295603	0.980201	0.101322	1.17791	0.273594	1.26058	0.147303
0.255663	-0.353876	0.0530121	1.90522	1.31528	2.18416	0.33953	1.47417	0.564057	0.255619	0.837448	-0.016887	0.891859	0.569548	1.12037	0.119731	0.169565	1.63418	0.4222	0.170369	0.597864	0.539764	0.70488	0.309733	0.980378	0.106103	1.17838	0.284724	1.26084	0.15422
0.255092	-0.314347	0.0562859	1.9278	1.31155	2.18343	0.342057	1.4857	0.564503	0.267572	0.837423	-0.0124437	0.892847	0.587435	1.12058	0.125044	0.172025	1.66975	0.4225	0.181802	0.598801	0.55753	0.705421	0.324004	0.980564	0.110899	1.17888	0.295781	1.26111	0.161182
0.254589	-0.273853	0.0595968	1.94865	1.30783	2.18267	0.344604	1.49662	0.564971	0.279657	0.837405	-0.00770437	0.893865	0.604948	1.1208	0.13041	0.17491	1.70723	0.422821	0.193713	0.599768	0.574801	0.705987	0.338431	0.980757	0.115724	1.17939	0.306691	1.26139	0.168237
0.254156	-0.232297	0.0629418	1.96782	1.3041	2.18189	0.347169	1.50702	0.565459	0.291879	0.837396	-0.00262071	0.894913	0.622086	1.12103	0.135819	0.177856	1.74141	0.423162	0.206084	0.600764	0.591579	0.706577	0.352987	0.980959	0.120608	1.17993	0.317492	1.26169	0.17529
0.253796	-0.189666	0.0663182	1.98547	1.30037	2.18113	0.349752	1.51691	0.565968	0.304252	0.837397	0.00278026	0.89599	0.638781	1.12126	0.14125	0.180858	1.77252	0.423525	0.218939	0.601788	0.607863	0.707193	0.367676	0.981169	0.125549	1.18048	0.328199	1.26199	0.182401
0.253509	-0.146003	0.0697235	2.00177	1.29665	2.18035	0.352351	1.5263	0.566498	0.316741	0.837406	0.00844441	0.897095	0.655149	1.12151	0.146666	0.183911	1.80083	0.42391	0.23227	0.60284	0.623595	0.707833	0.382508	0.981388	0.130477	1.18105	0.338782	1.26231	0.189628
0.253297	-0.101203	0.0731555	2.01679	1.29293	2.17953	0.354965	1.53517	0.567049	0.329403	0.837425	0.0143873	0.898228	0.671171	1.12176	0.152112	0.187009	1.82653	0.424318	0.246056	0.603918	0.638778	0.708499	0.397501	0.981615	0.135445	1.18163	0.349237	1.26264	0.196901
0.253163	-0.0551817	0.0766121	2.03068	1.2892	2.17869	0.357594	1.54356	0.567623	0.342283	0.837455	0.0205783	0.899388	0.686873	1.12203	0.157619	0.190149	1.84981	0.42475	0.26032	0.605022	0.653484	0.709191	0.41263	0.98185	0.140489	1.18224	0.359564	1.26298	0.204204
0.253109	-0.00789266	0.0800916	2.04354	1.28548	2.17789	0.359897	1.55056	0.568219	0.355292	0.837496	0.0270177	0.900574	0.702245	1.1223	0.163124	0.193327	1.87092	0.425207	0.275105	0.606151	0.667668	0.709908	0.427908	0.982094	0.145563	1.18286	0.369755	1.26334	0.211569
0.253136	0.040693	0.0835922	2.05539	1.28177	2.17703	0.361868	1.55621	0.568836	0.368435	0.837547	0.0336446	0.901786	0.717267	1.12259	0.168625	0.19654	1.89002	0.42569	0.290377	0.607303	0.681304	0.710652	0.44336	0.982347	0.150697	1.1835	0.379801	1.2637	0.219057
0.253248	0.0906957	0.0871121	2.06634	1.27805	2.17617	0.363503	1.56063	0.569477	0.381783	0.837611	0.0405226	0.903024	0.732021	1.12288	0.174179	0.199783	1.90727	0.426199	0.306127	0.608478	0.694401	0.711423	0.458974	0.982609	0.155827	1.18416	0.38974	1.26408	0.226603
0.253446	0.142233	0.0906501	2.07648	1.27433	2.17533	0.364799	1.56415	0.57014	0.395296	0.837686	0.0475932	0.904287	0.746486	1.12318	0.179777	0.203054	1.92286	0.426735	0.322337	0.609675	0.706977	0.71222	0.474729	0.98288	0.161012	1.18483	0.39953	1.26448	0.234207
0.253733	0.195414	0.0942046	2.08587	1.27062	2.17445	0.365753	1.56654	0.570827	0.409011	0.837773	0.0548015	0.905574	0.760684	1.12349	0.185404	0.206351	1.93685	0.4273	0.339034	0.610892	0.719067	0.713044	0.490638	0.983159	0.166306	1.18552	0.409142	1.26488	0.241924
0.254113	0.2504	0.0977747	2.09456	1.2669	2.17356	0.366365	1.56808	0.571538	0.422886	0.837873	0.0622233	0.906885	0.774596	1.12381	0.191023	0.20967	1.94938	0.427815	0.354023	0.612131	0.730619	0.713896	0.506734	0.983448	0.17157	1.18623	0.418586	1.2653	0.249683
0.254589	0.307261	0.101359	2.1026	1.26319	2.17264	0.367246	1.57028	0.572272	0.436955	0.837986	0.0697625	0.90822	0.788245	1.12414	0.196691	0.213009	1.96057	0.428273	0.367029	0.613388	0.741653	0.714775	0.522955	0.983745	0.1769	1.18695	0.427943	1.26574	0.257526
0.255163	0.3662	0.104956	2.11006	1.25948	2.17172	0.368204	1.57252	0.57303	0.451228	0.838111	0.0774749	0.909577	0.801677	1.12449	0.202393	0.216367	1.97046	0.428664	0.377961	0.614664	0.752206	0.715682	0.539302	0.984052	0.182296	1.18769	0.437122	1.26618	0.265472
0.255839	0.427438	0.108101	2.1161	1.25578	2.17082	0.36951	1.57565	0.573813	0.46566	0.83825	0.0853477	0.910958	0.81486	1.12484	0.208103	0.21974	1.97922	0.428981	0.38689	0.615957	0.762234	0.716617	0.555841	0.984368	0.187705	1.18845	0.446072	1.26664	0.273504
0.256623	0.491047	0.110789	2.12094	1.25207	2.16988	0.371165	1.57938	0.574621	0.480287	0.838403	0.0932937	0.912361	0.827795	1.1252	0.213889	0.223127	1.98691	0.429219	0.393383	0.617267	0.771765	0.717581	0.572516	0.984693	0.193198	1.18922	0.454934	1.26712	0.281644
0.257517	0.557231	0.113016	2.12474	1.24836	2.16886	0.373171	1.58368	0.575453	0.495118	0.838569	0.101386	0.913785	0.840478	1.12557	0.219706	0.226526	1.99357	0.429373	0.397576	0.618593	0.780862	0.718573	0.589338	0.985028	0.198737	1.19	0.463621	1.26761	0.289878
0.258526	0.626151	0.11478	2.12763	1.24466	2.16789	0.375532	1.58838	0.576312	0.510172	0.838749	0.109586	0.915231	0.852969	1.12595	0.22552	0.229936	1.99925	0.429598	0.40375	0.619935	0.789462	0.719594	0.60633	0.985372	0.204306	1.1908	0.472081	1.26811	0.298174
0.259503	0.688428	0.116078	2.12959	1.24096	2.16693	0.378249	1.59344	0.577196	0.525422	0.838943	0.117877	0.916699	0.865263	1.12634	0.231391	0.233355	2.00401	0.429846	0.410432	0.62129	0.797561	0.720644	0.623415	0.985726	0.209935	1.19161	0.480396	1.26862	0.306595
0.260411	0.743246	0.11691	2.13084	1.23726	2.16595	0.380975	1.59814	0.578106	0.54082	0.839152	0.126287	0.918187	0.877346	1.12674	0.237315	0.236781	2.00794	0.43019	0.419692	0.622659	0.805279	0.721723	0.640624	0.986089	0.215622	1.19244	0.488547	1.26915	0.315143
0.261215	0.789877	0.118106	2.1327	1.23356	2.1649	0.383708	1.60244	0.579043	0.55645	0.839375	0.134752	0.919695	0.889193	1.12715	0.24322	0.240214	2.01108	0.430637	0.431547	0.62404	0.812545	0.722832	0.657959	0.986462	0.221364	1.19328	0.496492	1.2697	0.323759
0.261886	0.827572	0.119407	2.13462	1.22987	2.16387	0.386448	1.60636	0.580007	0.572297	0.839612	0.143324	0.921224	0.900816	1.12757	0.249213	0.24365	2.01346	0.431194	0.446124	0.625434	0.819338	0.72397	0.675419	0.986845	0.227151	1.19414	0.504273	1.27026	0.332509
0.262399	0.855703	0.121179	2.13709	1.22617	2.16286	0.389195	1.60989	0.580998	0.58833	0.839864	0.151989	0.922772	0.912302	1.128	0.255254	0.247091	2.01508	0.43187	0.463551	0.626839	0.825744	0.725139	0.693007	0.987238	0.232969	1.195	0.511849	1.27084	0.341343
0.262737	0.873876	0.123423	2.14007	1.22248	2.16175	0.391947	1.61305	0.582016	0.604549	0.840131	0.160713	0.92434	0.923575	1.12844	0.261272	0.250533	2.01598	0.432679	0.483969	0.628255	0.83181	0.726338	0.710666	0.987641	0.238849	1.19589	0.519203	1.27143	0.350285
0.263234	0.90032	0.12614	2.14354	1.21879	2.16067	0.394704	1.61587	0.582927	0.618827	0.840413	0.169497	0.925927	0.934607	1.12889	0.267364	0.253977	2.01624	0.433523	0.504856	0.62968	0.837441	0.727566	0.728402	0.988054	0.244789	1.19678	0.52642	1.27203	0.359377
0.263792	0.929517	0.129333	2.14729	1.2151	2.15961	0.397466	1.61833	0.58372	0.631146	0.84071	0.178335	0.927532	0.94553	1.12935	0.273544	0.25742	2.01591	0.434404	0.526164	0.631115	0.842699	0.728825	0.746234	0.988477	0.250788	1.19768	0.533425	1.27265	0.368586
0.26458	0.969703	0.133004	2.15133	1.21141	2.15848	0.400232	1.62043	0.584387	0.641436	0.841022	0.187283	0.929157	0.956232	1.12983	0.279714	0.260862	2.01494	0.435321	0.547959	0.632559	0.847644	0.730115	0.764133	0.98891	0.256845	1.1986	0.540195	1.27329	0.377904
0.265624	1.02132	0.136681	2.15505	1.20772	2.15733	0.403001	1.62222	0.584923	0.649531	0.84135	0.196266	0.930799	0.966742	1.13031	0.285925	0.264302	2.01337	0.436275	0.570216	0.63401	0.852273	0.731435	0.782102	0.989354	0.262953	1.19953	0.5468	1.27394	0.387318
0.26696	1.085	0.140365	2.15843	1.20404	2.15622	0.405773	1.62367	0.585321	0.655659	0.841693	0.205256	0.932459	0.977114	1.1308	0.29222	0.267739	2.01123	0.437268	0.592889	0.635282	0.856049	0.732787	0.80009	0.989809	0.269104	1.20047	0.553201	1.27461	0.39686
0.268631	1.16108	0.144054	2.16151	1.20036	2.15504	0.408547	1.62477	0.585577	0.659514	0.842051	0.214323	0.934136	0.987274	1.13131	0.298558	0.271172	2.00855	0.4383	0.615987	0.63637	0.859099	0.734168	0.818114	0.990273	0.27534	1.20142	0.55938	1.2753	0.406535
0.270689	1.24972	0.147748	2.16435	1.19668	2.15387	0.411322	1.62554	0.585949	0.664983	0.842425	0.223481	0.935831	0.997257	1.13182	0.304921	0.2746	2.00538	0.439372	0.639482	0.637272	0.861489	0.735581	0.836149	0.990749	0.281622	1.20238	0.565362	1.276	0.416353
0.272899	1.33907	0.151446	2.16695	1.193	2.15269	0.414099	1.62601	0.586356	0.671174	0.842814	0.232635	0.937542	1.00707	1.13235	0.311331	0.278022	2.00166	0.440485	0.663425	0.637987	0.863216	0.737024	0.854206	0.991235	0.287932	1.20335	0.571137	1.27672	0.42627
0.275262	1.42838	0.155149	2.16927	1.18933	2.15145	0.416876	1.62619	0.586917	0.679555	0.843219	0.241844	0.939271	1.01673	1.13289	0.317776	0.281437	1.99748	0.441638	0.687776	0.638514	0.864604	0.738499	0.872244	0.991732	0.294302	1.20433	0.576681	1.27746	0.436325
0.277778	1.51679	0.158856	2.17135	1.18565	2.15022	0.419654	1.62606	0.587635	0.69014	0.84364	0.251101	0.941015	1.02621	1.13343	0.324289	0.284844	1.99285	0.442834	0.712487	0.638852	0.865447	0.740004	0.890246	0.992241	0.300728	1.20532	0.582013	1.27821	0.446529
0.280443	1.60334	0.162566	2.17326	1.18198	2.14899	0.42243	1.62565	0.588519	0.703001	0.844077	0.260392	0.942776	1.03551	1.13399	0.330879	0.288244	1.98772	0.444072	0.737563	0.639338	0.866572	0.741539	0.908236	0.99276	0.307265	1.20632	0.587168	1.27898	0.456847
0.283254	1.68716	0.166279	2.17496	1.17831	2.14769	0.425206	1.62496	0.589576	0.7183	0.84453	0.26975	0.944552	1.04464	1.13456	0.337497	0.291634	1.98218	0.445353	0.763007	0.639867	0.867801	0.743106	0.926141	0.99329	0.31384	1.20732	0.592093	1.27977	0.467271
0.286206	1.76748	0.169995	2.17643	1.17465	2.14641	0.427981	1.62399	0.590818	0.736033	0.844998	0.279119	0.946344	1.05362	1.13515	0.344171	0.295014	1.97623	0.446678	0.788821	0.640587	0.869353	0.744703	0.943999	0.993832	0.320429	1.20834	0.596804	1.28058	0.477842
0.289292	1.84361	0.173713	2.17775	1.17098	2.14515	0.430753	1.62279	0.59209	0.753875	0.845483	0.288509	0.948151	1.06241	1.13574	0.350896	0.298384	1.96984	0.448047	0.814944	0.641501	0.871349	0.746119	0.959463	0.994385	0.327106	1.20936	0.601336	1.28141	0.488524
0.292503	1.91506	0.177433	2.17888	1.16732	2.14379	0.433524	1.6213	0.593393	0.771927	0.845984	0.297944	0.949973	1.07103	1.13634	0.357722	0.301742	1.96309	0.449462	0.841376	0.642607	0.873594	0.747345	0.972605	0.994949	0.333838	1.21039	0.605635	1.28225	0.499363
0.295833	1.98156	0.181155	2.17981	1.16366	2.14245	0.436291	1.61956	0.594727	0.790145	0.846501	0.307404	0.951809	1.07952	1.13696	0.364565	0.305089	1.956	0.450921	0.868118	0.643909	0.876091	0.748371	0.983504	0.995525	0.340616	1.21143	0.609713	1.28311	0.510334
0.299271	2.04291	0.184879	2.18065	1.16	2.14112	0.439055	1.61767	0.596092	0.808508	0.847034	0.316915	0.95366	1.08785	1.13759	0.371443	0.308423	1.94856	0.452427	0.895106	0.645408	0.878837	0.74919	0.991994	0.996112	0.347487	1.21248	0.613597	1.28399	0.521381
0.302811	2.09912	0.188604	2.18129	1.15635	2.1397	0.441816	1.61549	0.597488	0.827006	0.847583	0.326467	0.955525	1.09596	1.13823	0.378389	0.311745	1.94078	0.453979	0.922343	0.646911	0.881387	0.749797	0.998293	0.996712	0.35442	1.21353	0.617281	1.28489	0.53258
0.306441	2.15031	0.192329	2.18176	1.15269	2.13829	0.444573	1.61312	0.598917	0.845633	0.848149	0.336038	0.957403	1.10394	1.13888	0.385411	0.315052	1.93275	0.455577	0.949827	0.648419	0.883807	0.750188	1.00229	0.997323	0.361352	1.21458	0.62075	1.28581	0.543897
0.310155	2.19677	0.196056	2.18212	1.14904	2.13689	0.447326	1.61058	0.600377	0.864417	0.848731	0.345647	0.959296	1.11174	1.13955	0.392521	0.318346	1.9244	0.457223	0.977497	0.64993	0.886162	0.750752	1.00791	0.997946	0.368408	1.21565	0.624035	1.28675	0.555328
0.313945	2.23869	0.199783	2.18233	1.1454	2.13545	0.450074	1.60783	0.601869	0.883311	0.849329	0.35527	0.961201	1.11936	1.14022	0.399684	0.321625	1.91576	0.458916	1.00532	0.651445	0.888392	0.751368	1.01416	0.998581	0.375525	1.21672	0.627138	1.28771	0.566862
0.317802	2.2764	0.20351	2.18241	1.14175	2.134	0.452818	1.60496	0.603394	0.90229	0.849864	0.363679	0.963119	1.12686	1.14091	0.406892	0.32489	1.90693	0.460657	1.03332	0.652964	0.890497	0.752213	1.02261	0.999229	0.38264	1.21779	0.630001	1.28869	0.578541
0.32172	2.31026	0.207237	2.18238	1.13811	2.13252	0.455556	1.60192	0.604951	0.921406	0.85033	0.370899	0.96505	1.13418	1.14161	0.414189	0.328139	1.8979	0.462445	1.06143	0.654487	0.892571	0.753291	1.03318	0.999888	0.389876	1.21887	0.632695	1.28968	0.590322
0.325693	2.34056	0.210964	2.18221	1.13447	2.13098	0.45829	1.59876	0.606541	0.94062	0.850723	0.376904	0.966993	1.14133	1.14233	0.421541	0.331372	1.88868	0.464282	1.0896	0.656013	0.89466	0.75461	1.04593	1.00056	0.397167	1.21995	0.635235	1.2907	0.602186
0.329715	2.36769	0.214691	2.18194	1.13083	2.12945	0.461017	1.59551	0.608164	0.959853	0.851037	0.38161	0.968948	1.14833	1.14305	0.428942	0.33459	1.87931	0.466167	1.11786	0.657543	0.896664	0.756178	1.06073	1.00124	0.404507	1.22104	0.637592	1.29174	0.614151
0.33378	2.39193	0.218417	2.18156	1.12719	2.12794	0.463739	1.59212	0.60982	0.979157	0.851271	0.384928	0.970915	1.15515	1.14379	0.436438	0.337791	1.86982	0.4681	1.1461	0.659076	0.898688	0.758004	1.07754	1.00194	0.411945	1.22213	0.639768	1.2928	0.626198
0.337885	2.41353	0.222142	2.18103	1.12356	2.12634	0.466455	1.58869	0.611508	0.998527	0.851422	0.38715	0.972894	1.16178	1.14454	0.444002	0.340977	1.86025	0.470082	1.1743	0.660612	0.900752	0.759859	1.09421	1.00265	0.419392	1.22322	0.641767	1.29388	0.638345
0.342024	2.43274	0.225866	2.18042	1.11993	2.12474	0.469166	1.58518	0.61323	1.01793	0.85164	0.39049	0.974883	1.16825	1.14531	0.45164	0.344145	1.85064	0.472111	1.20252	0.662153	0.902774	0.761741	1.11062	1.00337	0.426921	1.22432	0.643598	1.29498	0.650567
0.346194	2.44987	0.22959	2.17975	1.1163	2.12316	0.47187	1.58163	0.614985	1.03735	0.851879	0.393986	0.976884	1.17456	1.14609	0.459364	0.347298	1.84097	0.474189	1.23062	0.663696	0.9049	0.763652	1.12684	1.00411	0.434549	1.22542	0.64528	1.2961	0.662879
0.350392	2.46512	0.233312	2.17892	1.11268	2.12149	0.474568	1.57809	0.616774	1.05678	0.852208	0.398734	0.978895	1.18074	1.14688	0.467137	0.350434	1.83131	0.476315	1.25856	0.665243	0.907108	0.76559	1.14288	1.00486	0.442192	1.22652	0.646849	1.29724	0.675247
0.354614	2.47865	0.237032	2.17797	1.10906	2.11982	0.47726	1.57453	0.618595	1.07618	0.852629	0.404764	0.980656	1.18599	1.14768	0.475007	0.353553	1.82171	0.478488	1.28637	0.666794	0.909357	0.767556	1.15863	1.00562	0.449926	1.22763	0.648253	1.29841	0.687664
0.358858	2.49062	0.240751	2.17701	1.10544	2.11815	0.479946	1.57101	0.620449	1.09554	0.853148	0.412066	0.982164	1.19035	1.1485	0.482948	0.356656	1.81218	0.480709	1.31398	0.668349	0.911688	0.769548	1.17415	1.0064	0.457719	1.22874	0.649514	1.29959	0.70018
0.363121	2.50116	0.244468	2.17591	1.10182	2.11642	0.482626	1.56752	0.622337	1.11487	0.853767	0.420657	0.983415	1.19385	1.14933	0.490967	0.359743	1.80271	0.482976	1.34132	0.669908	0.914123	0.771566	1.18944	1.00708	0.464558	1.22985	0.650675	1.3008	0.712709
0.367401	2.51048	0.248183	2.17471	1.09821	2.11469	0.4853	1.5641	0.624257	1.13414	0.854494	0.430513	0.984406	1.19654	1.15018	0.499083	0.362813	1.79339	0.48529	1.36841	0.671472	0.916702	0.773611	1.20441	1.00767	0.470491	1.23096	0.651696	1.30203	0.725262
0.371696	2.51864	0.251896	2.17342	1.0946	2.11296	0.487968	1.56082	0.626211	1.1533	0.855238	0.440424	0.985136	1.19869	1.15104	0.507268	0.365868	1.78431	0.48765	1.39521	0.67304	0.919416	0.77568	1.21914	1.00817	0.475361	1.23208	0.652624	1.30328	0.737863
0.376004	2.52569	0.255607	2.17207	1.09099	2.11117	0.490631	1.55766	0.628197	1.17235	0.855998	0.450393	0.985605	1.19993	1.15191	0.515529	0.368908	1.77537	0.490056	1.42161	0.674612	0.922227	0.777775	1.23363	1.00857	0.479165	1.23319	0.653428	1.30455	0.750501
0.380323	2.53181	0.259315	2.17065	1.08739	2.10933	0.493289	1.55462	0.630215	1.19132	0.856776	0.460361	0.986278	1.20161	1.1528	0.52388	0.371932	1.76663	0.492506	1.44765	0.67619	0.925211	0.779894	1.24777	1.00886	0.482088	1.23431	0.654169	1.30584	0.763147
0.384652	2.53704	0.263021	2.16911	1.08379	2.1075	0.495941	1.55174	0.632266	1.21018	0.857571	0.470358	0.987012	1.20362	1.1537	0.53235	0.374942	1.7582	0.495	1.47327	0.677772	0.928375	0.782037	1.26165	1.00905	0.483958	1.23542	0.654846	1.30715	0.775814
0.388989	2.54142	0.266724	2.16747	1.08019	2.10565	0.498589	1.54906	0.634349	1.22887	0.858383	0.480433	0.988011	1.20622	1.15461	0.54087	0.377938	1.75006	0.497538	1.49846	0.679361	0.931659	0.784203	1.27528	1.00932	0.486629	1.23654	0.655395	1.30849	0.788456
0.393332	2.54503	0.270424	2.16578	1.07659	2.10373	0.501232	1.54661	0.636463	1.2474	0.859212	0.490547	0.989279	1.20946	1.15555	0.549491	0.38092	1.74221	0.500119	1.52316	0.680955	0.935127	0.786393	1.28856	1.00962	0.489524	1.23766	0.655937	1.30985	0.801051
0.397681	2.54795	0.274121	2.16404	1.073	2.10182	0.503872	1.54443	0.638609	1.26574	0.860058	0.500648	0.990815	1.21325	1.15649	0.558192	0.383888	1.73473	0.502741	1.54736	0.682555	0.93881	0.788604	1.30151	1.01003	0.493395	1.23878	0.656401	1.31123	0.813676
0.402035	2.55016	0.277816	2.16221	1.06941	2.09991	0.506508	1.54253	0.640786	1.28385	0.860922	0.510806	0.992624	1.21758	1.15745	0.566989	0.386845	1.72762	0.505404	1.57103	0.684161	0.942695	0.790838	1.31421	1.01055	0.49842	1.23991	0.656773	1.31263	0.826298
0.406392	2.55169	0.281507	2.16027	1.06583	2.09794	0.509141	1.54093	0.642994	1.30176	0.861803	0.521022	0.994708	1.22244	1.15843	0.575918	0.389789	1.72084	0.508107	1.59408	0.685775	0.946742	0.793093	1.3266	1.01118	0.504512	1.24103	0.657145	1.31405	0.838852
0.410751	2.55261	0.285195	2.15829	1.06225	2.09594	0.511771	1.53963	0.645233	1.31944	0.862701	0.531268	0.9968	1.22716	1.15929	0.583729	0.392723	1.71451	0.510849	1.61659	0.687395	0.950963	0.795369	1.33867	1.01194	0.511695	1.24215	0.657518	1.31549	0.851332
0.415111	2.55295	0.288879	2.15624	1.05867	2.09391	0.514399	1.53874	0.647501	1.33691	0.863618	0.54156	0.998899	1.23165	1.16004	0.590435	0.395646	1.70859	0.513628	1.63855	0.689023	0.955395	0.797666	1.35043	1.01282	0.520037	1.24327	0.65783	1.31696	0.863788
0.419471	2.55268	0.292559	2.1541	1.0551	2.09183	0.517027	1.53826	0.649799	1.3541	0.864551	0.551906	1.00101	1.23597	1.16066	0.596032	0.398559	1.70309	0.516445	1.65984	0.690658	0.960087	0.799982	1.36185	1.01372	0.528448	1.2444	0.658145	1.31844	0.876196
0.42383	2.55181	0.296236	2.15192	1.05153	2.08977	0.519654	1.53818	0.652126	1.37099	0.865503	0.562278	1.00312	1.24014	1.16115	0.600541	0.401463	1.69806	0.519298	1.68048	0.692302	0.965002	0.802317	1.37301	1.01462	0.536925	1.24552	0.658465	1.31995	0.888509
0.428187	2.55041	0.29991	2.14965	1.04796	2.08769	0.522281	1.53854	0.654482	1.38761	0.866472	0.572664	1.00524	1.24412	1.16152	0.603874	0.404359	1.69346	0.522185	1.70049	0.693954	0.970059	0.804672	1.38385	1.01555	0.545435	1.24665	0.658733	1.32148	0.900754
0.432541	2.54845	0.303579	2.14731	1.0444	2.08552	0.524909	1.53943	0.656866	1.40393	0.867459	0.58315	1.00737	1.24793	1.16176	0.605912	0.407247	1.68934	0.525106	1.71981	0.695615	0.975373	0.807044	1.39435	1.01649	0.554054	1.24763	0.659036	1.32303	0.912926
0.436891	2.54588	0.307244	2.14493	1.04084	2.08335	0.527539	1.54083	0.659277	1.41995	0.868464	0.593685	1.0095	1.25157	1.1621	0.608913	0.410129	1.68567	0.528059	1.73847	0.697286	0.98094	0.809434	1.40455	1.01744	0.562758	1.24846	0.659242	1.3246	0.925013
0.441237	2.54278	0.310905	2.1425	1.03728	2.08117	0.530172	1.54274	0.661716	1.43564	0.869486	0.604214	1.01165	1.25503	1.16247	0.612278	0.413005	1.6825	0.531044	1.7565	0.698966	0.986725	0.811841	1.41441	1.01841	0.571474	1.24915	0.659441	1.32619	0.936992
0.445577	2.53909	0.314562	2.13996	1.03373	2.07893	0.532808	1.54528	0.664181	1.45097	0.870527	0.614833	1.01379	1.25834	1.16298	0.616829	0.415876	1.67981	0.534059	1.77381	0.700656	0.992744	0.814265	1.42399	1.01939	0.58032	1.2497	0.659638	1.3278	0.948881
0.44991	2.5348	0.318215	2.13739	1.03018	2.07666	0.53545	1.54846	0.666672	1.46598	0.871587	0.625497	1.01594	1.26145	1.16363	0.622622	0.418742	1.67759	0.537103	1.79042	0.702357	0.998972	0.816705	1.4333	1.02039	0.589262	1.2501	0.659796	1.32943	0.960649
0.454235	2.5299	0.321863	2.13477	1.02663	2.07441	0.538097	1.55228	0.669188	1.48066	0.872664	0.636183	1.0181	1.26436	1.16443	0.629643	0.421606	1.67583	0.540174	1.80637	0.704068	1.00543	0.819161	1.44228	1.02141	0.598221	1.25036	0.659864	1.33108	0.9723
0.458551	2.52438	0.325506	2.13207	1.02309	2.07207	0.540752	1.55679	0.671729	1.49499	0.87376	0.646974	1.02026	1.26715	1.16537	0.637984	0.424466	1.67452	0.543273	1.82162	0.705791	1.01212	0.821632	1.45095	1.02244	0.60725	1.25073	0.66003	1.33253	0.982348
0.462857	2.51825	0.329145	2.12933	1.01956	2.0697	0.543415	1.56205	0.674295	1.50891	0.874874	0.657816	1.02243	1.26975	1.16647	0.647627	0.427325	1.67368	0.546397	1.83621	0.707525	1.01909	0.824117	1.45931	1.02348	0.616407	1.25113	0.660208	1.33378	0.990871
0.467152	2.51144	0.332779	2.12653	1.01602	2.06737	0.546087	1.56805	0.676883	1.52246	0.876006	0.668685	1.0246	1.27217	1.16758	0.65737	0.430183	1.67329	0.549545	1.85009	0.709272	1.02629	0.826616	1.46736	1.02454	0.625628	1.25168	0.660293	1.33483	0.997887
0.471435	2.50395	0.336409	2.12371	1.01249	2.06493	0.548771	1.57489	0.679495	1.5357	0.877158	0.679598	1.02677	1.27443	1.16871	0.667193	0.433041	1.67337	0.552716	1.86326	0.711031	1.0337	0.829129	1.47513	1.02562	0.634912	1.25238	0.660572	1.33566	1.00336
0.475705	2.49572	0.340033	2.12078	1.00897	2.06248	0.551466	1.58262	0.682129	1.54848	0.878328	0.690594	1.02895	1.27649	1.16986	0.67715	0.435899	1.67388	0.555909	1.87578	0.712803	1.04136	0.831655	1.48264	1.02671	0.64429	1.25321	0.660943	1.33627	1.00722
0.47996	2.48674	0.343652	2.11783	1.00545	2.06003	0.554176	1.59118	0.684784	1.56091	0.879517	0.701663	1.03113	1.27835	1.17102	0.687235	0.438758	1.67478	0.559123	1.88765	0.714588	1.04925	0.834193	1.48983	1.02782	0.653714	1.2542	0.661381	1.33666	1.00979
0.484199	2.47699	0.347267	2.11487	0.998423	2.05492	0.556901	1.60066	0.68746	1.57297	0.880724	0.712769	1.03332	1.28009	1.17221	0.697385	0.441619	1.67613	0.562356	1.89881	0.716386	1.0574	0.836743	1.49673	1.02894	0.663254	1.25533	0.661922	1.33723	1.01356
0.48842	2.46642	0.350876	2.11185	0.994915	2.05237	0.559644	1.61116	0.690157	1.5846	0.881951	0.723955	1.03551	1.28167	1.17341	0.707597	0.444483	1.67789	0.565608	1.90934	0.718199	1.06584	0.839305	1.50337	1.03008	0.672883	1.25646	0.662532	1.33785	1.01751
0.492623	2.45504	0.35448	2.10875	0.991412	2.0498	0.562405	1.62266	0.692873	1.59587	0.883197	0.735181	1.0377	1.28302	1.17462	0.717965	0.44735	1.68	0.568878	1.91925	0.720027	1.07446	0.841878	1.50969	1.03124	0.682557	1.25759	0.663209	1.3387	1.02294
0.496806	2.44276	0.358079	2.10566	0.987914	2.04713	0.565186	1.63519	0.695608	1.60673	0.884462	0.746489	1.03989	1.28422	1.17586	0.728441	0.450221	1.68249	0.572164	1.92851	0.721869	1.08334	0.844462	1.51577	1.03241	0.692315	1.25872	0.663919	1.33977	1.02963
0.500967	2.42956	0.361672	2.1025	0.98442	2.04445	0.56799	1.64882	0.698361	1.61721	0.885747	0.757868	1.04208	1.28528	1.17711	0.738972	0.453097	1.68534	0.575465	1.9371	0.723727	1.09249	0.847056	1.52156	1.03361	0.702147	1.25986	0.664707	1.34109	1.03769
0.505104	2.41544	0.36526	2.09932	0.980931	2.04174	0.570818	1.66356	0.701131	1.6273	0.887051	0.769284	1.04428	1.28615	1.17838	0.749623	0.455978	1.68856	0.57878	1.94508	0.725601	1.10186	0.849659	1.52708	1.03481	0.712076	1.26099	0.665597	1.34264	1.04708
0.509217	2.40033	0.368843	2.09611	0.977446	2.039	0.573672	1.67941	0.703919	1.637	0.888374	0.780811	1.04648	1.28687	1.17967	0.760396	0.458865	1.69209	0.582109	1.95247	0.727491	1.1115	0.852272	1.53232	1.03604	0.722117	1.26213	0.666536	1.34443	1.05768
0.513303	2.38427	0.37242	2.09284	0.973966	2.03623	0.576554	1.6964	0.706723	1.6463	0.889718	0.792393	1.04867	1.28741	1.18098	0.77126	0.461757	1.69593	0.585449	1.95923	0.729397	1.12137	0.854893	1.53729	1.03728	0.732213	1.26327	0.667563	1.34625	1.06815
0.517361	2.36723	0.375991	2.08956	0.970491	2.03343	0.579466	1.71459	0.709542	1.65522	0.891081	0.804033	1.05087	1.28778	1.18231	0.782202	0.464657	1.70007	0.588801	1.9654	0.731321	1.1315	0.857523	1.54207	1.03854	0.742399	1.26441	0.668696	1.34808	1.07846
0.521389	2.34915	0.379557	2.08628	0.967021	2.03054	0.582411	1.73399	0.712377	1.66377	0.892464	0.815734	1.05307	1.28799	1.18365	0.793243	0.467564	1.7045	0.592162	1.97102	0.733262	1.14189	0.86016	1.54653	1.03982	0.752661	1.26555	0.66985	1.34993	1.08863
0.525385	2.33005	0.383117	2.08297	0.963556	2.02767	0.585389	1.75452	0.715225	1.67191	0.893867	0.827527	1.05527	1.28806	1.18502	0.804397	0.470479	1.70922	0.595533	1.97603	0.735221	1.15253	0.862805	1.55074	1.04111	0.76296	1.2667	0.671139	1.3518	1.09867
0.529347	2.30997	0.386672	2.07962	0.960095	2.02479	0.588403	1.77617	0.718087	1.67966	0.895291	0.839397	1.05747	1.28798	1.1864	0.815638	0.473402	1.71418	0.598912	1.98045	0.737199	1.16342	0.865457	1.5547	1.04242	0.773402	1.26785	0.672527	1.35369	1.10851
0.533275	2.28898	0.390221	2.07627	0.95664	2.0218	0.591456	1.79892	0.720962	1.6871	0.896734	0.851336	1.05967	1.28772	1.1878	0.826954	0.476334	1.71935	0.602298	1.98436	0.739195	1.17453	0.868115	1.55842	1.04375	0.783916	1.269	0.673963	1.35559	1.11817
0.537166	2.26703	0.393764	2.07289	0.953189	2.0188	0.594548	1.82273	0.72385	1.69413	0.898199	0.863372	1.06187	1.28734	1.18922	0.838337	0.479275	1.72475	0.60569	1.98771	0.741211	1.18591	0.87078	1.56195	1.0451	0.794496	1.27015	0.675486	1.3575	1.12771
0.541018	2.24423	0.397301	2.06953	0.949744	2.01577	0.597682	1.84754	0.726749	1.70077	0.899683	0.875426	1.06407	1.28681	1.19067	0.849847	0.482225	1.7304	0.609087	1.99053	0.743246	1.19753	0.87345	1.5652	1.04646	0.805203	1.2713	0.677114	1.35944	1.13709
0.544831	2.2207	0.400832	2.06615	0.946304	2.01273	0.600858	1.87326	0.729659	1.70706	0.901189	0.887611	1.06627	1.28615	1.19213	0.861421	0.485186	1.73622	0.612489	1.99281	0.745301	1.20938	0.876126	1.56818	1.04785	0.815942	1.27246	0.678857	1.36139	1.14629
0.548603	2.19646	0.404358	2.06272	0.942869	2.00964	0.60408	1.89974	0.73258	1.71303	0.902715	0.899863	1.06846	1.28532	1.19361	0.873058	0.488156	1.74219	0.615894	1.99454	0.747377	1.22153	0.878807	1.57095	1.04925	0.826758	1.27362	0.680657	1.36335	1.15532
0.552334	2.17165	0.407878	2.05934	0.93944	2.00648	0.607347	1.92687	0.73551	1.71864	0.904262	0.912149	1.07066	1.28435	1.19511	0.884788	0.491136	1.74837	0.619301	1.9958	0.749473	1.23392	0.881492	1.5735	1.05067	0.837676	1.27479	0.682578	1.36533	1.1642
0.556021	2.14637	0.411392	2.05594	0.936016	2.00333	0.610661	1.95458	0.73845	1.72386	0.905831	0.924574	1.07285	1.2833	1.19663	0.896595	0.494128	1.75471	0.622711	1.99656	0.751591	1.24652	0.884181	1.57587	1.05211	0.848675	1.27595	0.684591	1.36733	1.17291
0.559665	2.1208	0.4149	2.05254	0.932597	2.00011	0.614023	1.98268	0.741398	1.72876	0.90742	0.937039	1.07504	1.28213	1.19817	0.908472	0.49713	1.76116	0.626121	1.99681	0.753731	1.25938	0.886874	1.57798	1.05357	0.859776	1.27712	0.68668	1.36934	1.18148
0.563265	2.09507	0.418403	2.04917	0.929184	1.99684	0.617434	2.01099	0.744355	1.73337	0.909031	0.949585	1.07723	1.2808	1.19973	0.920353	0.500143	1.76772	0.629531	1.9966	0.755893	1.2725	0.889571	1.57987	1.05505	0.870929	1.2783	0.688871	1.37137	1.18988
0.566821	2.06933	0.4219	2.04582	0.925777	1.99358	0.620892	2.03935	0.747319	1.73763	0.910664	0.962234	1.07941	1.27936	1.20131	0.932329	0.503168	1.77441	0.632941	1.9959	0.758077	1.28583	0.892271	1.58155	1.05655	0.882138	1.27948	0.691142	1.37341	1.1981
0.570333	2.04377	0.425391	2.04247	0.922375	1.99026	0.624399	2.06768	0.75029	1.74153	0.912318	0.974903	1.0816	1.27781	1.20292	0.944415	0.506204	1.78122	0.636349	1.99472	0.760285	1.2994	0.894973	1.58305	1.05806	0.893438	1.28066	0.693515	1.37546	1.20617
0.573802	2.01849	0.428876	2.03912	0.918979	1.98692	0.627955	2.09574	0.753267	1.74517	0.913994	0.987707	1.08378	1.27617	1.20454	0.956492	0.509252	1.78813	0.639754	1.99314	0.762516	1.31321	0.897678	1.58435	1.0596	0.904813	1.28185	0.695971	1.37753	1.21405
0.577227	1.99369	0.432356	2.03581	0.915588	1.98352	0.631558	2.12336	0.756251	1.74852	0.915692	1.00058	1.08596	1.27448	1.20618	0.968567	0.512311	1.79511	0.643156	1.99111	0.76477	1.32724	0.900385	1.58544	1.06115	0.916289	1.28304	0.69853	1.37961	1.22179
0.580611	1.96949	0.43583	2.03251	0.912204	1.98007	0.635207	2.15044	0.75924	1.75152	0.917411	1.01348	1.08813	1.27267	1.20785	0.980732	0.515383	1.80216	0.646555	1.98861	0.767049	1.34149	0.903093	1.58632	1.06273	0.927814	1.28423	0.701202	1.3817	1.22938
0.583955	1.94597	0.439298	2.02922	0.908825	1.97662	0.638903	2.17683	0.762233	1.75426	0.919153	1.02649	1.0903	1.27075	1.20953	0.992943	0.518467	1.80924	0.649949	1.98572	0.769352	1.35598	0.905803	1.58704	1.06432	0.939396	1.28543	0.703962	1.3838	1.23679
0.587258	1.92332	0.442761	2.026	0.905452	1.97312	0.642643	2.20244	0.765231	1.75671	0.920917	1.03956	1.09247	1.26877	1.21124	1.00515	0.521563	1.81634	0.653337	1.98242	0.771681	1.37066	0.908514	1.58759	1.06594	0.951067	1.28664	0.706765	1.38592	1.24409
0.590524	1.90165	0.446218	2.02281	0.902085	1.9696	0.646426	2.22718	0.768234	1.75886	0.922704	1.05269	1.09464	1.26672	1.21297	1.01738	0.524671	1.82351	0.65672	1.97876	0.774034	1.38555	0.911226	1.58792	1.06757	0.962783	1.28785	0.709684	1.38805	1.25117
0.593754	1.88098	0.44967	2.01963	0.898725	1.96602	0.65025	2.25095	0.771239	1.76081	0.924513	1.06591	1.0968	1.26462	1.21472	1.02962	0.527791	1.83075	0.660096	1.97466	0.776413	1.40064	0.913938	1.58812	1.06923	0.974584	1.28906	0.712721	1.3902	1.25809
0.596949	1.86133	0.453116	2.0165	0.89537	1.96239	0.654114	2.27363	0.774248	1.76249	0.926345	1.0792	1.09896	1.26248	1.21648	1.04187	0.530924	1.83796	0.663465	1.9702	0.778818	1.41586	0.91665	1.58816	1.0709	0.986427	1.29028	0.715788	1.39235	1.26489
0.600111	1.84286	0.456558	2.01342	0.892022	1.95873	0.658016	2.29525	0.777259	1.76386	0.928199	1.09256	1.10111	1.2603	1.21827	1.05409	0.534069	1.84515	0.666826	1.96544	0.781249	1.4313	0.919362	1.58799	1.07259	0.998322	1.29151	0.718992	1.39452	1.27151
0.603243	1.82556	0.459993	2.01039	0.88868	1.95505	0.661954	2.31578	0.780273	1.76504	0.930077	1.10596	1.10326	1.25806	1.22008	1.06633	0.537227	1.8524	0.670178	1.9603	0.783707	1.44694	0.922074	1.58769	1.07431	1.0103	1.29274	0.722266	1.39669	1.27797
0.606347	1.80935	0.463424	2.00736	0.885344	1.95135	0.665926	2.33517	0.783288	1.76603	0.931977	1.11941	1.10541	1.25577	1.22192	1.07855	0.540396	1.85962	0.673521	1.95479	0.786192	1.46269	0.924785	1.58723	1.07605	1.0223	1.29397	0.725605	1.39888	1.2843
0.609423	1.79431	0.46685	2.00439	0.882015	1.94759	0.66993	2.35344	0.786305	1.76677	0.9339	1.13294	1.10755	1.25348	1.22377	1.09072	0.543578	1.86679	0.676855	1.94903	0.788703	1.47858	0.927496	1.58663	1.0778	1.03433	1.29522	0.72907	1.40108	1.28742
0.612475	1.78048	0.470271	2.00151	0.878692	1.94379	0.673964	2.37059	0.789323	1.7673	0.935847	1.14652	1.10969	1.25122	1.22564	1.10287	0.546773	1.87396	0.680179	1.943	0.791242	1.4946	0.930205	1.58593	1.07958	1.04645	1.29646	0.732597		
0.615505	1.76772	0.473686	1.99868	0.875375	1.93997	0.678027	2.38666	0.792341	1.76766	0.937816	1.16011	1.11182	1.24891	1.22754	1.11499	0.549979	1.88111	0.683491	1.93664	0.793808	1.51075	0.932912	1.58508	1.08138	1.0586	1.29772	0.736218		
0.618513	1.75604	0.477097	1.99587	0.872066	1.93609	0.682116	2.40169	0.79536	1.7678	0.939809	1.17378	1.11396	1.24658	1.22945	1.12708	0.553198	1.88821	0.686793	1.93002	0.796402	1.527	0.935619	1.5841	1.08319	1.07078	1.29898	0.739916		
0.621503	1.74544	0.480504	1.99314	0.868762	1.93219	0.68623	2.41564	0.798379	1.76778	0.941825	1.18749	1.11608	1.2443	1.23139	1.13907	0.556429	1.89529	0.690084	1.92318	0.799024	1.54329	0.938323	1.58302	1.08503	1.08296	1.30024	0.743684		
0.624475	1.73583	0.483905	1.99047	0.865466	1.92828	0.690367	2.42859	0.801398	1.76762	0.943865	1.20121	1.11821	1.24202	1.23334	1.151	0.559671	1.90229	0.693362	1.91615	0.801673	1.55967	0.941026	1.58183	1.08689	1.09518	1.30152	0.747549		
0.627432	1.72719	0.487302	1.98784	0.862176	1.92429	0.694526	2.44057	0.804417	1.76732	0.945928	1.21497	1.12032	1.23976	1.23532	1.16288	0.562926	1.9092	0.696629	1.90885	0.804351	1.57609	0.943726	1.58052	1.08877	1.10745	1.3028	0.751493		
0.630375	1.71947	0.490695	1.98528	0.858893	1.92029	0.698703	2.45164	0.807435	1.76689	0.948015	1.22876	1.12244	1.23758	1.23731	1.17467	0.566193	1.91609	0.699882	1.90143	0.807057	1.59254	0.946424	1.5791	1.09068	1.11971	1.30408	0.755508		
0.633305	1.7126	0.494083	1.9828	0.855617	1.9163	0.702899	2.46185	0.810452	1.76631	0.950125	1.24258	1.12455	1.23544	1.23933	1.18642	0.569471	1.92294	0.703123	1.89385	0.809791	1.60902	0.94912	1.57761	1.0926	1.13197	1.30538	0.75962		
0.636224	1.70654	0.497468	1.98035	0.852348	1.91222	0.707112	2.47119	0.813468	1.76564	0.952259	1.2564	1.12666	1.23331	1.24137	1.19801	0.572761	1.92971	0.706351	1.88609	0.812553	1.62547	0.951813	1.57609	1.09454	1.14426	1.30668	0.763781		
0.639134	1.70131	0.500848	1.97798	0.849086	1.90809	0.71134	2.4797	0.816483	1.76491	0.954417	1.27021	1.12876	1.23126	1.24342	1.20951	0.576062	1.93637	0.709565	1.87822	0.815343	1.64186	0.954503	1.57444	1.09651	1.15653	1.30799	0.768028		
0.642035	1.69675	0.504224	1.97571	0.84583	1.90398	0.715582	2.48745	0.819496	1.76408	0.956598	1.28404	1.13087	1.22928	1.2455	1.22095	0.579375	1.94298	0.712766	1.87027	0.818161	1.65826	0.957191	1.57274	1.09849	1.1688	1.3093	0.772349		
0.644929	1.69289	0.507596	1.97346	0.842582	1.89985	0.719836	2.49452	0.822508	1.76317	0.958803	1.29787	1.13296	1.22736	1.24759	1.23221	0.582699	1.94951	0.715954	1.8623	0.821007	1.67457	0.959875	1.571	1.1005	1.18109	1.31063	0.776768		
0.647818	1.68969	0.510964	1.97128	0.839341	1.89566	0.724102	2.50083	0.825519	1.76225	0.961031	1.31165	1.13506	1.22553	1.24971	1.24338	0.586034	1.9559	0.719127	1.85422	0.82388	1.69074	0.962557	1.5692	1.10253	1.19333	1.31196	0.781269		
0.650701	1.687	0.514329	1.96921	0.836107	1.89143	0.728378	2.50647	0.828528	1.76132	0.963283	1.32541	1.13715	1.22381	1.25184	1.25445	0.589379	1.96225	0.722287	1.84607	0.826782	1.70681	0.965235	1.5674	1.10458	1.20552	1.31329	0.785809		
0.65358	1.68492	0.51769	1.96718	0.832881	1.88719	0.732664	2.51151	0.831535	1.76037	0.965558	1.33916	1.13924	1.22218	1.25399	1.26533	0.592736	1.96855	0.725433	1.83797	0.82971	1.72277	0.96791	1.56551	1.10664	1.21771	1.31464	0.790432		
0.656456	1.68338	0.521048	1.9652	0.829661	1.88291	0.736957	2.51593	0.83454	1.75939	0.967857	1.35291	1.14132	1.22062	1.25616	1.2761	0.596103	1.9747	0.728565	1.8299	0.832666	1.73855	0.970582	1.56364	1.10873	1.22984	1.31599	0.795126		
0.65933	1.6823	0.524403	1.96329	0.826449	1.87861	0.741257	2.51971	0.837544	1.75847	0.970179	1.36656	1.14341	1.21916	1.25835	1.28671	0.599481	1.98072	0.731683	1.82181	0.835649	1.75414	0.973251	1.56177	1.11085	1.24194	1.31736	0.799918		
0.662202	1.68167	0.527754	1.96146	0.823245	1.8743	0.745563	2.52293	0.840547	1.75764	0.972525	1.38016	1.14549	1.21784	1.26056	1.29719	0.602869	1.9867	0.734788	1.8138	0.838658	1.76959	0.975917	1.55988	1.11298	1.25403	1.31873	0.804791		
0.665074	1.68148	0.531102	1.95971	0.820047	1.86995	0.749875	2.52563	0.843548	1.75685	0.974893	1.39371	1.14757	1.21668	1.26278	1.3075	0.606267	1.9926	0.737878	1.80587	0.841693	1.78477	0.978579	1.558	1.11513	1.26598	1.3201	0.809703		
0.667945	1.68163	0.534448	1.95803	0.816858	1.86558	0.75419	2.52778	0.846547	1.75615	0.977285	1.40717	1.14964	1.21561	1.26502	1.31761	0.609675	1.99836	0.740956	1.798	0.844754	1.79969	0.981238	1.55614	1.1173	1.2779	1.32149	0.814697		
0.670818	1.68214	0.53779	1.95642	0.813675	1.86117	0.758509	2.52938	0.849546	1.75555	0.9797	1.42059	1.15172	1.21464	1.26728	1.32759	0.613092	2.004	0.74402	1.79029	0.84784	1.8144	0.983894	1.55431	1.11949	1.28977	1.32289	0.819763		
0.673691	1.68305	0.54113	1.95484	0.8105	1.85674	0.762829	2.53046	0.852544	1.75507	0.982137	1.43392	1.15379	1.21385	1.26956	1.3374	0.61652	2.00958	0.747071	1.78269	0.850951	1.82881	0.986547	1.55249	1.12171	1.30153	1.32429	0.824895		
0.676566	1.68421	0.544468	1.95334	0.807333	1.85234	0.767152	2.53106	0.855541	1.75479	0.984597	1.44711	1.15587	1.21317	1.27185	1.34701	0.619956	2.01505	0.750109	1.77521	0.854087	1.84294	0.989197	1.55075	1.12394	1.31323	1.32571	0.830124		
0.679444	1.68566	0.547802	1.95191	0.804174	1.84788	0.771475	2.53118	0.858538	1.75469	0.98708	1.46021	1.15794	1.21265	1.27416	1.35646	0.623402	2.02043	0.753134	1.76791	0.857246	1.85676	0.991844	1.54908	1.12619	1.32483	1.32713	0.835399		
0.682324	1.6874	0.551135	1.95054	0.801022	1.84341	0.775797	2.53074	0.861534	1.75476	0.989585	1.47323	1.16001	1.21229	1.27648	1.36574	0.626857	2.02568	0.756147	1.76079	0.860429	1.87023	0.994488	1.54746	1.12846	1.3363	1.32856	0.840761		
0.685207	1.68936	0.554465	1.94924	0.797877	1.83893	0.780119	2.52984	0.864531	1.7551	0.992112	1.48608	1.16208	1.21206	1.27882	1.3748	0.630321	2.03081	0.759149	1.75386	0.863634	1.88337	0.99713	1.54592	1.13076	1.34766	1.33	0.846165		
0.688094	1.69158	0.557792	1.948	0.79474	1.83442	0.784438	2.52846	0.867529	1.75571	0.994661	1.49879	1.16415	1.212	1.28118	1.38367	0.633794	2.03586	0.762138	1.74708	0.866861	1.89619	0.999768	1.54443	1.13307	1.35895	1.33145	0.851653		
0.690985	1.69401	0.561118	1.94682	0.791611	1.82992	0.788755	2.52654	0.870528	1.75657	0.997231	1.5114	1.16622	1.21209	1.28355	1.39237	0.637275	2.04082	0.765116	1.74053	0.870111	1.90864	1.0024	1.54307	1.1354	1.37013	1.33291	0.857244		
0.69388	1.6966	0.564442	1.94571	0.78849	1.82539	0.793068	2.52412	0.873529	1.75774	0.999823	1.52383	1.16829	1.21236	1.28593	1.40087	0.640765	2.04569	0.768083	1.73423	0.873381	1.92068	1.00504	1.5418	1.13775	1.38114	1.33438	0.862857		
0.69678	1.6994	0.567764	1.94463	0.785376	1.82084	0.797377	2.52121	0.876532	1.75929	1.00244	1.53611	1.17036	1.2128	1.28833	1.40914	0.644262	2.05041	0.771039	1.72817	0.876671	1.93237	1.00767	1.54064	1.14012	1.392	1.33586	0.868541		
0.699685	1.70239	0.571084	1.94362	0.782271	1.81631	0.80168	2.51777	0.879538	1.76117	1.00507	1.54826	1.17243	1.21336	1.29075	1.41721	0.647768	2.05503	0.773986	1.72229	0.879981	1.94366	1.0103	1.53962	1.1425	1.40275	1.33734	0.874324		
0.702595	1.70552	0.574403	1.94268	0.779173	1.81179	0.805976	2.51376	0.882548	1.76348	1.00772	1.56018	1.1745	1.2141	1.29317	1.42511	0.651282	2.05957	0.776922	1.71665	0.88331	1.95453	1.01293	1.53872	1.14491	1.41336	1.33884	0.880186		
0.70551	1.70878	0.57772	1.94178	0.776082	1.80726	0.810266	2.50922	0.885561	1.76627	1.0104	1.57193	1.17658	1.21507	1.29561	1.43278	0.654803	2.06404	0.779849	1.7113	0.886657	1.96498	1.01556	1.53795	1.14733	1.42383	1.34035	0.886089		
0.708432	1.71218	0.581035	1.94096	0.773	1.80272	0.814547	2.50416	0.88858	1.7695	1.01309	1.5835	1.17865	1.2162	1.29807	1.44026	0.658332	2.06838	0.782767	1.70615	0.890022	1.97504	1.01818	1.53735	1.14977	1.43411	1.34187	0.892073		
0.711359	1.71568	0.584349	1.94015	0.769925	1.79815	0.818819	2.49848	0.891605	1.77318	1.01581	1.59489	1.18073	1.21747	1.30053	1.44756	0.661868	2.07262	0.785677	1.70128	0.893403	1.98471	1.02081	1.5369	1.15223	1.4442	1.3434	0.898129		
0.714292	1.71931	0.587662	1.9394	0.766858	1.79366	0.823081	2.49217	0.894637	1.77744	1.01854	1.60606	1.18281	1.21892	1.30301	1.45459	0.665411	2.07675	0.788578	1.69668	0.896801	1.99391	1.02343	1.53664	1.1547	1.45417	1.34494	0.904221		
0.717231	1.72308	0.590974	1.93872	0.763798	1.78914	0.827332	2.4853	0.897676	1.78229	1.02129	1.61697	1.18489	1.22053	1.3055	1.46144	0.668961	2.0808	0.791472	1.69231	0.900214	2.00265	1.02606	1.53651	1.15719	1.46398	1.34649	0.910425		
0.720177	1.72688	0.594284	1.93806	0.760747	1.78461	0.83157	2.47775	0.900725	1.78775	1.02406	1.62771	1.18698	1.22237	1.308	1.46812	0.672518	2.08478	0.794359	1.6882	0.903641	2.01102	1.02868	1.53657	1.1597	1.47359	1.34805	0.916683		
0.72313	1.7308	0.597594	1.93746	0.757703	1.78014	0.835795	2.46955	0.903783	1.79382	1.02685	1.63826	1.18907	1.2244	1.31052	1.47455	0.676082	2.08865	0.797238	1.68435	0.907082	2.01895	1.03131	1.53685	1.16223	1.48301	1.34962	0.923		
0.726089	1.73479	0.600902	1.93691	0.754666	1.77565	0.840005	2.46068	0.906852	1.80054	1.02966	1.64851	1.19116	1.22656	1.31304	1.4808	0.679653	2.09241	0.800112	1.68073	0.910537	2.02641	1.03393	1.5373	1.16477	1.49224	1.3512	0.929439		
0.729055	1.73887	0.604209	1.93642	0.751638	1.77119	0.8442	2.45108	0.909933	1.80798	1.03248	1.65856	1.19326	1.2289	1.31557	1.48684	0.683229	2.09609	0.802979	1.67737	0.914004	2.03342	1.03656	1.53795	1.16732	1.50127	1.35279	0.935878		
0.732028	1.74301	0.607516	1.93593	0.748617	1.76679	0.848377	2.44077	0.913027	1.81619	1.03533	1.66838	1.19536	1.23144	1.31812	1.49264	0.686812	2.09969	0.805841	1.67426	0.917482	2.04002	1.03918	1.53884	1.1699	1.51013	1.35439	0.942409		
0.735009	1.74718	0.610822	1.93549	0.745603	1.76239	0.852536	2.42967	0.916136	1.82519	1.03818	1.67793	1.19746	1.23416	1.32067	1.49826	0.690401	2.1032	0.808698	1.67141	0.920972	2.0462	1.04181	1.53993	1.17248	1.51876	1.35601	0.949048		
0.737996	1.75144	0.614127	1.93512	0.742597	1.75804	0.856676	2.41784	0.919261	1.83495	1.04106	1.68723	1.19958	1.23707	1.32324	1.50365	0.693996	2.10665	0.81155	1.66878	0.924472	2.05192	1.04444	1.54128	1.17508	1.52723	1.35764	0.955679		
0.740991	1.75573	0.617431	1.93478	0.739598	1.75373	0.860795	2.40521	0.922404	1.84552	1.04395	1.6963	1.20169	1.24014	1.32581	1.50887	0.697597	2.10999	0.814398	1.66641	0.927981	2.05719	1.04708	1.54286	1.1777	1.53548	1.35927	0.96243		
0.743993	1.76005	0.620735	1.93446	0.736607	1.74946	0.864891	2.39177	0.925565	1.85694	1.04685	1.70511	1.20381	1.2434	1.32839	1.5139	0.701203	2.1132	0.817242	1.66427	0.931498	2.062	1.04971	1.54463	1.18033	1.54351	1.36092	0.969272		
0.747003	1.76443	0.624039	1.93414	0.733623	1.74524	0.868964	2.37753	0.928747	1.86921	1.04977	1.7136	1.20594	1.24686	1.33098	1.51868	0.704814	2.11639	0.820082	1.66233	0.935024	2.06641	1.05235	1.5467	1.18297	1.55133	1.36258	0.97616		
0.75002	1.76882	0.627342	1.93389	0.730646	1.74107	0.873012	2.36246	0.93195	1.88237	1.0527	1.7219	1.20807	1.25048	1.33358	1.52326	0.708432	2.1195	0.82292	1.66065	0.938556	2.07041	1.055	1.549	1.18563	1.55893	1.36426	0.983132		
0.753044	1.77328	0.630644	1.93367	0.727676	1.73695	0.877034	2.34657	0.935176	1.89638	1.05565	1.72992	1.21021	1.2543	1.33618	1.52766	0.712054	2.12251	0.825755	1.65915	0.942095	2.07393	1.05764	1.55157	1.1883	1.56634	1.36594	0.990146		
0.756077	1.77776	0.633947	1.9335	0.724713	1.73292	0.881027	2.32986	0.938427	1.91124	1.05861	1.73764	1.21235	1.25828	1.33879	1.5319	0.715681	2.12547	0.828587	1.65788	0.94564	2.07702	1.0603	1.55441	1.19098	1.57355	1.36764	0.997213		
0.759116	1.7822	0.637249	1.93335	0.721757	1.729	0.884992	2.31238	0.941704	1.927	1.06159	1.74512	1.21451	1.26244	1.34141	1.53591	0.719314	2.12834	0.831417	1.65685	0.94919	2.07971	1.06295	1.55747	1.19367	1.5805	1.36935	1.0044		
0.762164	1.78671	0.64055	1.93319	0.718807	1.72511	0.888925	2.2941	0.945009	1.94355	1.06457	1.75233	1.21667	1.26681	1.34404	1.53971	0.722951	2.13114	0.834246	1.65595	0.952744	2.08195	1.06562	1.56085	1.19638	1.58725	1.37107	1.01167		
0.765219	1.79123	0.643852	1.93307	0.715864	1.72131	0.892827	2.27512	0.948343	1.96086	1.06757	1.75925	1.21883	1.27132	1.34667	1.54334	0.726593	2.13384	0.837074	1.65529	0.956301	2.08376	1.06828	1.56453	1.19909	1.59378	1.3728	1.01896		
0.768282	1.79574	0.647153	1.93301	0.712928	1.7176	0.896696	2.25545	0.951707	1.97895	1.07058	1.76589	1.22101	1.27601	1.34931	1.54677	0.730239	2.13649	0.8399	1.65484	0.959861	2.08515	1.07096	1.56844	1.20182	1.60008	1.37455	1.02632		
0.771353	1.80029	0.650454	1.93295	0.709998	1.71403	0.900531	2.23512	0.955102	1.99775	1.0736	1.77231	1.22319	1.2809	1.35196	1.55003	0.733891	2.13911	0.842726	1.65452	0.963423	2.08613	1.07364	1.57265	1.20456	1.60621	1.37631	1.03378		
0.774431	1.8048	0.653755	1.93289	0.707073	1.71059	0.904331	2.21425	0.95853	2.01714	1.07664	1.77843	1.22538	1.28594	1.35461	1.55308	0.737546	2.14163	0.845551	1.65439	0.966987	2.08668	1.07633	1.57717	1.20731	1.61208	1.37808	1.04131		
0.777517	1.80934	0.657056	1.93289	0.704155	1.70724	0.908094	2.19286	0.961992	2.03706	1.07968	1.78424	1.22758	1.29119	1.35726	1.55594	0.741206	2.14407	0.848377	1.65445	0.970551	2.08683	1.07903	1.58194	1.21006	1.61771	1.37987	1.04889		
0.780611	1.8139	0.660357	1.93289	0.701242	1.70402	0.911821	2.17108	0.965488	2.05747	1.08273	1.78981	1.22979	1.2966	1.35992	1.55864	0.744869	2.14646	0.851202	1.65469	0.974115	2.08656	1.08173	1.58705	1.21283	1.62316	1.38166	1.05654		
0.783713	1.81844	0.663658	1.93293	0.698334	1.70097	0.91551	2.14899	0.96902	2.07823	1.08579	1.79513	1.23201	1.30212	1.36259	1.56116	0.748537	2.14883	0.854029	1.65507	0.977678	2.08588	1.08445	1.59245	1.21561	1.62836	1.38348	1.0643		
0.786823	1.82297	0.66696	1.93297	0.695432	1.6981	0.919161	2.12664	0.972587	2.09923	1.08886	1.80015	1.23424	1.30785	1.36525	1.56351	0.752209	2.1511	0.856856	1.65559	0.981239	2.08479	1.08717	1.59812	1.21839	1.63337	1.3853	1.07208		
0.78994	1.82749	0.670261	1.93303	0.692534	1.69538	0.922774	2.10424	0.97619	2.12044	1.09194	1.80491	1.23648	1.31381	1.36793	1.56567	0.755885	2.15329	0.859684	1.65626	0.984798	2.08328	1.08991	1.60411	1.22119	1.63817	1.38714	1.07993		
0.793065	1.83201	0.673562	1.93312	0.689641	1.69286	0.926348	2.08183	0.979829	2.14166	1.09503	1.80943	1.23873	1.31986	1.3706	1.56768	0.759564	2.15544	0.862513	1.65705	0.988355	2.08142	1.09265	1.61042	1.22399	1.64274	1.38899	1.08788		
0.796197	1.8365	0.676864	1.93319	0.686752	1.69053	0.929885	2.05948	0.983505	2.16282	1.09812	1.81367	1.24099	1.32607	1.37328	1.56949	0.763247	2.15753	0.865343	1.65804	0.991908	2.07915	1.09541	1.61701	1.2268	1.64709	1.39085	1.09588		
0.799337	1.84101	0.680165	1.93329	0.683867	1.68843	0.933383	2.03735	0.987217	2.18384	1.10122	1.81768	1.24326	1.33251	1.37596	1.57114	0.766933	2.1596	0.868176	1.65915	0.995457	2.07648	1.09818	1.62387	1.22961	1.65125	1.39273	1.10393		
0.802485	1.84549	0.683467	1.9334	0.680985	1.68656	0.936844	2.01552	0.990964	2.20459	1.10433	1.82142	1.24554	1.33905	1.37865	1.57267	0.770623	2.16159	0.871011	1.66036	0.999	2.07343	1.10095	1.63107	1.23244	1.65519	1.39462	1.11208		
0.805641	1.84993	0.686769	1.93355	0.678106	1.68494	0.940267	1.99411	0.994747	2.22496	1.10744	1.82486	1.24783	1.34575	1.38133	1.574	0.774317	2.16355	0.873847	1.66167	1.00254	2.07002	1.10375	1.63854	1.23527	1.65889	1.39653	1.12026		
0.808804	1.8544	0.690071	1.93372	0.67523	1.68362	0.943655	1.97319	0.998564	2.24489	1.11056	1.82807	1.25014	1.35266	1.38402	1.57516	0.778013	2.16543	0.876686	1.6631	1.00607	2.06625	1.10655	1.6463	1.2381	1.66244	1.39845	1.12854		
0.811975	1.85884	0.693374	1.93383	0.672355	1.68258	0.947007	1.9528	1.00241	2.26433	1.11369	1.83107	1.25245	1.35968	1.38671	1.57623	0.781713	2.16726	0.879528	1.66469	1.0096	2.0621	1.10937	1.65439	1.24095	1.6658	1.40039	1.13272		
0.815153	1.86323	0.696677	1.93398	0.669483	1.68187	0.950325	1.93304	1.0063	2.28315	1.11682	1.83384	1.25478	1.36687	1.38941	1.57711	0.785416	2.16908	0.882372	1.66634	1.01311	2.05758	1.1122	1.66273	1.24379	1.66893				
0.818339	1.86758	0.69998	1.93418	0.666611	1.68149	0.953609	1.91399	1.01021	2.30135	1.11995	1.83637	1.25712	1.37421	1.3921	1.57783	0.789122	2.17079	0.885219	1.6681	1.01662	2.05272	1.11505	1.67133	1.24665	1.67183				
0.821532	1.87196	0.703283	1.93437	0.663739	1.68149	0.956862	1.89565	1.01416	2.31884	1.12309	1.83865	1.25947	1.38165	1.3948	1.57843	0.79283	2.17251	0.88807	1.67	1.02013	2.04753	1.11791	1.68024	1.2495	1.67457				
0.824733	1.87632	0.706587	1.93456	0.660867	1.68191	0.960084	1.87806	1.01813	2.3356	1.12623	1.84069	1.26184	1.38928	1.39749	1.57889	0.796542	2.17418	0.890924	1.67194	1.02362	2.042	1.12079	1.68943	1.25237	1.67712				
0.827941	1.8806	0.709891	1.93475	0.657995	1.68275	0.963277	1.86131	1.02214	2.35159	1.12938	1.84255	1.26422	1.39705	1.40019	1.57908	0.800257	2.17575	0.893781	1.67396	1.0271	2.03617	1.12368	1.69886	1.25523	1.67948				
0.831157	1.88491	0.713195	1.93494	0.65512	1.68406	0.966442	1.84532	1.02617	2.36683	1.13252	1.84419	1.26661	1.40496			0.803974	2.17735	0.896641	1.67612	1.03057	2.03001	1.12659	1.70849	1.2581	1.68168				
0.834379	1.88916	0.7165	1.93515	0.652242	1.68587	0.96958	1.83015	1.03022	2.38132	1.13567	1.8456	1.26902	1.413			0.807694	2.17889	0.899506	1.67831	1.03403	2.02355	1.12952	1.71841	1.26098	1.68368				
0.837609	1.8934	0.719805	1.93536	0.649361	1.6882	0.972693	1.81582	1.0343	2.39497	1.13883	1.84686	1.27144	1.42114			0.811416	2.18037	0.902374	1.68059	1.03748	2.01683	1.13246	1.72858	1.26385	1.68552				
0.840847	1.89759	0.72311	1.93558	0.646476	1.69105	0.975782	1.80227	1.0384	2.40784	1.14198	1.84789	1.27387	1.42942			0.815141	2.18182	0.905246	1.68296	1.04092	2.00981	1.13542	1.73892	1.26673	1.68718				
0.844091	1.90176	0.726416	1.93582	0.643585	1.6946	0.978849	1.7895	1.04252	2.41996	1.14514	1.84875	1.27632	1.43783			0.818868	2.18323	0.908122	1.68538	1.04435	2.00259	1.1384	1.74947	1.26962	1.68869				
0.847342	1.90592	0.729723	1.93603	0.640688	1.6988	0.981895	1.77751	1.04667	2.43135	1.1483	1.84946	1.27878	1.44636			0.822598	2.18461	0.911003	1.68787	1.04776	1.99508	1.1414	1.76023	1.2725	1.69003				
0.850601	1.91004	0.733029	1.93626	0.637783	1.70365	0.98492	1.76628	1.05083	2.44196	1.15146	1.84996	1.28126	1.455			0.82633	2.18598	0.913887	1.69044	1.05116	1.9873	1.14441	1.77115	1.27539	1.6912				
0.853866	1.91411	0.736336	1.93649	0.634869	1.70927	0.987928	1.75575	1.05501	2.45182	1.15462	1.85034	1.28375	1.46374			0.830065	2.18726	0.916777	1.69305	1.05455	1.97936	1.14745	1.78224	1.27828	1.69221				
0.857139	1.91816	0.739644	1.93674	0.631945	1.71568	0.990917	1.74596	1.0592	2.46102	1.15778	1.85056	1.28626	1.4726			0.833801	2.18852	0.91967	1.69569	1.05792	1.97124	1.1505	1.79348	1.28117	1.69309				
0.860418	1.92216	0.742951	1.93695	0.629009	1.72294	0.993891	1.73683	1.06341	2.46955	1.16094	1.85064	1.28878	1.48152			0.83754	2.18979	0.922568	1.69841	1.06128	1.96294	1.15357	1.80483	1.28406	1.69387				
0.863704	1.92615	0.746259	1.93718	0.62606	1.73107	0.99685	1.72833	1.06764	2.47737	1.1641	1.85062	1.29132	1.49055			0.841281	2.19099	0.925471	1.70119	1.06463	1.95448	1.15666	1.81629	1.28696	1.69448				
0.866997	1.93012	0.749568	1.93742	0.623096	1.74016	0.999795	1.72049	1.07188	2.48457	1.16726	1.85048	1.29387	1.49969			0.845024	2.19214	0.928379	1.70403	1.06796	1.94586	1.15978	1.82784	1.28985	1.69494				
0.870297	1.93402	0.752877	1.93767	0.620116	1.75023	1.00273	1.7132	1.07612	2.49116	1.17042	1.85023	1.29644	1.50886			0.848768	2.19328	0.931292	1.70688	1.07128	1.9371	1.16291	1.83946	1.29274	1.69529				
0.873603	1.9379	0.756186	1.93791	0.617118	1.76133	1.00565	1.70646	1.08038	2.49716	1.17358	1.84992	1.29903	1.51813			0.852515	2.1944	0.934209	1.70975	1.07458	1.92826	1.16606	1.85112	1.29564	1.69556				
0.876916	1.94172	0.759496	1.93816	0.6141	1.77351	1.00856	1.70027	1.08465	2.50257	1.17674	1.84951	1.30163	1.52746			0.856264	2.19552	0.937132	1.71271	1.07786	1.91935	1.16923	1.8628	1.29854	1.6957				
0.880235	1.94555	0.762807	1.9384	0.61106	1.78678	1.01145	1.69458	1.08893	2.50741	1.1799	1.849	1.30425	1.53686			0.860014	2.19658	0.940059	1.71567	1.08113	1.91037	1.17242	1.87453	1.30143	1.6957				
0.883561	1.94935	0.766117	1.93862	0.607997	1.80118	1.01434	1.68938	1.09322	2.51172	1.18305	1.8485	1.30688	1.54633			0.863766	2.19757	0.942992	1.7187	1.08439	1.90137	1.17563	1.88624	1.30433	1.69564				
0.886894	1.95308	0.769428	1.93885	0.604908	1.81674	1.01722	1.68461	1.09751	2.51554	1.18621	1.84797	1.30953	1.55583			0.86752	2.19859	0.94593	1.72176	1.08763	1.89232	1.17886	1.89788	1.30722	1.69549				
0.890232	1.95677	0.77274	1.93909	0.601791	1.83344	1.0201	1.68025	1.10181	2.51882	1.18936	1.84739	1.31219	1.56535			0.871276	2.19957	0.948873	1.72481	1.09085	1.88324	1.18212	1.90952	1.31012	1.69523				
0.893577	1.96044	0.776051	1.93931	0.598645	1.85131	1.02296	1.6763	1.10611	2.5216	1.19252	1.84683	1.31487	1.5749			0.875033	2.20052	0.951821	1.72791	1.09406	1.87422	1.18539	1.92106	1.31301	1.69491				
0.896928	1.96407	0.779364	1.93957	0.595468	1.87032	1.02582	1.67275	1.11042	2.52389	1.19567	1.84627	1.31757	1.58448			0.878792	2.20146	0.954775	1.73104	1.09725	1.86521	1.18868	1.9325	1.31591	1.69454				
0.900286	1.96765	0.782676	1.93979	0.592257	1.89046	1.02868	1.66955	1.11474	2.52571	1.19883	1.84574	1.32029	1.59406			0.882553	2.20233	0.957734	1.73419	1.10043	1.85623	1.19199	1.94382	1.3188	1.69407				
0.903649	1.97124	0.785989	1.94003	0.589011	1.91161	1.03153	1.66668	1.11905	2.52709	1.20198	1.84529	1.32302	1.60369			0.886315	2.20323	0.960698	1.73737	1.10359	1.84734	1.19532	1.95502	1.32169	1.69356				
0.907019	1.97476	0.789303	1.94027	0.585728	1.93373	1.03437	1.66413	1.12337	2.52793	1.20513	1.84491	1.32576	1.61329			0.890078	2.20408	0.963668	1.74057	1.10674	1.83856	1.19867	1.9661	1.32459	1.69299				
0.910394	1.97823	0.792617	1.94045	0.582406	1.9568	1.03721	1.66187	1.12768	2.52835	1.20828	1.8446	1.32853	1.62289			0.893843	2.20491	0.966643	1.74378	1.10987	1.82987	1.20203	1.97696	1.32748	1.6924				
0.913776	1.98169	0.795931	1.94067	0.579044	1.98065	1.04005	1.6599	1.132	2.52835	1.21143	1.84441	1.33131	1.63246			0.897609	2.20573	0.969624	1.74702	1.11299	1.82128	1.20542	1.98766	1.33037	1.69179				
0.917163	1.9851	0.799245	1.9409	0.575641	2.00515	1.04288	1.6582	1.13632	2.52785	1.21458	1.84434	1.3341	1.64201			0.901377	2.20651	0.97261	1.75026	1.11609	1.81281	1.20882	1.99817	1.33326	1.69112				
0.920556	1.98847	0.80256	1.94114	0.572195	2.03019	1.04571	1.65677	1.14064	2.52692	1.21773	1.84447	1.33692	1.65152			0.905146	2.2073	0.975602	1.75351	1.11918	1.80449	1.21224	2.00844	1.33614	1.69044				
0.923955	1.9918	0.805875	1.94135	0.568706	2.05562	1.04854	1.65556	1.14495	2.5255	1.22088	1.84478	1.33974	1.66098			0.908916	2.20804	0.9786	1.75678	1.12226	1.79634	1.21568	2.01847	1.33903	1.68979				
0.927359	1.9951	0.809191	1.94155	0.565174	2.08131	1.05136	1.65458	1.14926	2.52361	1.22403	1.84524	1.34259	1.67038			0.912688	2.20878	0.981603	1.76009	1.12532	1.78836	1.21914	2.02825	1.34192	1.6891				
0.93077	1.9984	0.812507	1.94174	0.561597	2.10705	1.05419	1.65381	1.15357	2.5213	1.22718	1.84597	1.34545	1.67973			0.916461	2.20949	0.984612	1.76338	1.12837	1.78057	1.22261	2.03775	1.3448	1.68844				
0.934185	2.00162	0.815823	1.94193	0.557977	2.13272	1.05701	1.65324	1.15788	2.51845	1.23033	1.84698	1.34833	1.68904			0.920235	2.21018	0.987626	1.76667	1.1314	1.77292	1.2261	2.04702	1.34768	1.6878				
0.937606	2.00478	0.81914	1.94215	0.554313	2.15818	1.05984	1.65283	1.16217	2.51513	1.23349	1.84823	1.35122	1.69825			0.92401	2.21087	0.990646	1.77001	1.13442	1.76548	1.2296	2.05599	1.35056	1.68717				
0.941033	2.00794	0.822457	1.94235	0.550605	2.18324	1.06266	1.6526	1.16647	2.51134	1.23665	1.84979	1.35413	1.70737			0.927786	2.2115	0.993672	1.77332	1.13743	1.75826	1.23312	2.06462	1.35345	1.68658				
0.944465	2.01106	0.825774	1.94254	0.546856	2.20778	1.06548	1.65257	1.17075	2.50696	1.23981	1.85171	1.35705	1.71639			0.931564	2.21215	0.996703	1.77662	1.14043	1.75125	1.23665	2.07302	1.35632	1.68604				
0.947902	2.01414	0.829092	1.94273	0.543064	2.23173	1.0683	1.65271	1.17503	2.50212	1.24297	1.854	1.35999	1.72533			0.935342	2.21278	0.99974	1.77994	1.14341	1.74446	1.2402	2.08106	1.3592	1.68555				
0.951344	2.0172	0.83241	1.94292	0.539233	2.25494	1.07113	1.65297	1.1793	2.49672	1.24614	1.85669	1.36294	1.73413			0.939122	2.21338	1.00278	1.78327	1.14638	1.73785	1.24376	2.08876	1.36208	1.68512				
0.954792	2.02022	0.835728	1.94311	0.535362	2.27734	1.07395	1.65338	1.18356	2.49074	1.24931	1.85983	1.36591	1.7428			0.942902	2.21396	1.00583	1.78661	1.14935	1.73148	1.24734	2.09614	1.36496	1.68478				
0.958245	2.02318	0.839047	1.94326	0.531454	2.29886	1.07677	1.65392	1.18781	2.48419	1.25249	1.86342	1.3689	1.7514			0.946684	2.21452	1.00889	1.78995	1.1523	1.72535	1.25092	2.1032	1.36784	1.68449				
0.961703	2.02611	0.842366	1.94343	0.52751	2.31943	1.0796	1.65457	1.19204	2.47702	1.25568	1.86747	1.37189	1.75982			0.950466	2.21512	1.01194	1.79329	1.15524	1.71941	1.25452	2.10992	1.37071	1.68431				
0.965165	2.02903	0.845685	1.94361	0.523532	2.33904	1.08243	1.65535	1.19627	2.46925	1.25887	1.87206	1.37491	1.76809			0.95425	2.21566	1.01501	1.79663	1.15817	1.71372	1.25813	2.11625	1.37359	1.68422				
0.968633	2.03189	0.849005	1.94379	0.519521	2.35763	1.08525	1.65627	1.20048	2.46088	1.26207	1.87724	1.37793	1.77628			0.958034	2.21618	1.01808	1.79994	1.16109	1.70827	1.26175	2.12227	1.37647	1.68421				
0.972106	2.03471	0.852324	1.94395	0.515479	2.37526	1.08808	1.65729	1.20467	2.45181	1.26528	1.88298	1.38097	1.78427			0.96182	2.21669	1.02116	1.80327	1.16401	1.70304	1.26538	2.1279	1.37934	1.68432				
0.975583	2.03754	0.855644	1.94408	0.511408	2.39189	1.09091	1.65838	1.20885	2.44204	1.26851	1.88935	1.38403	1.79207			0.965606	2.21719	1.02424	1.80664	1.16691	1.69801	1.26902	2.13317	1.38222	1.68457				
0.979065	2.04029	0.858965	1.94428	0.507309	2.4075	1.09375	1.65958	1.21301	2.43162	1.27174	1.89637	1.3871	1.79975			0.969393	2.21769	1.02733	1.80993	1.16981	1.69324	1.27266	2.13809	1.3851	1.68497				
0.982552	2.04299	0.862285	1.94444	0.503185	2.42213	1.09658	1.66089	1.21716	2.42043	1.27498	1.90406	1.39018	1.80724			0.973181	2.21815	1.03042	1.81325	1.17269	1.68868	1.27632	2.14269	1.38797	1.68548				
0.986043	2.04571	0.865606	1.94455	0.499036	2.43579	1.09942	1.66226	1.22128	2.40855	1.27824	1.91249	1.39327	1.81455			0.976969	2.2186	1.03352	1.81658	1.17557	1.6843	1.27998	2.14687	1.39085	1.68614				
0.989539	2.04837	0.868927	1.94469	0.494865	2.44857	1.10226	1.66372	1.22538	2.39596	1.28151	1.92159	1.39637	1.82166			0.980759	2.21904	1.03663	1.81988	1.17845	1.68019	1.28365	2.15064	1.39373	1.68699				
0.99304	2.05099	0.872249	1.94483	0.490672	2.46045	1.1051	1.66528	1.22946	2.38255	1.2848	1.93144	1.39949	1.82863			0.984549	2.21951	1.03974	1.82318	1.18131	1.67628	1.28733	2.1541	1.39662	1.68798				
0.996545	2.05358	0.87557	1.94496	0.486461	2.47145	1.10795	1.66687	1.23352	2.36841	1.28811	1.94208	1.40262	1.83208			0.98834	2.21993	1.04286	1.82646	1.18417	1.67256	1.29101	2.15719	1.3995	1.68915				
1.00005	2.05614	0.878892	1.94512	0.482231	2.48164	1.1108	1.66853	1.23755	2.35351	1.29144	1.95344					0.992131	2.22033	1.04598	1.82978	1.18703	1.66909	1.2947	2.15985	1.40239	1.68981				
1.00357	2.05869	0.882214	1.94526	0.477984	2.49099	1.11365	1.67029	1.24156	2.33786	1.29478	1.96559					0.995924	2.22074	1.04911	1.83304	1.18987	1.66578	1.29839	2.1622						
1.00709	2.06117	0.885536	1.94536	0.473722	2.49961	1.1165	1.6721	1.24554	2.32153	1.29815	1.97851					0.999717	2.2211	1.05224	1.83629	1.19272	1.66267	1.30208	2.16415						
1.01061	2.06362	0.888859	1.94547	0.469446	2.5075	1.11936	1.67396	1.24949	2.30444	1.30154	1.99217					1.00351	2.22147	1.05538	1.83955	1.19555	1.65978	1.30578	2.16568						
1.01413	2.06605	0.892181	1.94562	0.465158	2.51468	1.12222	1.67588	1.25341	2.28665	1.30496	2.00656					1.0073	2.22187	1.05852	1.84285	1.19839	1.65707	1.30948	2.16688						
1.01766	2.06847	0.895504	1.94573	0.460857	2.52117	1.12508	1.67786	1.2573	2.26825	1.3084	2.02162					1.0111	2.22222	1.06167	1.84608	1.20121	1.6545	1.31318	2.16773						
1.0212	2.07083	0.898827	1.94584	0.456546	2.52704	1.12795	1.67988	1.26116	2.24924	1.31186	2.03741					1.01489	2.22256	1.06483	1.84927	1.20404	1.65214	1.31688	2.16815						
1.02474	2.07315	0.902151	1.94593	0.452226	2.53228	1.13082	1.68193	1.26498	2.22964	1.31535	2.05378					1.01869	2.22291	1.06799	1.85251	1.20686	1.65	1.32059	2.16821						
1.02828	2.07546	0.905474	1.94604	0.447897	2.53687	1.13369	1.68405	1.26877	2.2096	1.31888	2.07067					1.02249	2.22321	1.07115	1.85574	1.20967	1.648	1.32429	2.1679						
1.03183	2.07772	0.908798	1.94615	0.443561	2.54085	1.13657	1.68619	1.27253	2.18915	1.32243	2.08809					1.02628	2.22351	1.07433	1.85896	1.21249	1.64613	1.32799	2.16722						
1.03538	2.07997	0.912121	1.94624	0.439218	2.54429	1.13945	1.68837	1.27625	2.16837	1.32601	2.10593					1.03008	2.22385	1.0775	1.86212	1.21529	1.64442	1.33169	2.16616						
1.03893	2.08218	0.915445	1.94635	0.43487	2.54716	1.14234	1.69061	1.27994	2.14733	1.32962	2.1241					1.03388	2.22414	1.08069	1.86528	1.2181	1.64292	1.33539	2.16468						
1.04249	2.08437	0.918769	1.94643	0.430518	2.54942	1.14523	1.69287	1.28359	2.12614	1.33326	2.14253					1.03768	2.22441	1.08388	1.86847	1.22091	1.64155	1.33908	2.16288						
1.04605	2.08654	0.922094	1.9465	0.426162	2.55116	1.14812	1.69518	1.2872	2.10486	1.33694	2.16113					1.04148	2.22467	1.08707	1.87161	1.22371	1.64031	1.34278	2.16072						
1.04962	2.08865	0.925418	1.9466	0.421804	2.55228	1.15102	1.69751	1.29077	2.08361	1.34065	2.1798					1.04528	2.22496	1.09027	1.87476	1.22651	1.63922	1.34646	2.15815						
1.05319	2.09073	0.928742	1.94668	0.417445	2.55285	1.15392	1.69982	1.29431	2.06246	1.34438	2.19846					1.04908	2.22522	1.09347	1.87788	1.22931	1.63825	1.35015	2.15522						
1.05676	2.09282	0.932067	1.94675	0.413085	2.55289	1.15682	1.70221	1.29782	2.04151	1.34815	2.21701					1.05288	2.22545	1.09668	1.88099	1.23211	1.63742	1.35383	2.15193						
1.06033	2.09486	0.935392	1.94685	0.408725	2.55227	1.15973	1.70465	1.30129	2.02089	1.35196	2.23538					1.05668	2.22568	1.0999	1.88409	1.2349	1.63676	1.3575	2.14828						
1.06391	2.09686	0.938717	1.9469	0.404367	2.55105	1.16265	1.70707	1.30472	2.00058	1.35579	2.25345					1.06048	2.22593	1.10312	1.88716	1.2377	1.63618	1.36116	2.14425						
1.0675	2.09883	0.942042	1.94698	0.400011	2.54922	1.16556	1.70949	1.30812	1.98071	1.35965	2.27118					1.06428	2.22614	1.10634	1.89024	1.24049	1.6357	1.36482	2.13989						
1.07108	2.1008	0.945367	1.94706	0.39566	2.54667	1.16849	1.71197	1.31149	1.96133	1.36355	2.28853					1.06808	2.22634	1.10957	1.8933	1.24328	1.63537	1.36847	2.13514						
1.07467	2.10274	0.948692	1.9471	0.391313	2.54344	1.17141	1.71448	1.31482	1.94248	1.36747	2.30537					1.07189	2.22656	1.11281	1.89631	1.24608	1.63515	1.37212	2.13007						
1.07826	2.10462	0.952018	1.94718	0.386972	2.5395	1.17434	1.717	1.31812	1.92424	1.37142	2.32172					1.07569	2.22677	1.11605	1.89937	1.24887	1.63503	1.37575	2.12465						
1.08186	2.10651	0.955343	1.94725	0.382639	2.53473	1.17728	1.71953	1.32139	1.90663	1.3754	2.33744					1.07949	2.22693	1.1193	1.90238	1.25166	1.63504	1.37937	2.11885						
1.08546	2.10839	0.958669	1.94728	0.378314	2.52907	1.18022	1.72207	1.32463	1.88969	1.37941	2.35258					1.0833	2.22711	1.12255	1.90537	1.25445	1.6351	1.38299	2.1128						
1.08906	2.11019	0.961994	1.94736	0.374	2.52254	1.18316	1.72463	1.32785	1.87342	1.38344	2.36711					1.0871	2.22729	1.12581	1.90838	1.25724	1.63526	1.38659	2.10639						
1.09267	2.11196	0.96532	1.9474	0.369698	2.51498	1.18611	1.72719	1.33103	1.85783	1.38749	2.38094					1.0909	2.22744	1.12907	1.91134	1.26004	1.63555	1.39018	2.09963						
1.09628	2.11374	0.968646	1.94745	0.36541	2.5063	1.18906	1.72976	1.33419	1.84291	1.39157	2.39414					1.09471	2.22761	1.13233	1.91428	1.26283	1.63592	1.39376	2.09257						
1.09989	2.11553	0.971972	1.94751	0.361138	2.49642	1.19201	1.73238	1.33733	1.82871	1.39567	2.40665					1.09851	2.22776	1.13561	1.9172	1.26563	1.63635	1.39733	2.08523						
1.1035	2.11723	0.975298	1.94754	0.356883	2.4852	1.19498	1.73499	1.34044	1.8152	1.39979	2.41847					1.10232	2.22789	1.13888	1.92015	1.26842	1.63687	1.40088	2.08151						
1.10712	2.11891	0.978624	1.94758	0.352649	2.47256	1.19794	1.73759	1.34353	1.80238	1.40393	2.42423					1.10612	2.22802	1.14216	1.92308	1.27122	1.6375								
1.11074	2.12062	0.98195	1.94764	0.348438	2.45829	1.20091	1.74023	1.3466	1.79024							1.10993	2.22815	1.14545	1.92596	1.27401	1.63816								
1.11436	2.12225	0.985277	1.94769	0.344252	2.44219	1.20388	1.74284	1.34964	1.77872							1.11373	2.22827	1.14874	1.92883	1.27681	1.63892								
1.11799	2.12387	0.988603	1.94769	0.340096	2.4241	1.20686	1.74548	1.35267	1.76786							1.11754	2.22837	1.15204	1.93172	1.27961	1.63977								
1.12162	2.12552	0.991929	1.94772	0.335973	2.40376	1.20985	1.74816	1.35568	1.7576							1.12134	2.22844	1.15534	1.93459	1.28241	1.64062								
1.12525	2.12708	0.995256	1.9478	0.331886	2.38099	1.21283	1.75081	1.35867	1.74789							1.12515	2.22854	1.15865	1.93738	1.28522	1.64161								
1.12888	2.12864	0.998582	1.94781	0.32784	2.35549	1.21583	1.75346	1.36165	1.73879							1.12896	2.22863	1.16196	1.94021	1.28802	1.64263								
1.13252	2.13019	1.00191	1.94784	0.32384	2.3269	1.21882	1.75611	1.36461	1.73022							1.13276	2.2287	1.16527	1.94304	1.29083	1.64369								
1.13616	2.13171	1.00524	1.94789	0.319892	2.29498	1.22183	1.75877	1.36756	1.72216							1.13657	2.22876	1.1686	1.94582	1.29363	1.64485								
1.1398	2.13321	1.00856	1.94788	0.316001	2.25937	1.22483	1.76146	1.3705	1.71463							1.14037	2.22883	1.17192	1.9486	1.29644	1.64604								
1.14344	2.13464	1.01189	1.94791	0.312175	2.21972	1.22784	1.76411	1.37342	1.70752							1.14418	2.22889	1.17525	1.95139	1.29926	1.64729								
1.14709	2.1361	1.01522	1.94795	0.30842	2.17576	1.23086	1.76676	1.37633	1.70091							1.14799	2.22889	1.17859	1.95411	1.30207	1.64859								
1.15074	2.13757	1.01854	1.94798	0.304743	2.12716	1.23388	1.76945	1.37923	1.69472							1.15179	2.22892	1.18193	1.95683	1.30489	1.64993								
1.15439	2.13899	1.02187	1.94799	0.301154	2.07364	1.2369	1.77213	1.38212	1.6889							1.1556	2.22897	1.18527	1.95959	1.30771	1.65131								
1.15805	2.14035	1.0252	1.94802	0.29766	2.01502	1.23993	1.77479	1.385	1.68349							1.15941	2.22899	1.18862	1.96229	1.31053	1.65277								
1.1617	2.14171	1.02852	1.94801	0.294271	1.95126	1.24296	1.77749	1.38787	1.67843							1.16321	2.22897	1.19197	1.96501	1.31335	1.65427								
1.16536	2.1431	1.03185	1.94804	0.290996	1.88247	1.246	1.78017	1.39073	1.67373							1.16702	2.22896	1.19533	1.9677	1.31618	1.6558								
1.16902	2.14442	1.03518	1.94808	0.287841	1.80879	1.24904	1.78281	1.39358	1.66937							1.17083	2.22896	1.19869	1.97034	1.31901	1.65734								
1.17269	2.14572	1.0385	1.94807	0.284817	1.73064	1.25209	1.78546	1.39643	1.66533							1.17463	2.22893	1.20206	1.973	1.32184	1.65891								
1.17635	2.14703	1.04183	1.9481	0.28193	1.6486	1.25514	1.78815	1.39927	1.66155							1.17844	2.22891	1.20543	1.97565	1.32467	1.66056								
1.18002	2.1483	1.04516	1.94811	0.279186	1.5634	1.2582	1.79082	1.40211	1.65971							1.18225	2.22887	1.20881	1.97828	1.32751	1.66226								
1.18369	2.14958	1.04848	1.94809	0.27659	1.47588	1.26126	1.79346									1.18605	2.22882	1.21219	1.9809	1.33035	1.66397								
1.18736	2.15081	1.05181	1.9481	0.274145	1.38695	1.26432	1.79611									1.18986	2.22876	1.21557	1.98353	1.33319	1.66569								
1.19104	2.15202	1.05514	1.94814	0.271853	1.29748	1.26739	1.79876									1.19367	2.22867	1.21896	1.98612	1.33604	1.66745								
1.19471	2.15321	1.05847	1.94816	0.269713	1.20836	1.27047	1.80142									1.19747	2.22857	1.22236	1.98872	1.33889	1.66926								
1.19839	2.15442	1.06179	1.94814	0.267725	1.12043	1.27355	1.80405									1.20128	2.22848	1.22576	1.99131	1.34174	1.67109								
1.20207	2.15559	1.06512	1.94816	0.265886	1.03427	1.27663	1.80667									1.20508	2.22841	1.22916	1.99388	1.3446	1.67294								
1.20575	2.15672	1.06845	1.94817	0.264193	0.950401	1.27972	1.80934									1.20889	2.22828	1.23257	1.99643	1.34746	1.67479								
1.20944	2.15788	1.07177	1.94815	0.26264	0.869138	1.28281	1.81197									1.2127	2.22812	1.23598	1.99898	1.35032	1.6767								
1.21312	2.15899	1.0751	1.94817	0.261224	0.790736	1.28591	1.81456									1.2165	2.22798	1.2394	2.00155	1.35318	1.67865								
1.21681	2.1601	1.07843	1.94818	0.259939	0.71533	1.28901	1.81718									1.22031	2.22782	1.24282	2.00411	1.35605	1.68059								
1.2205	2.16121	1.08176	1.94818	0.258781	0.642825	1.29211	1.81979									1.22411	2.22764	1.24624	2.00662	1.35892	1.68254								
1.22419	2.16226	1.08508	1.94818	0.257744	0.573208	1.29522	1.8224									1.22791	2.22749	1.24967	2.00912	1.3618	1.68454								
1.22789	2.16331	1.08841	1.94818	0.256823	0.506399	1.29834	1.825									1.23172	2.2273	1.2531	2.01167	1.36468	1.68653								
1.23158	2.16436	1.09174	1.94818	0.256014	0.442173	1.30146	1.82757									1.23552	2.22704	1.25654	2.01418	1.36756	1.68855								
1.23528	2.16538	1.09506	1.94818	0.255313	0.380387	1.30458	1.83016									1.23933	2.22682	1.25998	2.01667	1.37045	1.69058								
1.23898	2.16639	1.09839	1.94818	0.254715	0.320944	1.30771	1.83272									1.24313	2.22656	1.26343	2.01922	1.37333	1.69265								
1.24268	2.16739	1.10172	1.94818	0.254216	0.263588	1.31084	1.83527									1.24693	2.2263	1.26688	2.0217	1.37623	1.69473								
1.24638	2.16838	1.10505	1.94822	0.253814	0.208177	1.31398	1.83784									1.25073	2.22605	1.27033	2.02421	1.37912	1.6968								
1.25009	2.16934	1.10837	1.9482	0.253505	0.154614	1.31712	1.8404									1.25453	2.22571	1.27379	2.02673	1.38202	1.69891								
1.25379	2.17029	1.1117	1.94816	0.253286	0.102703	1.32026	1.84295									1.25833	2.22538	1.27726	2.02923	1.38493	1.70102								
1.2575	2.17123	1.11503	1.94817	0.253155	0.0523014	1.32341	1.84549									1.26213	2.22506	1.28073	2.03172	1.38783	1.70313								
1.26121	2.17216	1.11835	1.94818	0.253108	0.00337166	1.32657	1.848									1.26593	2.22469	1.2842	2.03423	1.39074	1.7053								
1.26492	2.17306	1.12168	1.94818	0.253143	-0.0441623	1.32972	1.85049									1.26973	2.22428	1.28767	2.03676	1.39366	1.70743								
1.26863	2.17397	1.12501	1.94818	0.253258	-0.0904523	1.33289	1.85301									1.27353	2.2239	1.29115	2.03926	1.39657	1.70959								
1.27234	2.17486	1.12834	1.94818	0.253452	-0.135554	1.33605	1.8555									1.27733	2.22348	1.29464	2.04178	1.3995	1.71175								
1.27606	2.17574	1.13166	1.94818	0.253721	-0.179518	1.33922	1.85799									1.28113	2.223	1.29813	2.04431	1.40242	1.71279								
1.27978	2.17658	1.13499	1.94815	0.254017	-0.216978	1.3424	1.86047									1.28492	2.22251	1.30162	2.04687										
1.28349	2.17741	1.13832	1.94814	0.254312	-0.248299	1.34558	1.86295									1.28872	2.22199	1.30512	2.04942										
1.28721	2.17828	1.14164	1.94816	0.254586	-0.273674	1.34876	1.86542									1.29251	2.22145	1.30862	2.05197										
1.29093	2.17909	1.14497	1.94817	0.254821	-0.293456	1.35195	1.86784									1.29631	2.22087	1.31213	2.05454										
1.29466	2.1799	1.1483	1.94815	0.255005	-0.307996	1.35514	1.87028									1.3001	2.22027	1.31564	2.05712										
1.29838	2.1807	1.15163	1.94814	0.255181	-0.32115	1.35834	1.87271									1.30389	2.21963	1.31915	2.05975										
1.3021	2.18148	1.15495	1.94813	0.255308	-0.330172	1.36154	1.87514									1.30768	2.21894	1.32267	2.06236										
1.30583	2.18227	1.15828	1.94813	0.255514	-0.344254	1.36474	1.87755									1.31147	2.21825	1.3262	2.06497										
1.30956	2.18303	1.16161	1.94816	0.255808	-0.363158	1.36795	1.87994									1.31526	2.21751	1.32973	2.06766										
1.31329	2.18376	1.16493	1.94814	0.256201	-0.386735	1.37117	1.88234									1.31904	2.21673	1.33326	2.07034										
1.31702	2.18452	1.16826	1.9481	0.25671	-0.414801	1.37438	1.88471									1.32283	2.21588	1.3368	2.07304										
1.32075	2.18524	1.17159	1.94811	0.257351	-0.446973	1.3776	1.88708									1.32661	2.21499	1.34034	2.07579										
1.32448	2.18595	1.17492	1.94812	0.258146	-0.48293	1.38083	1.88944									1.33039	2.21411	1.34389	2.07852										
1.32821	2.1867	1.17824	1.94809	0.259001	-0.51787	1.38406	1.89179									1.33417	2.21315	1.34744	2.08131										
1.33195	2.18735	1.18157	1.94811	0.259915	-0.551712	1.38729	1.89411									1.33795	2.21211	1.351	2.08416										
1.33569	2.18805	1.1849	1.94808	0.260885	-0.584387	1.39053	1.89645									1.34173	2.21109	1.35456	2.08701										
1.33942	2.18874	1.18822	1.94807	0.261911	-0.615767	1.39377	1.8988									1.3455	2.20999	1.35813	2.08986										
1.34316	2.1894	1.19155	1.9481	0.262988	-0.645755	1.39701	1.90108									1.34928	2.2088	1.3617	2.09278										
1.3469	2.19007	1.19488	1.94808	0.264116	-0.674213	1.40026	1.90222									1.35305	2.20761	1.36886	2.09873										
1.35064	2.19068	1.1982	1.94807	0.265291	-0.700884											1.35682	2.2064	1.37244	2.10171										
1.35438	2.19132	1.20153	1.94807	0.26651	-0.725362											1.36059	2.20508	1.37604	2.10479										
1.35813	2.19196	1.20486	1.94806	0.267769	-0.747257											1.36435	2.20371	1.37963	2.10788										
1.36187	2.19258	1.20818	1.94803	0.269063	-0.765788											1.36811	2.20231	1.38324	2.11097										
1.36562	2.19321	1.21151	1.94805	0.270385	-0.779882											1.37187	2.20084	1.38684	2.11416										
1.36936	2.19376	1.21484	1.94805	0.271726	-0.787919											1.37563	2.19936	1.39046	2.11733										
1.37311	2.19435	1.21817	1.94803	0.273076	-0.787295											1.37938	2.19782	1.39408	2.12052										
1.37686	2.19496	1.22149	1.94804	0.274416	-0.77386											1.38314	2.19621	1.3977	2.12373										
1.38061	2.19554	1.22482	1.94802	0.275719	-0.740896											1.38689	2.1946	1.40133	2.12531										
1.38436	2.19611	1.22815	1.94801	0.276946	-0.677927											1.39063	2.19293												
1.38811	2.19664	1.23147	1.948	0.278035	-0.569995											1.39438	2.19123												
1.39186	2.19715	1.2348	1.948	0.278893	-0.401914											1.39812	2.18948												
1.39561	2.19772	1.23813	1.948	0.279407	-0.301174											1.40186	2.18859												
1.39937	2.19825	1.24145	1.948																										
1.40312	2.19847	1.24478	1.948																										
		1.24811	1.948																										
		1.25143	1.948																										
		1.25476	1.94797																										
		1.25809	1.94795																										
		1.26141	1.94798																										
		1.26474	1.94799																										
		1.26807	1.94796																										
		1.27139	1.94795																										
		1.27472	1.94794																										
		1.27805	1.94794																										
		1.28138	1.94794																										
		1.2847	1.94794																										
		1.28803	1.94794																										
		1.29136	1.94794																										
		1.29468	1.94794																										
		1.29801	1.94791																										
		1.30134	1.94792																										
		1.30466	1.94793																										
		1.30799	1.9479																										
		1.31132	1.94792																										
		1.31464	1.9479																										
		1.31797	1.94789																										
		1.3213	1.94791																										
		1.32462	1.94789																										
		1.32795	1.94788																										
		1.33128	1.94791																										
		1.3346	1.94789																										
		1.33793	1.94788																										
		1.34126	1.94788																										
		1.34458	1.94788																										
		1.34791	1.94788																										
		1.35124	1.94788																										
		1.35456	1.94788																										
		1.35789	1.94788																										
		1.36122	1.94788																										
		1.36454	1.94784																										
		1.36787	1.94786																										
		1.3712	1.94787																										
		1.37452	1.94787																										
		1.37785	1.94787																										
		1.38118	1.94784																										
		1.3845	1.94786																										
		1.38783	1.94787																										
		1.39115	1.94784																										
		1.39448	1.94786																										
		1.39781	1.94787																										
		1.40113	1.94785																										
