Sym0		Asym0		Sym1		Sym2		Sym3		Sym4		Sym5		Sym6		Asym1		Asym2		Asym3		Asym4		Asym5		Asym6		Asym7	
378  Points		428  Points		377  Points		365  Points		319  Points		299  Points		268  Points		218  Points		377  Points		374  Points		345  Points		299  Points		269  Points		213  Points		145  Points	
Freq (MHz)	Vph (m/ms)	Freq (MHz)	Vph (m/ms)	Freq (MHz)	Vph (m/ms)	Freq (MHz)	Vph (m/ms)	Freq (MHz)	Vph (m/ms)	Freq (MHz)	Vph (m/ms)	Freq (MHz)	Vph (m/ms)	Freq (MHz)	Vph (m/ms)	Freq (MHz)	Vph (m/ms)	Freq (MHz)	Vph (m/ms)	Freq (MHz)	Vph (m/ms)	Freq (MHz)	Vph (m/ms)	Freq (MHz)	Vph (m/ms)	Freq (MHz)	Vph (m/ms)	Freq (MHz)	Vph (m/ms)
0.279508	10191.2	7.36021e-005	0.0531667	1.40288	2.20607	0.293036	397.459	0.559022	450.211	0.838525	2838.18	0.878971	607.693	1.11803	30556.9	0.13976	370.556	0.419265	299.128	0.585988	366.706	0.698775	707.438	0.978281	1077.46	1.17195	770.686	1.25779	1456.55
0.279267	160.938	0.000366659	0.118576	1.39913	2.20609	0.293535	120.05	0.559043	189.537	0.83852	418.576	0.879035	278.685	1.11804	640.925	0.139919	67.108	0.419276	134.839	0.586049	177.279	0.698798	259.238	0.978288	373.995	1.17198	363.012	1.2578	489.156
0.278611	80.9193	0.00088041	0.183418	1.39537	2.20611	0.294486	70.9104	0.559081	120.043	0.838507	225.946	0.879148	180.818	1.11805	323.863	0.140299	36.9908	0.419295	87.0398	0.586152	116.912	0.698842	158.705	0.978303	226.27	1.17203	237.43	1.25782	293.939
0.277652	53.9036	0.00160995	0.247386	1.39162	2.20613	0.295771	50.4663	0.559137	87.8433	0.838486	154.733	0.879308	133.839	1.11807	216.678	0.140896	25.6144	0.419322	64.2629	0.586299	87.228	0.698907	114.364	0.978325	162.205	1.1721	176.411	1.25785	210.097
0.276499	40.3135	0.00254884	0.310242	1.38786	2.20615	0.297291	39.2797	0.55921	69.2693	0.838457	117.649	0.879515	106.251	1.1181	162.802	0.141703	19.6579	0.419357	50.9366	0.586487	69.5774	0.698994	89.3962	0.978355	126.415	1.17219	140.349	1.2579	163.473
0.275234	32.1289	0.00368911	0.371755	1.38411	2.20618	0.298979	32.2301	0.5593	57.1834	0.838422	94.9024	0.879769	88.1044	1.11814	130.385	0.142714	16.006	0.419401	42.1901	0.586717	57.8782	0.699102	73.3821	0.978392	103.566	1.1723	116.534	1.25795	133.787
0.273909	26.6595	0.00502152	0.431724	1.38036	2.2062	0.300791	27.3839	0.559408	48.6923	0.83838	79.5246	0.880069	75.2623	1.11819	108.736	0.143921	13.5466	0.419454	36.009	0.586989	49.5562	0.699232	62.2385	0.978436	87.7135	1.17244	99.6325	1.25802	113.228
0.27256	22.7471	0.00653589	0.489978	1.37661	2.20623	0.302696	23.8493	0.559533	42.4003	0.838332	68.4341	0.880415	65.6968	1.11825	93.2544	0.145312	11.7834	0.419516	31.4094	0.587303	43.3346	0.699383	54.0376	0.978488	76.0715	1.17259	87.017	1.25809	98.1479
0.271208	19.8106	0.00822177	0.546407	1.37286	2.20626	0.304678	21.1584	0.559676	37.5514	0.838279	60.0571	0.880805	58.2967	1.11831	81.6334	0.14688	10.4617	0.419587	27.8532	0.587658	38.5082	0.699555	47.7501	0.978547	67.1592	1.17277	77.2408	1.25818	86.6147
0.269868	17.5264	0.0100682	0.600915	1.36911	2.20629	0.306722	19.042	0.559837	33.7005	0.838222	53.5062	0.881239	52.4022	1.11839	72.5894	0.148611	9.43707	0.419669	25.0219	0.588053	34.6558	0.69975	42.7767	0.978613	60.1174	1.17296	69.4427	1.25827	77.5087
0.268552	15.6996	0.0120643	0.653443	1.36536	2.20633	0.308821	17.3344	0.560015	30.5686	0.83816	48.243	0.881716	47.5969	1.11847	65.3508	0.150496	8.62173	0.41976	22.7144	0.588489	31.51	0.699965	38.7449	0.978687	54.4132	1.17318	63.0779	1.25838	70.1369
0.267267	14.2061	0.0141994	0.703968	1.36162	2.20636	0.310967	15.9279	0.560211	27.9717	0.838095	43.9218	0.882236	43.6049	1.11856	59.4262	0.152523	7.95916	0.419862	20.7979	0.588964	28.8934	0.700203	35.4106	0.978768	49.6987	1.17342	57.7846	1.2585	64.0471
0.266018	12.963	0.016463	0.75248	1.35787	2.2064	0.313155	14.7498	0.560425	25.7837	0.838029	40.3105	0.882796	40.2363	1.11866	54.4877	0.154683	7.41134	0.419975	19.1808	0.589479	26.6831	0.700463	32.6075	0.978857	45.737	1.17368	53.3136	1.25863	58.9317
0.26481	11.9128	0.0188454	0.799003	1.35412	2.20643	0.315382	13.7487	0.560657	23.9153	0.83796	37.2474	0.883397	37.3559	1.11877	50.3081	0.156664	7.00664	0.420099	17.7983	0.590033	24.7916	0.700745	30.2182	0.978953	42.3612	1.17395	49.4872	1.25877	54.5744
0.263648	11.0142	0.021337	0.843562	1.35038	2.20648	0.317645	12.8879	0.560907	22.3014	0.837892	34.6165	0.884038	34.8651	1.11889	46.7251	0.15842	6.70478	0.420236	16.6028	0.590624	23.1549	0.701048	28.1576	0.979057	39.4503	1.17425	46.1755	1.25892	50.8182
0.262533	10.2373	0.0239291	0.886207	1.34664	2.20652	0.319941	12.1398	0.561176	20.8933	0.837823	32.3324	0.884717	32.6901	1.11901	43.6194	0.159918	6.48041	0.420385	15.5589	0.591253	21.725	0.701375	26.3624	0.979169	36.9145	1.17457	43.2814	1.25909	47.547
0.261468	9.55917	0.0266136	0.926993	1.3429	2.20656	0.322267	11.4839	0.561463	19.6543	0.837756	30.3308	0.885434	30.7746	1.11915	40.9018	0.161128	6.31712	0.420548	14.6396	0.591919	20.4652	0.701723	24.7845	0.979288	34.6858	1.17491	40.7306	1.25926	44.6725
0.260457	8.9626	0.0293829	0.965989	1.33916	2.20661	0.324623	10.9043	0.561769	18.5557	0.837691	28.5624	0.886187	29.0749	1.11929	38.5038	0.162033	6.20424	0.420724	13.8239	0.592622	19.3471	0.702095	23.387	0.979415	32.7115	1.17527	38.4657	1.25945	42.1268
0.259501	8.43404	0.0322299	1.00326	1.33542	2.20666	0.327006	10.3884	0.562093	17.575	0.837629	26.9887	0.886976	27.5567	1.11944	36.3722	0.162618	6.13495	0.420916	13.0953	0.593359	18.3482	0.702489	22.1406	0.97955	30.9506	1.17565	36.4412	1.25964	39.8566
0.258602	7.96283	0.0351481	1.03887	1.33168	2.20671	0.329415	9.92633	0.562437	16.6943	0.83757	25.5792	0.8878	26.1926	1.1196	34.465	0.163468	6.03916	0.421122	12.4407	0.594132	17.4505	0.702906	21.0222	0.979692	29.3702	1.17605	34.6208	1.25985	37.8195
0.257761	7.54043	0.0381317	1.0729	1.32794	2.20676	0.331848	9.51023	0.5628	15.8991	0.837516	24.3097	0.888657	24.9602	1.11977	32.7486	0.164403	5.93984	0.421344	11.8495	0.594938	16.6395	0.703347	20.0131	0.979842	27.944	1.17646	32.9753	1.26007	35.9814
0.256982	7.15992	0.0411754	1.10542	1.32421	2.20682	0.334304	9.1336	0.563182	15.1776	0.837467	23.1602	0.889548	23.8416	1.11995	31.1957	0.165691	5.81219	0.421583	11.3128	0.595777	15.9034	0.703811	19.0983	0.98	26.6505	1.1769	31.4806	1.2603	34.3146
0.256265	6.81563	0.0442741	1.1365	1.32047	2.20687	0.336783	8.79112	0.563584	14.5202	0.837423	22.1145	0.890472	22.8217	1.12014	29.7841	0.167348	5.66196	0.42184	10.8237	0.596649	15.2322	0.704298	18.265	0.980166	25.472	1.17736	30.117	1.26054	32.7962
0.255612	6.5029	0.0474235	1.16622	1.31674	2.20693	0.339282	8.4784	0.564005	13.9186	0.837386	21.1593	0.891427	21.8882	1.12034	28.4953	0.169391	5.49521	0.422114	10.376	0.597553	14.618	0.70481	17.5031	0.98034	24.3939	1.17783	28.868	1.2608	31.4073
0.255025	6.21781	0.0506192	1.19463	1.31301	2.207	0.341802	8.19176	0.564447	13.3662	0.837357	20.2832	0.892412	21.0305	1.12054	27.3141	0.171839	5.31787	0.422407	9.96492	0.598487	14.0537	0.705345	16.8037	0.980522	23.4039	1.17833	27.7199	1.26106	30.132
0.254506	5.9571	0.0538578	1.22182	1.30928	2.20706	0.34434	7.92809	0.564909	12.8572	0.837335	19.4769	0.893428	20.2399	1.12076	26.2275	0.17471	5.13531	0.42272	9.58609	0.599451	13.5336	0.705904	16.1596	0.980712	22.4916	1.17884	26.6608	1.26134	28.957
0.254056	5.718	0.0571357	1.24784	1.30555	2.20713	0.346896	7.68477	0.565392	12.3867	0.837321	18.7325	0.894473	19.5088	1.12098	25.2246	0.177642	4.97191	0.423054	9.23596	0.600444	13.0527	0.706489	15.5644	0.980911	21.6482	1.17937	25.6809	1.26163	27.8709
0.253676	5.49813	0.0604496	1.27274	1.30182	2.2072	0.34947	7.45957	0.565895	11.9506	0.837316	18.043	0.895547	18.8308	1.12122	24.2962	0.18063	4.82491	0.423409	8.91145	0.601465	12.6069	0.707098	15.013	0.981117	20.8663	1.17992	24.7717	1.26193	26.864
0.25337	5.29547	0.063797	1.2966	1.29809	2.20727	0.35206	7.25053	0.566419	11.5453	0.837321	17.4027	0.89665	18.2004	1.12146	23.4342	0.183668	4.69202	0.423786	8.6099	0.602513	12.1924	0.707731	14.5007	0.981332	20.1394	1.18049	23.9258	1.26225	25.928
0.253138	5.1083	0.0671751	1.31945	1.29437	2.20735	0.354665	7.05601	0.566965	11.1676	0.837335	16.8064	0.897779	17.6127	1.12171	22.6318	0.186752	4.57137	0.424185	8.32903	0.603587	11.8061	0.70839	14.0235	0.981555	19.4618	1.18108	23.1368	1.26257	25.0558
0.252983	4.93508	0.0705815	1.34137	1.29064	2.20742	0.357284	6.87455	0.567532	10.815	0.83736	16.2499	0.898936	17.0637	1.12197	21.883	0.189878	4.46138	0.424609	8.06683	0.604687	11.4453	0.709075	13.578	0.981787	18.8288	1.18168	22.3993	1.26291	24.2409
0.252907	4.77452	0.0740142	1.36239	1.28692	2.20751	0.359579	6.72609	0.568121	10.485	0.837395	15.7293	0.900119	16.5497	1.12224	21.1827	0.193042	4.36073	0.425057	7.82157	0.605812	11.1076	0.709785	13.1612	0.982027	18.2362	1.1823	21.7083	1.26326	23.478
0.252911	4.62547	0.077471	1.38255	1.2832	2.20759	0.361542	6.60605	0.568733	10.1756	0.837442	15.2412	0.901328	16.0674	1.12252	20.5263	0.19624	4.2683	0.42553	7.5917	0.60696	10.7907	0.710522	12.7704	0.982276	17.6801	1.18294	21.0596	1.26362	22.7623
0.252998	4.48692	0.0809503	1.40192	1.27948	2.20768	0.363171	6.511	0.569366	9.88485	0.8375	14.7828	0.902562	15.614	1.12281	19.9098	0.199469	4.18314	0.42603	7.37588	0.608131	10.4929	0.711285	12.4034	0.982533	17.1573	1.1836	20.4496	1.264	22.0895
0.25317	4.35798	0.0844501	1.42051	1.27576	2.20777	0.364462	6.4384	0.570023	9.61127	0.83757	14.3514	0.903821	15.1871	1.12311	19.3297	0.202725	4.10444	0.426557	7.17291	0.609324	10.2126	0.712074	12.0581	0.982799	16.665	1.18427	19.8747	1.26439	21.4559
0.253431	4.23788	0.0879691	1.43839	1.27204	2.20786	0.365413	6.38639	0.570702	9.35339	0.837651	13.9447	0.905104	14.7844	1.12342	18.7829	0.206007	4.03149	0.427111	6.98173	0.610537	9.94817	0.71289	11.7326	0.983074	16.2005	1.18496	19.3322	1.26479	20.8582
0.253782	4.12592	0.0915058	1.45557	1.26833	2.20795	0.366023	6.3537	0.571405	9.10992	0.837746	13.5608	0.906411	14.4039	1.12373	18.2667	0.209312	3.96368	0.427618	6.824	0.611771	9.69839	0.713733	11.4253	0.983357	15.7615	1.18566	18.8194	1.2652	20.2935
0.254227	4.0215	0.095059	1.4721	1.26462	2.20805	0.3669	6.30749	0.572132	8.87973	0.837853	13.1977	0.907742	14.0439	1.12406	17.7784	0.212636	3.90049	0.428067	6.69562	0.613024	9.46207	0.714604	11.1348	0.98365	15.3462	1.18639	18.3338	1.26563	19.7591
0.254769	3.92406	0.0986272	1.488	1.2609	2.20816	0.367855	6.25828	0.572882	8.66179	0.837972	12.8538	0.909095	13.7028	1.1244	17.316	0.215979	3.84147	0.428451	6.59343	0.614295	9.23817	0.715502	10.8598	0.983952	14.9525	1.18712	17.8735	1.26607	19.2526
0.255412	3.83313	0.10221	1.50331	1.25719	2.20826	0.369156	6.19301	0.573657	8.45517	0.838106	12.5276	0.910471	13.3791	1.12474	16.8774	0.219337	3.78619	0.428763	6.51507	0.615584	9.02574	0.716428	10.5992	0.984262	14.5788	1.18788	17.4365	1.26653	18.772
0.256159	3.74828	0.105805	1.51806	1.25348	2.20837	0.370804	6.11308	0.574456	8.25906	0.838252	12.2179	0.911869	13.0716	1.1251	16.4609	0.22271	3.73432	0.428997	6.45876	0.61689	8.82393	0.717383	10.3517	0.984582	14.2238	1.18864	17.0211	1.26699	18.3154
0.257015	3.66911	0.108948	1.53048	1.24977	2.20848	0.372803	6.02012	0.575281	8.0727	0.838412	11.9234	0.913289	12.7791	1.12546	16.0649	0.226094	3.68553	0.429149	6.4233	0.618211	8.63196	0.718365	10.1166	0.984912	13.8859	1.18943	16.6257	1.26748	17.8809
0.257984	3.59529	0.111634	1.54075	1.24607	2.2086	0.375154	5.91591	0.576131	7.89541	0.838586	11.6431	0.914731	12.5006	1.12584	15.6878	0.22949	3.63955	0.429371	6.37309	0.619547	8.44913	0.719377	9.89291	0.98525	13.5641	1.19022	16.2489	1.26797	17.467
0.258924	3.53507	0.11386	1.54904	1.24236	2.20872	0.377861	5.80233	0.577006	7.72657	0.838774	11.376	0.916193	12.235	1.12622	15.3284	0.232893	3.59613	0.429615	6.3195	0.620897	8.27482	0.720417	9.67987	0.985598	13.2572	1.19104	15.8896	1.26848	17.0724
0.259798	3.48662	0.115622	1.55546	1.23866	2.20884	0.380575	5.69467	0.577908	7.56562	0.838976	11.1211	0.917676	11.9816	1.12662	14.9854	0.236305	3.55506	0.429954	6.24824	0.62226	8.10844	0.721486	9.47677	0.985956	12.9642	1.19186	15.5464	1.26901	16.6957
0.260573	3.44847	0.116919	1.56011	1.23496	2.20897	0.383298	5.59249	0.578835	7.41205	0.839192	10.8778	0.91918	11.7394	1.12702	14.6579	0.239722	3.51614	0.430393	6.16071	0.623637	7.94947	0.722585	9.28297	0.986323	12.6842	1.1927	15.2183	1.26954	16.3358
0.261221	3.4195	0.11775	1.56306	1.23126	2.2091	0.386027	5.49537	0.57979	7.26539	0.839423	10.6451	0.920703	11.5079	1.12744	14.3446	0.243145	3.47918	0.430941	6.05853	0.625025	7.79742	0.723713	9.09785	0.9867	12.4163	1.19355	14.9044	1.2701	15.9915
0.261716	3.39885	0.118946	1.56726	1.22756	2.20924	0.388762	5.40295	0.580771	7.1252	0.839668	10.4225	0.922246	11.2862	1.12786	14.0449	0.24657	3.44403	0.431608	5.94354	0.626424	7.65184	0.724871	8.92089	0.987087	12.1599	1.19442	14.6038	1.27067	15.6618
0.262043	3.38592	0.120246	1.57176	1.22387	2.20938	0.391503	5.3149	0.58178	6.9911	0.839929	10.2093	0.923809	11.0739	1.1283	13.7577	0.249998	3.41055	0.432405	5.8177	0.627834	7.51235	0.726059	8.75157	0.987483	11.9141	1.1953	14.3156	1.27125	15.346
0.262524	3.36771	0.122017	1.57779	1.22017	2.20952	0.394249	5.23089	0.582682	6.87891	0.840204	10.0049	0.92539	10.8703	1.12874	13.4824	0.253426	3.37861	0.433237	5.69796	0.629253	7.37855	0.727277	8.58943	0.98789	11.6784	1.19619	14.0391	1.27185	15.0431
0.263063	3.34844	0.124259	1.58528	1.21648	2.20967	0.396999	5.15067	0.583467	6.78654	0.840493	9.80891	0.92699	10.675	1.1292	13.2182	0.256855	3.34809	0.434104	5.58395	0.630682	7.25012	0.728526	8.43406	0.988307	11.4521	1.19709	13.7736	1.27246	14.7524
0.263825	3.32305	0.126974	1.59412	1.21279	2.20982	0.399753	5.07398	0.584129	6.71232	0.840798	9.62072	0.928608	10.4874	1.12967	12.9645	0.260283	3.31888	0.435009	5.47531	0.63212	7.12672	0.729804	8.28505	0.988733	11.2347	1.19801	13.5185	1.27309	14.4731
0.264836	3.29228	0.130164	1.6042	1.2091	2.20998	0.40251	5.00058	0.584659	6.65498	0.841119	9.43991	0.930244	10.307	1.13014	12.7206	0.263708	3.2909	0.435951	5.37169	0.633565	7.00808	0.731113	8.14206	0.98917	11.0257	1.19894	13.2732	1.27374	14.2046
0.26613	3.257	0.133832	1.6154	1.20542	2.21014	0.40527	4.93025	0.585053	6.61356	0.841454	9.26607	0.931898	10.1336	1.13063	12.4861	0.26713	3.26404	0.43693	5.2728	0.634831	6.90836	0.732453	8.00473	0.989618	10.8246	1.19987	13.0371	1.2744	13.9464
0.267751	3.21821	0.137507	1.62623	1.20173	2.21031	0.408031	4.86282	0.585308	6.58736	0.841805	9.09882	0.93357	9.96669	1.13113	12.2603	0.270548	3.23823	0.437949	5.17837	0.635914	6.82591	0.733823	7.87277	0.990076	10.6311	1.20082	12.8097	1.27508	13.6978
0.269749	3.17702	0.141187	1.6367	1.19805	2.21048	0.410795	4.7981	0.585676	6.55014	0.842171	8.93779	0.935258	9.80593	1.13164	12.0429	0.273962	3.2134	0.439007	5.08814	0.636812	6.75943	0.735224	7.74588	0.990544	10.4446	1.20178	12.5905	1.27577	13.4584
0.271898	3.13918	0.144873	1.64683	1.19437	2.21065	0.413559	4.73591	0.58608	6.51025	0.842552	8.78266	0.936963	9.651	1.13216	11.8334	0.277369	3.18947	0.440106	5.00186	0.637524	6.70793	0.736656	7.62379	0.991023	10.2648	1.20275	12.3792	1.27648	13.2275
0.274198	3.10453	0.148564	1.65662	1.19069	2.21083	0.416324	4.67612	0.586635	6.45692	0.84295	8.63311	0.938685	9.50159	1.13269	11.6313	0.28077	3.1664	0.441245	4.91933	0.638049	6.67064	0.738118	7.50625	0.991513	10.0913	1.20373	12.1753	1.27721	13.0049
0.27665	3.07288	0.15226	1.6661	1.18701	2.21102	0.419088	4.61858	0.587347	6.39096	0.843363	8.48886	0.940423	9.35742	1.13323	11.4363	0.284163	3.14411	0.442426	4.84034	0.638385	6.64702	0.739611	7.39303	0.992014	9.92393	1.20472	11.9783	1.27795	12.7901
0.279252	3.04403	0.15596	1.67528	1.18334	2.21121	0.421852	4.56316	0.588223	6.31333	0.843791	8.34964	0.942177	9.21823	1.13378	11.248	0.287548	3.12255	0.443649	4.76469	0.638868	6.61342	0.741135	7.28392	0.992525	9.76226	1.20571	11.7881	1.27872	12.5827
0.282	3.01781	0.159663	1.68417	1.17967	2.2114	0.424615	4.50973	0.589271	6.22515	0.844236	8.21521	0.943947	9.08376	1.13435	11.0661	0.290924	3.10169	0.444916	4.69223	0.639395	6.57734	0.742689	7.1787	0.993048	9.60604	1.20672	11.6042	1.2795	12.3823
0.28489	2.99401	0.16337	1.69278	1.176	2.2116	0.427376	4.45819	0.590502	6.1276	0.844696	8.08532	0.945732	8.95379	1.13492	10.8903	0.29429	3.08147	0.446226	4.62278	0.640112	6.529	0.744273	7.07719	0.993582	9.455	1.20773	11.4262	1.28029	12.1885
0.287915	2.97245	0.16708	1.70112	1.17233	2.21181	0.430136	4.40844	0.591763	6.03375	0.845172	7.95976	0.947532	8.82809	1.13551	10.7202	0.297646	3.06186	0.447579	4.5562	0.641021	6.46905	0.745679	6.99161	0.994127	9.3089	1.20875	11.2541	1.28111	12.0012
0.291068	2.95294	0.170793	1.7092	1.16867	2.21202	0.432893	4.36038	0.593054	5.94343	0.845664	7.83832	0.949347	8.70646	1.1361	10.5557	0.30099	3.0428	0.448978	4.49233	0.642122	6.39825	0.746895	6.92069	0.994683	9.16751	1.20978	11.0874	1.28194	11.8199
0.294341	2.93529	0.174508	1.71703	1.165	2.21224	0.435647	4.31391	0.594377	5.85644	0.846172	7.72081	0.951177	8.58872	1.13671	10.3964	0.304323	3.02428	0.450422	4.43106	0.643418	6.31747	0.747914	6.86341	0.995251	9.03059	1.21082	10.9258	1.28279	11.6444
0.297726	2.91932	0.178225	1.72462	1.16134	2.21246	0.438398	4.26895	0.59573	5.77264	0.846696	7.60706	0.953021	8.47468	1.13733	10.2421	0.307644	3.00626	0.451911	4.37226	0.644909	6.22768	0.748727	6.81897	0.99583	8.89797	1.21186	10.7693	1.28367	11.4744
0.301214	2.90488	0.181944	1.73199	1.15768	2.21269	0.441145	4.22544	0.597115	5.69187	0.847237	7.49688	0.954878	8.36418	1.13797	10.0926	0.310951	2.98871	0.453446	4.3158	0.646404	6.14085	0.749329	6.78675	0.996421	8.76943	1.21291	10.6175	1.28456	11.3097
0.304796	2.89179	0.185665	1.73913	1.15403	2.21292	0.443888	4.18328	0.598531	5.61397	0.847793	7.39013	0.95675	8.25705	1.13861	9.9476	0.314246	2.97159	0.455028	4.26158	0.647904	6.05683	0.749717	6.76634	0.997024	8.6448	1.21396	10.4702	1.28546	11.15
0.308463	2.87993	0.189387	1.74606	1.15037	2.21317	0.446627	4.14242	0.599979	5.53883	0.848366	7.28664	0.958634	8.15314	1.13927	9.807	0.317526	2.95489	0.456657	4.20951	0.649407	5.97548	0.750277	6.73727	0.997638	8.5239	1.21503	10.3272	1.28639	10.9952
0.312209	2.86915	0.193109	1.75279	1.14672	2.21341	0.449362	4.10279	0.601459	5.46631	0.848955	7.18629	0.960532	8.05232	1.13994	9.67059	0.320792	2.93858	0.458333	4.15948	0.650914	5.89668	0.750889	6.70604	0.998265	8.40659	1.21609	10.1884	1.28734	10.845
0.316024	2.85933	0.196833	1.75931	1.14307	2.21367	0.452091	4.06434	0.602972	5.3963	0.849482	7.10129	0.962443	7.95446	1.14062	9.53817	0.324043	2.92264	0.460056	4.11139	0.652425	5.82032	0.751727	6.66416	0.998903	8.2927	1.21716	10.0535	1.28831	10.6992
0.319903	2.85038	0.200557	1.76564	1.13943	2.21393	0.454815	4.027	0.604517	5.32868	0.849941	7.03056	0.964366	7.85942	1.14131	9.40958	0.327279	2.90705	0.461827	4.06518	0.653939	5.74628	0.752798	6.61215	0.999554	8.1821	1.21824	9.92244	1.28929	10.5577
0.323838	2.8422	0.204281	1.77179	1.13578	2.21419	0.457534	3.99073	0.606094	5.26335	0.850327	6.97324	0.966302	7.76708	1.14201	9.28466	0.3305	2.89179	0.463646	4.02074	0.655456	5.67446	0.754107	6.55066	1.00022	8.07464	1.21932	9.795	1.2903	10.4202
0.327824	2.83469	0.208005	1.77776	1.13214	2.21447	0.460247	3.95547	0.607704	5.20021	0.850637	6.92865	0.968249	7.67735	1.14273	9.16327	0.333705	2.87684	0.465513	3.97802	0.656977	5.60475	0.755663	6.4804	1.00089	7.97021	1.22041	9.67103	1.29133	10.2866
0.331855	2.82779	0.21173	1.78356	1.1285	2.21475	0.462954	3.92119	0.609347	5.13916	0.850867	6.89627	0.970208	7.5901	1.14346	9.04525	0.336894	2.8622	0.467428	3.93692	0.6585	5.53708	0.757476	6.40218	1.00158	7.86868	1.22149	9.55041	1.29238	10.1568
0.335927	2.82142	0.215453	1.78919	1.12486	2.21504	0.465656	3.88783	0.611022	5.08012	0.851016	6.87572	0.972179	7.50524	1.1442	8.93048	0.340067	2.84783	0.469391	3.89739	0.660028	5.47135	0.759318	6.32643	1.00228	7.76993	1.22259	9.43299	1.29345	10.0306
0.340034	2.81554	0.219177	1.79465	1.12123	2.21533	0.468351	3.85536	0.612731	5.02301	0.851231	6.84641	0.974161	7.42268	1.14496	8.81883	0.343224	2.83374	0.471402	3.85936	0.661558	5.40748	0.761187	6.25303	1.00299	7.67386	1.22368	9.31865	1.29453	9.90779
0.344174	2.81008	0.222899	1.79996	1.1176	2.21564	0.47104	3.82374	0.614473	4.96774	0.851466	6.81488	0.976153	7.34232	1.14573	8.71018	0.346364	2.8199	0.47346	3.82277	0.663092	5.3454	0.763085	6.18189	1.00372	7.58036	1.22478	9.20727	1.29564	9.78835
0.348343	2.805	0.226621	1.80512	1.11397	2.21595	0.473723	3.79293	0.616248	4.91423	0.85179	6.7725	0.978157	7.26407	1.14651	8.60441	0.349488	2.80632	0.475567	3.78755	0.664629	5.28503	0.76501	6.11291	1.00446	7.48935	1.22588	9.09874	1.29678	9.6721
0.352537	2.80027	0.230341	1.81013	1.11035	2.21626	0.476399	3.76291	0.618055	4.86243	0.852205	6.71976	0.979911	7.19755	1.14731	8.50141	0.352595	2.79297	0.47772	3.75365	0.66617	5.22631	0.766962	6.046	1.00521	7.40072	1.22699	8.99293	1.29793	9.55893
0.356754	2.79584	0.234061	1.815	1.10673	2.21659	0.47907	3.73364	0.619896	4.81225	0.852716	6.65719	0.981412	7.14203	1.14812	8.40109	0.355687	2.77985	0.479921	3.72101	0.667715	5.16917	0.768941	5.98107	1.00598	7.31438	1.22809	8.88976	1.2991	9.44872
0.360991	2.79167	0.237778	1.81973	1.10311	2.21692	0.481734	3.70508	0.62177	4.76364	0.853327	6.58544	0.982658	7.09691	1.14894	8.30334	0.358762	2.76696	0.482169	3.68958	0.669263	5.11355	0.770945	5.91805	1.00665	7.24095	1.2292	8.78913	1.3003	9.34138
0.365245	2.78776	0.241494	1.82433	1.09949	2.21727	0.484392	3.67723	0.623676	4.71653	0.854043	6.50523	0.983645	7.06173	1.14977	8.20808	0.361822	2.75428	0.484463	3.65931	0.670816	5.05939	0.772976	5.85686	1.00724	7.17965	1.23031	8.69093	1.30151	9.23679
0.369516	2.78406	0.245209	1.82879	1.09588	2.21762	0.487044	3.65004	0.625615	4.67087	0.854776	6.42721	0.984373	7.03615	1.15062	8.1152	0.364866	2.7418	0.486803	3.63016	0.672372	5.00665	0.775032	5.79742	1.00773	7.12982	1.23142	8.59509	1.30275	9.13485
0.3738	2.78056	0.248921	1.83313	1.09227	2.21797	0.48969	3.62349	0.627587	4.6266	0.855526	6.35129	0.984839	7.01989	1.15149	8.02464	0.367894	2.72953	0.489188	3.60207	0.673934	4.95526	0.777113	5.73966	1.00812	7.09097	1.23253	8.50151	1.30401	9.03547
0.378095	2.77723	0.252631	1.83735	1.08866	2.21834	0.492331	3.59757	0.629591	4.58367	0.856293	6.27739	0.98551	6.99669	1.15236	7.9363	0.370908	2.71746	0.491618	3.57501	0.6755	4.90518	0.779219	5.68352	1.00841	7.06271	1.23365	8.41012	1.30529	8.93857
0.382401	2.77406	0.256339	1.84144	1.08505	2.21872	0.494967	3.57225	0.631628	4.54202	0.857077	6.20545	0.98624	6.97169	1.15326	7.85011	0.373907	2.70558	0.494092	3.54892	0.677071	4.85636	0.781348	5.62893	1.0086	7.04475	1.23476	8.32085	1.30659	8.84405
0.386716	2.77103	0.260045	1.84542	1.08145	2.2191	0.497597	3.54751	0.633696	4.50161	0.857878	6.13538	0.987236	6.93804	1.15416	7.766	0.376893	2.69389	0.496609	3.52378	0.678647	4.80876	0.783501	5.57584	1.00886	7.01912	1.23588	8.23361	1.30791	8.75184
0.391038	2.76813	0.263748	1.84929	1.07785	2.2195	0.500223	3.52333	0.635796	4.46239	0.858696	6.06713	0.988498	6.89607	1.15508	7.68389	0.379864	2.68239	0.499169	3.49953	0.680229	4.76234	0.785676	5.52418	1.00916	6.99149	1.23699	8.14834	1.30926	8.66185
0.395367	2.76534	0.267449	1.85304	1.07426	2.2199	0.502845	3.4997	0.637927	4.42431	0.859531	6.00062	0.990028	6.84615	1.15602	7.60373	0.382823	2.67107	0.50177	3.47615	0.681817	4.71706	0.787875	5.47391	1.00956	6.95432	1.23811	8.06497	1.31062	8.57401
0.3997	2.76264	0.271146	1.85669	1.07067	2.22032	0.505463	3.4766	0.640089	4.38734	0.860384	5.9358	0.99183	6.78874	1.15697	7.52545	0.385769	2.65993	0.504412	3.45359	0.683411	4.67287	0.790094	5.42496	1.01007	6.90793	1.23923	7.98344	1.31201	8.48826
0.404037	2.76004	0.274841	1.86024	1.06708	2.22074	0.508077	3.45401	0.642282	4.35144	0.861253	5.87261	0.993905	6.72434	1.15793	7.44898	0.388704	2.64897	0.507094	3.43182	0.685012	4.62975	0.792336	5.3773	1.0107	6.85277	1.24035	7.90368	1.31342	8.40451
0.408377	2.75752	0.278533	1.86368	1.0635	2.22118	0.510689	3.43192	0.644506	4.31656	0.86214	5.81098	0.995988	6.66147	1.15879	7.38378	0.391628	2.63819	0.509815	3.41081	0.686619	4.58767	0.794598	5.33086	1.01145	6.78933	1.24147	7.82565	1.31485	8.32272
0.412718	2.75506	0.282221	1.86703	1.05991	2.22162	0.513298	3.41031	0.646759	4.28266	0.863044	5.75088	0.998079	6.60006	1.15952	7.32922	0.394541	2.62759	0.512573	3.39053	0.688234	4.54657	0.796881	5.28561	1.01232	6.71816	1.24258	7.74928	1.3163	8.2428
0.41706	2.75266	0.285906	1.87027	1.05634	2.22208	0.515906	3.38918	0.649042	4.24972	0.863966	5.69224	1.00018	6.54008	1.16014	7.28481	0.397445	2.61716	0.515369	3.37094	0.689856	4.50645	0.799183	5.24151	1.0132	6.64867	1.2437	7.67453	1.31778	8.16471
0.421402	2.75032	0.289587	1.87343	1.05276	2.22254	0.518513	3.36852	0.651353	4.21769	0.864906	5.63503	1.00228	6.48147	1.16063	7.25013	0.400339	2.6069	0.5182	3.35202	0.691487	4.46726	0.801504	5.19851	1.0141	6.58082	1.24482	7.60133	1.31927	8.08838
0.425742	2.74801	0.293265	1.87649	1.04919	2.22302	0.52112	3.3483	0.653693	4.18655	0.865863	5.57919	1.0044	6.42418	1.16099	7.22487	0.403226	2.59682	0.521067	3.33373	0.693125	4.42898	0.803845	5.15657	1.01502	6.51455	1.24595	7.52965	1.32079	8.01376
0.43008	2.74575	0.29694	1.87946	1.04562	2.22351	0.523727	3.32853	0.656062	4.15626	0.866837	5.52467	1.00651	6.36817	1.16123	7.20881	0.406105	2.58691	0.523966	3.31605	0.694772	4.39158	0.806203	5.11565	1.01594	6.4498	1.24692	7.46838	1.32232	7.9408
0.434415	2.74351	0.30061	1.88234	1.04206	2.22401	0.526336	3.3092	0.658458	4.12678	0.86783	5.47144	1.00864	6.3134	1.16157	7.18587	0.408978	2.57717	0.526899	3.29895	0.696429	4.35504	0.808579	5.07573	1.01689	6.38654	1.24776	7.41701	1.32388	7.86944
0.438745	2.74129	0.304276	1.88514	1.0385	2.22452	0.528948	3.29028	0.66088	4.0981	0.86884	5.41946	1.01077	6.25983	1.16193	7.16113	0.411845	2.56761	0.529862	3.28241	0.698094	4.31932	0.810973	5.03675	1.01784	6.32471	1.24844	7.37512	1.32546	7.79963
0.443071	2.73909	0.307939	1.88786	1.03494	2.22504	0.531562	3.27179	0.66333	4.07019	0.869869	5.36868	1.01291	6.20741	1.16244	7.1278	0.414707	2.55821	0.532856	3.2664	0.69977	4.28442	0.813382	4.9987	1.01882	6.26428	1.24899	7.34236	1.32705	7.73134
0.44739	2.73689	0.311597	1.89049	1.03139	2.22557	0.534181	3.2537	0.665805	4.04301	0.870915	5.31908	1.01505	6.15611	1.16308	7.08616	0.417566	2.54899	0.535879	3.25089	0.701456	4.2503	0.815808	4.96154	1.0198	6.20519	1.24939	7.31847	1.32867	7.6645
0.451702	2.7347	0.315251	1.89304	1.02784	2.22612	0.536805	3.23602	0.668305	4.01654	0.87198	5.2706	1.0172	6.10589	1.16387	7.03656	0.42042	2.53994	0.538929	3.23587	0.703152	4.21694	0.81825	4.92523	1.0208	6.1474	1.24965	7.30327	1.33031	7.59909
0.456006	2.73251	0.3189	1.89552	1.0243	2.22668	0.539435	3.21874	0.67083	3.99075	0.873062	5.22323	1.01935	6.05672	1.1648	6.9794	0.423273	2.53106	0.542007	3.22132	0.70486	4.18432	0.820707	4.88975	1.02182	6.09089	1.25001	7.28155	1.33175	7.54321
0.460302	2.73031	0.322545	1.89792	1.02076	2.22725	0.542073	3.20186	0.673379	3.96563	0.874163	5.17692	1.02151	6.00857	1.16589	6.91515	0.426123	2.52234	0.54511	3.20721	0.706578	4.15243	0.823178	4.85507	1.02286	6.0356	1.25042	7.2581	1.333	7.49637
0.464587	2.72809	0.326186	1.90024	1.01722	2.22784	0.54472	3.18536	0.675952	3.94114	0.875283	5.13165	1.02367	5.9614	1.16699	6.85228	0.428973	2.5138	0.548237	3.19352	0.708309	4.12124	0.825663	4.82117	1.0239	5.98151	1.25096	7.22647	1.33403	7.4582
0.46886	2.72585	0.329821	1.9025	1.01369	2.22844	0.547377	3.16924	0.678547	3.91726	0.876421	5.08738	1.02584	5.91517	1.16811	6.79076	0.431822	2.50542	0.551388	3.18023	0.710052	4.09073	0.828161	4.78801	1.02497	5.92858	1.25165	7.1869	1.33485	7.42835
0.473122	2.72358	0.333452	1.90468	1.01016	2.22905	0.550046	3.15351	0.681164	3.89398	0.877577	5.04409	1.028	5.86988	1.16925	6.73054	0.434673	2.49721	0.55456	3.16733	0.711808	4.06089	0.830673	4.75557	1.02605	5.87678	1.25249	7.13968	1.33546	7.4066
0.477369	2.72128	0.337078	1.90679	1.00664	2.22968	0.552727	3.13816	0.683803	3.87127	0.878753	5.00175	1.03018	5.82547	1.1704	6.67159	0.437524	2.48917	0.557754	3.1548	0.713577	4.0317	0.833197	4.72384	1.02714	5.82606	1.25346	7.08515	1.33585	7.39276
0.481602	2.71894	0.340699	1.90883	1.00312	2.23032	0.555423	3.12318	0.686463	3.84911	0.879947	4.96033	1.03235	5.78193	1.17157	6.61387	0.440378	2.4813	0.560967	3.14262	0.715359	4.00314	0.835733	4.69278	1.02826	5.77642	1.25459	7.02371	1.33642	7.37298
0.485819	2.71655	0.344315	1.91081	0.999603	2.23097	0.558135	3.10858	0.689143	3.82749	0.88116	4.9198	1.03453	5.73924	1.17276	6.55736	0.443234	2.47359	0.5642	3.13077	0.717155	3.9752	0.838281	4.66237	1.02938	5.7278	1.25571	6.96343	1.33703	7.35164
0.490018	2.71411	0.347926	1.91272	0.996092	2.23164	0.560865	3.09435	0.691842	3.80638	0.882392	4.88015	1.03671	5.69735	1.17396	6.50201	0.446094	2.46605	0.567449	3.11925	0.718965	3.94786	0.840839	4.6326	1.03053	5.68019	1.25684	6.90429	1.33787	7.32286
0.494198	2.71162	0.351532	1.91456	0.992585	2.23233	0.563614	3.08049	0.694561	3.78576	0.883643	4.84134	1.03889	5.65626	1.17518	6.44779	0.448957	2.45866	0.570715	3.10802	0.720791	3.92111	0.843409	4.60344	1.03169	5.63356	1.25797	6.84625	1.33894	7.28687
0.498358	2.70905	0.355132	1.91635	0.989083	2.23303	0.566384	3.06701	0.697297	3.76562	0.884913	4.80335	1.04108	5.61594	1.17642	6.39468	0.451826	2.45145	0.573997	3.09709	0.722631	3.89494	0.845988	4.57487	1.03287	5.58789	1.2591	6.78929	1.34024	7.24394
0.502496	2.70642	0.358727	1.91807	0.985586	2.23374	0.569177	3.05389	0.700051	3.74595	0.886203	4.76617	1.04326	5.57636	1.17768	6.34264	0.4547	2.44439	0.577293	3.08643	0.724487	3.86933	0.848577	4.54688	1.03406	5.54313	1.26023	6.73337	1.34178	7.19439
0.506611	2.70371	0.362316	1.91973	0.982093	2.23448	0.571995	3.04114	0.702822	3.72672	0.887512	4.72977	1.04545	5.5375	1.17896	6.29165	0.457579	2.43749	0.580602	3.07604	0.726359	3.84426	0.851175	4.51945	1.03528	5.49928	1.26136	6.67848	1.34357	7.13859
0.5107	2.70092	0.3659	1.92134	0.978604	2.23523	0.57484	3.02876	0.705609	3.70792	0.888841	4.69413	1.04764	5.49934	1.18026	6.24167	0.460465	2.43075	0.583924	3.06589	0.728247	3.81973	0.853782	4.49255	1.0365	5.45631	1.26249	6.62457	1.34537	7.08389
0.514763	2.69804	0.369479	1.92288	0.971642	2.23677	0.577713	3.01676	0.708411	3.68953	0.890189	4.65923	1.04983	5.46187	1.18157	6.19269	0.463359	2.42417	0.587257	3.05599	0.730152	3.79572	0.856397	4.46618	1.03775	5.4142	1.26362	6.57163	1.34719	7.03026
0.518797	2.69506	0.373051	1.92437	0.968168	2.23757	0.580617	3.00512	0.711229	3.67155	0.891558	4.62505	1.05202	5.42506	1.1829	6.14467	0.466259	2.41774	0.5906	3.04631	0.732075	3.77222	0.85902	4.44031	1.03901	5.37291	1.26476	6.51964	1.34903	6.97766
0.522801	2.69198	0.376619	1.92581	0.964699	2.23839	0.583554	2.99386	0.71406	3.65395	0.892946	4.59157	1.05421	5.38889	1.18425	6.0976	0.469168	2.41147	0.593952	3.03685	0.734015	3.74923	0.861651	4.41493	1.04029	5.33244	1.2659	6.46856	1.35089	6.92608
0.526773	2.68878	0.38018	1.92719	0.961235	2.23923	0.586526	2.98297	0.716905	3.63673	0.894354	4.55878	1.0564	5.35335	1.18562	6.05144	0.472085	2.40535	0.597312	3.0276	0.735973	3.72672	0.864288	4.39003	1.04159	5.29276	1.26704	6.41837	1.35276	6.87548
0.530712	2.68548	0.383736	1.92852	0.957776	2.24008	0.589534	2.97245	0.719763	3.61987	0.895783	4.52665	1.05859	5.31842	1.18701	6.00617	0.475011	2.39938	0.60068	3.01854	0.73795	3.70469	0.866932	4.36559	1.04291	5.25386	1.26818	6.36906	1.35465	6.82583
0.534615	2.68205	0.387285	1.92979	0.954322	2.24095	0.59258	2.9623	0.722634	3.60335	0.897232	4.49518	1.06078	5.28408	1.18842	5.96178	0.477946	2.39355	0.604055	3.00967	0.739946	3.68313	0.869582	4.3416	1.04424	5.21571	1.26933	6.32059	1.35655	6.77711
0.538482	2.6785	0.390829	1.93102	0.950873	2.24184	0.595667	2.95253	0.725516	3.58717	0.898701	4.46434	1.06296	5.25031	1.18985	5.91824	0.48089	2.38788	0.607435	3.00097	0.741961	3.66203	0.872238	4.31804	1.04559	5.17829	1.27047	6.27296	1.35847	6.7293
0.542311	2.67483	0.394367	1.9322	0.947429	2.24276	0.598796	2.94312	0.728409	3.57132	0.900191	4.43413	1.06515	5.21711	1.1913	5.87553	0.483845	2.38235	0.610819	2.99244	0.743996	3.64138	0.874899	4.2949	1.04696	5.14159	1.27162	6.22614	1.36041	6.68236
0.5461	2.67102	0.3979	1.93332	0.943991	2.24369	0.601968	2.93408	0.731312	3.55578	0.901702	4.40452	1.06734	5.18444	1.19276	5.83363	0.48681	2.37696	0.614207	2.98408	0.746051	3.62117	0.877565	4.27217	1.04835	5.10559	1.27278	6.18011	1.36236	6.63628
0.549848	2.66707	0.401426	1.93441	0.940558	2.24464	0.605186	2.92541	0.734225	3.54055	0.903233	4.3755	1.06952	5.15231	1.19425	5.79252	0.489785	2.37171	0.617599	2.97586	0.748127	3.6014	0.880236	4.24984	1.04976	5.07027	1.27393	6.13485	1.36433	6.59104
0.553555	2.66299	0.404946	1.93544	0.93713	2.24561	0.608449	2.91711	0.737148	3.52561	0.904786	4.34705	1.0717	5.1207	1.19576	5.75219	0.492772	2.3666	0.620992	2.96779	0.750224	3.58204	0.88291	4.22789	1.05119	5.03562	1.27509	6.09034	1.36632	6.54661
0.557219	2.65877	0.408461	1.93643	0.933708	2.2466	0.61176	2.90916	0.740079	3.51095	0.906359	4.31917	1.07388	5.08958	1.19729	5.7126	0.495769	2.36162	0.624386	2.95985	0.752342	3.5631	0.885589	4.20631	1.05263	5.00162	1.27625	6.04657	1.36831	6.50297
0.560839	2.65442	0.411969	1.93738	0.930291	2.24762	0.615118	2.90156	0.743018	3.49656	0.907954	4.29184	1.07606	5.05896	1.19883	5.67375	0.498778	2.35678	0.62778	2.95204	0.754482	3.54457	0.888271	4.1851	1.05409	4.96825	1.27742	6.00351	1.37033	6.4601
0.564416	2.64993	0.415472	1.93829	0.92688	2.24866	0.618524	2.89432	0.745965	3.48244	0.90957	4.26505	1.07824	5.02881	1.2004	5.63562	0.501798	2.35207	0.631174	2.94436	0.756645	3.52643	0.890955	4.16425	1.05558	4.93551	1.27859	5.96117	1.37235	6.41799
0.56795	2.6453	0.418968	1.93915	0.923475	2.24972	0.621979	2.88741	0.748919	3.46858	0.911208	4.23879	1.08041	4.99913	1.20199	5.5982	0.50483	2.34749	0.634567	2.93679	0.75883	3.50869	0.893643	4.14373	1.05708	4.90338	1.27976	5.9195	1.37439	6.3766
0.57144	2.64056	0.422459	1.93997	0.920075	2.2508	0.625483	2.88083	0.751879	3.45496	0.912867	4.21303	1.08258	4.9699	1.2036	5.56145	0.507874	2.34304	0.637958	2.92933	0.761038	3.49133	0.896333	4.12355	1.0586	4.87184	1.28094	5.87851	1.37645	6.33593
0.574887	2.63568	0.425944	1.94075	0.916681	2.2519	0.629034	2.87458	0.754845	3.44158	0.914548	4.18778	1.08475	4.94111	1.20523	5.52538	0.51093	2.33871	0.641345	2.92197	0.76327	3.47435	0.899025	4.10369	1.06014	4.84088	1.28212	5.83818	1.37852	6.29596
0.578291	2.63069	0.429423	1.9415	0.913293	2.25303	0.632632	2.86863	0.757816	3.42843	0.916251	4.16303	1.08691	4.91275	1.20688	5.48996	0.513998	2.33451	0.64473	2.91471	0.765526	3.45774	0.901718	4.08415	1.0617	4.81049	1.28331	5.79848	1.3806	6.25666
0.581654	2.6256	0.432896	1.9422	0.909911	2.25419	0.636277	2.86299	0.760792	3.41551	0.917976	4.13875	1.08907	4.88481	1.20855	5.45518	0.517079	2.33042	0.64811	2.90754	0.767806	3.44149	0.904413	4.06491	1.06328	4.78065	1.2845	5.75942	1.38269	6.21802
0.584978	2.6204	0.436364	1.94287	0.906535	2.25536	0.639967	2.85763	0.763773	3.4028	0.919723	4.11494	1.09123	4.85728	1.21024	5.42103	0.520171	2.32645	0.651485	2.90046	0.770111	3.4256	0.907109	4.04597	1.06488	4.75136	1.28569	5.72097	1.3848	6.18003
0.588262	2.6151	0.439826	1.94351	0.903164	2.25657	0.643701	2.85255	0.766757	3.3903	0.921493	4.09159	1.09339	4.83015	1.21195	5.38748	0.523277	2.3226	0.654854	2.89346	0.77244	3.41005	0.909806	4.02732	1.0665	4.72259	1.28689	5.68312	1.38692	6.14267
0.591509	2.60972	0.443282	1.94411	0.8998	2.2578	0.647478	2.84774	0.769745	3.378	0.923284	4.0687	1.09554	4.80341	1.21369	5.35454	0.526394	2.31886	0.658217	2.88654	0.774795	3.39485	0.912503	4.00896	1.06814	4.69435	1.2881	5.64586	1.38905	6.10592
0.59472	2.60427	0.446732	1.94468	0.896442	2.25905	0.651295	2.84317	0.772736	3.3659	0.925099	4.04624	1.09768	4.77706	1.21544	5.32217	0.529525	2.31523	0.661574	2.87969	0.777175	3.37999	0.9152	3.99086	1.06979	4.66661	1.28931	5.60917	1.39119	6.06977
0.597898	2.59875	0.450177	1.94521	0.893091	2.26033	0.655152	2.83884	0.77573	3.35399	0.926935	4.02421	1.09983	4.75107	1.21721	5.29038	0.532667	2.31171	0.664922	2.87291	0.779582	3.36546	0.917898	3.97304	1.07147	4.63938	1.29052	5.57305	1.39334	6.03421
0.601044	2.59317	0.453617	1.94571	0.889745	2.26164	0.659045	2.83474	0.778725	3.34226	0.928795	4.00261	1.10197	4.72545	1.21901	5.25915	0.535823	2.3083	0.668263	2.86619	0.782014	3.35125	0.920594	3.95547	1.07317	4.61263	1.29174	5.53748	1.39551	5.99921
0.60416	2.58755	0.457051	1.94619	0.886406	2.26298	0.662974	2.83084	0.781723	3.33071	0.930677	3.98142	1.1041	4.70019	1.22083	5.22846	0.538991	2.30499	0.671594	2.85954	0.784474	3.33737	0.92329	3.93815	1.07489	4.58635	1.29297	5.50245	1.39769	5.96477
0.607248	2.58189	0.460479	1.94663	0.883074	2.26434	0.666937	2.82714	0.784722	3.31934	0.932583	3.96063	1.10623	4.67527	1.22266	5.19831	0.542171	2.30178	0.674917	2.85294	0.78696	3.32379	0.925985	3.92109	1.07663	4.56055	1.2942	5.46795	1.39987	5.93088
0.61031	2.57621	0.463902	1.94705	0.879747	2.26574	0.670931	2.82363	0.787722	3.30813	0.934511	3.94024	1.10836	4.6507	1.22452	5.16868	0.545364	2.29866	0.678229	2.84639	0.789473	3.31053	0.928679	3.90426	1.07839	4.5352	1.29544	5.43397	1.40207	5.89752
0.613349	2.5705	0.467321	1.94743	0.876428	2.26716	0.674955	2.8203	0.790722	3.29708	0.936462	3.92024	1.11049	4.62645	1.2264	5.13956	0.548569	2.29565	0.681532	2.83989	0.792013	3.29756	0.931372	3.88767	1.08018	4.51029	1.29668	5.4005		
0.616365	2.56478	0.470734	1.94779	0.873115	2.26861	0.679006	2.81712	0.793723	3.28619	0.938437	3.90062	1.11261	4.60254	1.2283	5.11094	0.551787	2.29273	0.684823	2.83345	0.79458	3.2849	0.934063	3.8713	1.08198	4.48583	1.29793	5.36752		
0.619361	2.55906	0.474142	1.94813	0.869808	2.27009	0.683084	2.8141	0.796724	3.27546	0.940435	3.88137	1.11472	4.57894	1.23022	5.08281	0.555017	2.2899	0.688104	2.82704	0.797175	3.27252	0.936752	3.85516	1.0838	4.46179	1.29919	5.33504		
0.622338	2.55335	0.477545	1.94844	0.866509	2.27161	0.687186	2.81122	0.799725	3.26487	0.942456	3.86249	1.11683	4.55565	1.23216	5.05515	0.558259	2.28716	0.691373	2.82068	0.799798	3.26043	0.939439	3.83923	1.08564	4.43818	1.30045	5.30303		
0.625299	2.54765	0.480943	1.94873	0.863216	2.27315	0.69131	2.80847	0.802725	3.25443	0.9445	3.84397	1.11894	4.53267	1.23412	5.02797	0.561513	2.28451	0.69463	2.81436	0.802449	3.24862	0.942124	3.82352	1.08751	4.41498	1.30172	5.27149		
0.628245	2.54196	0.484337	1.94899	0.85993	2.27473	0.695455	2.80584	0.805725	3.24413	0.946568	3.82579	1.12104	4.50999	1.2361	5.00124	0.564779	2.28194	0.697874	2.80808	0.805127	3.23708	0.944807	3.80801	1.08939	4.39218	1.30299	5.24041		
0.631178	2.5363	0.487726	1.94923	0.856651	2.27634	0.699619	2.80333	0.808723	3.23396	0.94866	3.80796	1.12314	4.48761	1.2381	4.97496	0.568058	2.27946	0.701106	2.80183	0.807834	3.22581	0.947487	3.79271	1.0913	4.36978	1.30427	5.20978		
0.634098	2.53067	0.49111	1.94945	0.853379	2.27798	0.703801	2.80092	0.811721	3.22393	0.950774	3.79046	1.12524	4.46551	1.24012	4.94911	0.571348	2.27706	0.704325	2.79561	0.810568	3.21481	0.950164	3.7776	1.09323	4.34776	1.30556	5.1796		
0.637008	2.52507	0.49449	1.94965	0.850113	2.27966	0.707999	2.7986	0.814717	3.21403	0.952913	3.7733	1.12733	4.4437	1.24216	4.9237	0.574649	2.27473	0.707532	2.78943	0.813331	3.20406	0.952839	3.76269	1.09517	4.32612	1.30686	5.14985		
0.639909	2.51952	0.497866	1.94983	0.846855	2.28137	0.712212	2.79638	0.817711	3.20426	0.955074	3.75645	1.12942	4.42217	1.24422	4.8987	0.577962	2.27248	0.710725	2.78328	0.816121	3.19357	0.95551	3.74796	1.09714	4.30486	1.30816	5.12052		
0.642802	2.514	0.501238	1.94999	0.843604	2.28311	0.716438	2.79424	0.820704	3.19461	0.95726	3.73993	1.13151	4.4009	1.2463	4.87411	0.581287	2.27031	0.713904	2.77716	0.818939	3.18332	0.958179	3.73342	1.09913	4.28396	1.30947	5.09162		
0.645689	2.50854	0.504605	1.95014	0.84036	2.2849	0.720677	2.79217	0.823696	3.18508	0.959468	3.72371	1.13359	4.37991	1.2484	4.84992	0.584623	2.26821	0.71707	2.77106	0.821785	3.17332	0.960845	3.71906	1.10114	4.26342	1.31079	5.06312		
0.648569	2.50312	0.507969	1.95027	0.837124	2.28671	0.724927	2.79017	0.826685	3.17566	0.9617	3.7078	1.13567	4.35918	1.25052	4.82613	0.587969	2.26618	0.720222	2.765	0.824658	3.16355	0.963507	3.70487	1.10317	4.24322	1.31212	5.03503		
0.651446	2.49776	0.511329	1.95038	0.833894	2.28857	0.729187	2.78824	0.829673	3.16637	0.963956	3.69218	1.13774	4.3387	1.25265	4.80272	0.591327	2.26422	0.723361	2.75896	0.827558	3.15401	0.966166	3.69086	1.10523	4.22337	1.31345	5.00733		
0.654318	2.49245	0.514685	1.95047	0.830672	2.29046	0.733456	2.78637	0.832658	3.15718	0.966235	3.67686	1.13982	4.31849	1.25481	4.77968	0.594696	2.26232	0.726486	2.75294	0.830486	3.1447	0.968822	3.67702	1.1073	4.20386	1.31479	4.98002		
0.657188	2.4872	0.518038	1.95055	0.827458	2.29239	0.737733	2.78455	0.835642	3.14811	0.968537	3.66182	1.14189	4.29852	1.25698	4.75701	0.598075	2.26049	0.729598	2.74696	0.83344	3.13561	0.971475	3.66334	1.10939	4.18467	1.31614	4.95309		
0.660056	2.48201	0.521387	1.95062	0.82425	2.29436	0.742017	2.78278	0.838624	3.13915	0.970863	3.64706	1.14396	4.27879	1.25917	4.7347	0.601464	2.25872	0.732695	2.741	0.836421	3.12673	0.974125	3.64983	1.11151	4.16581	1.3175	4.92654		
0.662922	2.47688	0.524733	1.95068	0.821051	2.29637	0.746306	2.78106	0.841605	3.1303	0.973211	3.63258	1.14602	4.25931	1.26138	4.71274	0.604864	2.25701	0.73578	2.73506	0.839428	3.11807	0.976771	3.63647	1.11364	4.14727	1.31886	4.90035		
0.665789	2.47182	0.528076	1.95072	0.817858	2.29842	0.7506	2.77937	0.844584	3.12155	0.975583	3.61837	1.14809	4.24007	1.2636	4.69112	0.608274	2.25536	0.738851	2.72915	0.84246	3.1096	0.979413	3.62327	1.1158	4.12903	1.32024	4.87452		
0.668655	2.46682	0.531415	1.95075	0.814674	2.30051	0.754899	2.77772	0.847561	3.1129	0.977977	3.60442	1.15015	4.22106	1.26585	4.66984	0.611693	2.25377	0.741908	2.72326	0.845518	3.10134	0.982053	3.61023	1.11797	4.1111	1.32162	4.84905		
0.671523	2.46189	0.534752	1.95077	0.811497	2.30265	0.7592	2.7761	0.850537	3.10436	0.980394	3.59073	1.15221	4.20229	1.26811	4.64888	0.615123	2.25223	0.744953	2.71741	0.848601	3.09327	0.984689	3.59733	1.12017	4.09346	1.32301	4.82393		
0.674392	2.45703	0.538086	1.95077	0.808327	2.30482	0.763504	2.77451	0.853512	3.09592	0.982834	3.57728	1.15427	4.18374	1.27038	4.62825	0.618562	2.25075	0.747985	2.71157	0.851709	3.08539	0.987322	3.58459	1.12238	4.07612	1.32441	4.79915		
0.677263	2.45223	0.541417	1.95077	0.805165	2.30704	0.767809	2.77295	0.856487	3.08758	0.985296	3.56409	1.15633	4.16541	1.27267	4.60793	0.62201	2.24932	0.751005	2.70577	0.85484	3.0777	0.989953	3.57199	1.12462	4.05906	1.32582	4.77471		
0.680136	2.4475	0.544745	1.95076	0.802011	2.3093	0.772114	2.7714	0.859461	3.07935	0.98778	3.55114	1.15838	4.14731	1.27498	4.58792	0.625467	2.24794	0.754012	2.69999	0.857995	3.07018	0.99258	3.55954	1.12687	4.04228	1.32724	4.75059		
0.683013	2.44284	0.548071	1.95074	0.798865	2.31161	0.776419	2.76988	0.862434	3.07121	0.990286	3.53842	1.16044	4.12942	1.27731	4.56821	0.628934	2.24661	0.757007	2.69424	0.861173	3.06283	0.995204	3.54722	1.12914	4.02577	1.32867	4.72681		
0.685893	2.43824	0.551395	1.95071	0.795726	2.31396	0.780724	2.76837	0.865409	3.06317	0.992814	3.52594	1.16249	4.11175	1.27965	4.5488	0.632409	2.24532	0.75999	2.68851	0.864373	3.05565	0.997826	3.53505	1.13144	4.00953	1.3301	4.70334		
0.688776	2.43372	0.554716	1.95068	0.792595	2.31636	0.785026	2.76687	0.868383	3.05523	0.995364	3.51369	1.16455	4.09429	1.282	4.52967	0.635893	2.24409	0.762963	2.68282	0.867595	3.04864	1.00044	3.52301	1.13375	3.99356	1.33155	4.68019		
0.691664	2.42926	0.558035	1.95063	0.789472	2.31881	0.789325	2.76537	0.871359	3.04739	0.997935	3.50165	1.16661	4.07703	1.28437	4.51082	0.639385	2.24289	0.765924	2.67716	0.870839	3.04178	1.00306	3.51111	1.13608	3.97784	1.333	4.65734		
0.694556	2.42488	0.561352	1.95059	0.786356	2.3213	0.793621	2.76389	0.874337	3.03965	1.00053	3.48983	1.16866	4.05999	1.28675	4.49224	0.642886	2.24174	0.768874	2.67152	0.874102	3.03507	1.00568	3.49934	1.13843	3.96237	1.33447	4.63481		
0.697454	2.42056	0.564667	1.95053	0.783249	2.32385	0.797913	2.7624	0.877317	3.03201	1.00314	3.47823	1.17072	4.04315	1.28915	4.47394	0.646394	2.24063	0.771815	2.66592	0.877386	3.02852	1.00829	3.48771	1.1408	3.94716	1.33594	4.61257		
0.700356	2.41631	0.567981	1.95047	0.780149	2.32644	0.802199	2.76092	0.880299	3.02446	1.00577	3.46683	1.17278	4.02651	1.29156	4.4559	0.649911	2.23957	0.774745	2.66035	0.880688	3.0221	1.0109	3.4762	1.14319	3.93218	1.33742	4.59062		
0.703263	2.41213	0.571292	1.9504	0.777057	2.32908	0.806478	2.75943	0.883286	3.01702	1.00843	3.45563	1.17484	4.01007	1.29399	4.43811	0.653435	2.23854	0.777666	2.65481	0.88401	3.01582	1.01351	3.46483	1.14559	3.91744	1.33892	4.56897		
0.706177	2.40801	0.574602	1.95033	0.773973	2.33177	0.810751	2.75793	0.886276	3.00968	1.0111	3.44464	1.1769	3.99382	1.29642	4.42058	0.656967	2.23754	0.780578	2.6493	0.887349	3.00968	1.01612	3.45358	1.14801	3.90292	1.34042	4.54759		
0.709096	2.40397	0.577911	1.95025	0.770897	2.33451	0.815016	2.75642	0.889272	3.00244	1.01379	3.43383	1.17896	3.97777	1.29887	4.40329	0.660506	2.23659	0.783482	2.64383	0.890705	3.00366	1.01872	3.44245	1.15045	3.88864	1.34194	4.52651		
0.712021	2.39999	0.581218	1.95017	0.767829	2.33731	0.819271	2.7549	0.892273	2.9953	1.01651	3.42322	1.18103	3.96191	1.30134	4.38624	0.664053	2.23567	0.786377	2.6384	0.894077	2.99777	1.02133	3.43146	1.15291	3.87458	1.34346	4.50569		
0.714953	2.39608	0.584523	1.95009	0.764768	2.34016	0.823517	2.75337	0.895281	2.98827	1.01924	3.41279	1.18309	3.94623	1.30381	4.36943	0.667607	2.23478	0.789265	2.633	0.897466	2.992	1.02393	3.42058	1.15538	3.86073	1.345	4.48515		
0.717891	2.39223	0.587827	1.95	0.761715	2.34306	0.827752	2.75181	0.898297	2.98134	1.02199	3.40254	1.18517	3.93075	1.3063	4.35285	0.671167	2.23393	0.792145	2.62764	0.900869	2.98634	1.02654	3.40983	1.15787	3.8471	1.34654	4.46487		
0.720835	2.38845	0.59113	1.94991	0.75867	2.34602	0.831974	2.75024	0.901322	2.97452	1.02475	3.39246	1.18724	3.91545	1.30879	4.33649	0.674734	2.23311	0.795018	2.62231	0.904287	2.9808	1.02914	3.3992	1.16038	3.83367	1.3481	4.44486		
0.723786	2.38474	0.594432	1.94982	0.755633	2.34903	0.836183	2.74863	0.904356	2.9678	1.02754	3.38256	1.18932	3.90033	1.3113	4.32035	0.678308	2.23232	0.797885	2.61703	0.907718	2.97536	1.03175	3.38869	1.1629	3.82045	1.34966	4.42511		
0.726744	2.38108	0.597734	1.94973	0.752604	2.3521	0.840378	2.747	0.907401	2.9612	1.03034	3.37282	1.1914	3.88539	1.31382	4.30442	0.681888	2.23156	0.800746	2.61178	0.911162	2.97002	1.03436	3.3783	1.16544	3.80742	1.35124	4.40562		
0.72971	2.3775	0.601034	1.94963	0.749582	2.35523	0.844558	2.74534	0.910458	2.95471	1.03316	3.36325	1.19348	3.87064	1.31635	4.28871	0.685474	2.23083	0.803601	2.60657	0.914617	2.96478	1.03696	3.36803	1.16799	3.79459	1.35283	4.38637		
0.732682	2.37397	0.604333	1.94953	0.746568	2.35842	0.848721	2.74364	0.913529	2.94833	1.036	3.35384	1.19557	3.85605	1.31888	4.2732	0.689067	2.23013	0.806452	2.60141	0.918085	2.95964	1.03957	3.35788	1.17056	3.78195	1.35443	4.36738		
0.735662	2.37051	0.607631	1.94943	0.743561	2.36166	0.852866	2.7419	0.916614	2.94208	1.03885	3.34458	1.19766	3.84165	1.32143	4.2579	0.692665	2.22945	0.809297	2.59628	0.921562	2.95458	1.04218	3.34784	1.17314	3.76949	1.35604	4.34862		
0.738648	2.36711	0.610929	1.94933	0.740562	2.36496	0.856992	2.74012	0.919715	2.93593	1.04172	3.33548	1.19976	3.82741	1.32399	4.24279	0.696269	2.2288	0.812138	2.5912	0.92505	2.94961	1.04479	3.33792	1.17574	3.75722	1.35766	4.33011		
0.741643	2.36376	0.614226	1.94923	0.73757	2.36833	0.861097	2.73829	0.922833	2.92991	1.0446	3.32652	1.20187	3.81335	1.32655	4.22787	0.699879	2.22817	0.814975	2.58616	0.928547	2.94472	1.04741	3.32812	1.17835	3.74512	1.3593	4.31184		
0.744644	2.36048	0.617522	1.94913	0.734586	2.37175	0.86518	2.73642	0.92597	2.92402	1.0475	3.31771	1.20398	3.79945	1.32913	4.21314	0.703495	2.22757	0.817809	2.58117	0.932052	2.93992	1.05003	3.31843	1.18097	3.7332	1.36094	4.29379		
0.747654	2.35726	0.620818	1.94903	0.731609	2.37523	0.869241	2.73449	0.929126	2.91825	1.05042	3.30903	1.20609	3.78573	1.33171	4.19859	0.707115	2.22699	0.820639	2.57621	0.935564	2.93519	1.05265	3.30886	1.18361	3.72145	1.3626	4.27598		
0.750671	2.3541	0.624114	1.94892	0.728639	2.37878	0.873276	2.7325	0.932305	2.91261	1.05334	3.3005	1.20821	3.77216	1.3343	4.18423	0.710741	2.22644	0.823467	2.5713	0.939084	2.93053	1.05528	3.2994	1.18626	3.70986	1.36427	4.2584		
0.753695	2.35099	0.627409	1.94882	0.725677	2.38239	0.877285	2.73046	0.935507	2.9071	1.05628	3.29209	1.21034	3.75877	1.33689	4.17004	0.714372	2.2259	0.826292	2.56644	0.94261	2.92593	1.05791	3.29005	1.18892	3.69843	1.36595	4.24104		
0.756728	2.34794	0.630703	1.94871	0.722721	2.38607	0.881268	2.72835	0.938733	2.90173	1.05924	3.28382	1.21248	3.74553	1.3395	4.15602	0.718009	2.22539	0.829115	2.56162	0.946141	2.92141	1.06054	3.28082	1.1916	3.68716	1.36764	4.2239		
0.759768	2.34495	0.633998	1.94861	0.719772	2.38981	0.885221	2.72618	0.941985	2.89649	1.0622	3.27567	1.21462	3.73246	1.34211	4.14217	0.721649	2.2249	0.831936	2.55685	0.949677	2.91694	1.06318	3.2717	1.19428	3.67605	1.36935	4.20698		
0.762815	2.34201	0.637292	1.94851	0.71683	2.39361	0.889144	2.72393	0.945264	2.89139	1.06518	3.26765	1.21677	3.71954	1.34472	4.12848	0.725295	2.22443	0.834756	2.55212	0.953216	2.91254	1.06583	3.2627	1.19698	3.66509	1.37107	4.19027		
0.765871	2.33913	0.640586	1.9484	0.713895	2.39748	0.893036	2.72161	0.948573	2.88643	1.06817	3.25974	1.21893	3.70679	1.34735	4.11496	0.728945	2.22397	0.837575	2.54743	0.956759	2.90819	1.06848	3.2538	1.19969	3.65427	1.3728	4.17377		
0.768934	2.3363	0.643879	1.9483	0.710965	2.40142	0.896895	2.71922	0.951911	2.88161	1.07117	3.25195	1.22109	3.69418	1.34998	4.10159	0.7326	2.22354	0.840393	2.5428	0.960305	2.90389	1.07114	3.24502	1.20241	3.6436	1.37454	4.15748		
0.772005	2.33352	0.647173	1.9482	0.708042	2.40542	0.900721	2.71675	0.955281	2.87694	1.07418	3.24427	1.22327	3.68174	1.35261	4.08838	0.736259	2.22312	0.843211	2.53821	0.963852	2.89964	1.0738	3.23635	1.20514	3.63307	1.3763	4.1414		
0.775084	2.33079	0.650467	1.9481	0.705125	2.40949	0.904512	2.71421	0.958684	2.87241	1.0772	3.2367	1.22545	3.66944	1.35525	4.07532	0.739922	2.22272	0.846029	2.53366	0.967401	2.89544	1.07647	3.22779	1.20788	3.62268	1.37806	4.12552		
0.778171	2.32812	0.65376	1.948	0.702214	2.41363	0.908266	2.71158	0.96212	2.86803	1.08024	3.22924	1.22764	3.6573	1.35789	4.06241	0.74359	2.22233	0.848847	2.52917	0.97095	2.89129	1.07915	3.21935	1.21063	3.61242	1.37984	4.10984		
0.781266	2.3255	0.657054	1.9479	0.699309	2.41783	0.911985	2.70887	0.96559	2.8638	1.08328	3.22188	1.22984	3.64531	1.36054	4.04964	0.747261	2.22197	0.851665	2.52472	0.974499	2.88717	1.08184	3.21101	1.21339	3.60229	1.38164	4.09435		
0.784369	2.32292	0.660348	1.9478	0.696408	2.42211	0.915666	2.70607	0.969096	2.85971	1.08633	3.21463	1.23205	3.63347	1.36319	4.03701	0.750937	2.22161	0.854484	2.52032	0.978047	2.88309	1.08454	3.20279	1.21615	3.59229	1.38345	4.07907		
0.787479	2.3204	0.663641	1.94771	0.693513	2.42645	0.91931	2.7032	0.972637	2.85577	1.08938	3.20747	1.23427	3.62177	1.36585	4.02453	0.754616	2.22127	0.857304	2.51596	0.981593	2.87905	1.08725	3.19467	1.21893	3.58242	1.38527	4.06397		
0.790597	2.31792	0.666935	1.94761	0.690622	2.43086	0.922915	2.70024	0.976214	2.85197	1.09245	3.2004	1.2365	3.61022	1.36851	4.01217	0.758299	2.22095	0.860126	2.51165	0.985137	2.87505	1.08997	3.18667	1.22171	3.57266	1.3871	4.04906		
0.793723	2.31549	0.670229	1.94752	0.687736	2.43534	0.926482	2.6972	0.979828	2.84832	1.09553	3.19343	1.23874	3.59882	1.37117	3.99995	0.761985	2.22064	0.862948	2.50739	0.988677	2.87107	1.0927	3.17877	1.2245	3.56303	1.38895	4.03434		
0.796857	2.31311	0.673523	1.94743	0.684854	2.43989	0.930012	2.69408	0.983478	2.84481	1.09861	3.18655	1.24099	3.58755	1.37384	3.98786	0.765676	2.22034	0.865773	2.50317	0.992215	2.86712	1.09544	3.17099	1.2273	3.55351	1.39081	4.01981		
0.799998	2.31077	0.676817	1.94734	0.681975	2.44451	0.933503	2.69088	0.987164	2.84143	1.10169	3.17975	1.24325	3.57643	1.37651	3.9759	0.769369	2.22006	0.868599	2.49901	0.995748	2.8632	1.09819	3.16332	1.2301	3.54411	1.39268	4.00546		
0.803148	2.30848	0.680112	1.94725	0.6791	2.44919	0.936957	2.68761	0.990886	2.83819	1.10479	3.17304	1.24552	3.56545	1.37918	3.96406	0.773066	2.21979	0.871428	2.49489	0.999276	2.85931	1.10095	3.15575	1.23292	3.53482	1.39457	3.99128		
0.806305	2.30624	0.683407	1.94716	0.676227	2.45395	0.940374	2.68426	0.994643	2.83509	1.10789	3.16641	1.24781	3.55461	1.38185	3.95234	0.776766	2.21953	0.874259	2.49081	1.0028	2.85543	1.10373	3.1483	1.23573	3.52563	1.39648	3.97729		
0.809469	2.30403	0.686702	1.94707	0.673357	2.45877	0.943755	2.68084	0.998435	2.83211	1.11099	3.15986	1.2501	3.54391	1.38453	3.94075	0.780469	2.21928	0.877092	2.48679	1.00631	2.85158	1.10652	3.14096	1.23856	3.51655	1.39839	3.96347		
0.812642	2.30187	0.689997	1.94699	0.670489	2.46366	0.947101	2.67736	1.00226	2.82925	1.1141	3.15339	1.25241	3.53335	1.3872	3.92927	0.784176	2.21904	0.879928	2.4828	1.00982	2.84774	1.10932	3.13372	1.24139	3.50758	1.40032	3.94982		
0.815821	2.29976	0.693293	1.94691	0.667622	2.46862	0.950413	2.67381	1.00612	2.82652	1.11722	3.147	1.25473	3.52292	1.38988	3.9179	0.787885	2.21882	0.882768	2.47887	1.01333	2.84392	1.11214	3.12659	1.24422	3.4987				
0.819009	2.29768	0.696589	1.94683	0.664755	2.47364	0.953691	2.6702	1.01001	2.8239	1.12034	3.14067	1.25706	3.51262	1.39256	3.90664	0.791598	2.2186	0.88561	2.47498	1.01682	2.84011	1.11497	3.11958	1.24706	3.48993				
0.822204	2.29564	0.699885	1.94675	0.661889	2.47873	0.956937	2.66654	1.01393	2.82139	1.12346	3.13442	1.25941	3.50246	1.39524	3.8955	0.795313	2.2184	0.888455	2.47114	1.02031	2.83632	1.11782	3.11267	1.2499	3.48125				
0.825406	2.29365	0.703182	1.94667	0.659022	2.48388	0.960153	2.66283	1.01788	2.81899	1.12658	3.12823	1.26176	3.49243	1.39792	3.88446	0.799031	2.2182	0.891304	2.46734	1.02378	2.83253	1.12068	3.10587	1.25275	3.47266				
0.828616	2.29169	0.706479	1.94659	0.656153	2.48909	0.963339	2.65907	1.02186	2.81668	1.12971	3.12212	1.26414	3.48253	1.4006	3.87353	0.802751	2.21801	0.894156	2.46359	1.02725	2.82876	1.12356	3.09917	1.2556	3.46417				
0.831833	2.28977	0.709776	1.94652	0.653282	2.49436	0.966497	2.65527	1.02587	2.81448	1.13284	3.11606	1.26652	3.47276			0.806475	2.21783	0.897013	2.45989	1.0307	2.82499	1.12645	3.09259	1.25846	3.45576				
0.835058	2.2879	0.713074	1.94645	0.650409	2.49968	0.969629	2.65144	1.0299	2.81236	1.13598	3.11008	1.26892	3.46312			0.8102	2.21767	0.899873	2.45623	1.03415	2.82123	1.12936	3.08611	1.26132	3.44744				
0.83829	2.28605	0.716372	1.94637	0.647531	2.50507	0.972735	2.64757	1.03395	2.81033	1.13911	3.10415	1.27133	3.45361			0.813929	2.2175	0.902737	2.45261	1.03758	2.81747	1.13229	3.07974	1.26418	3.43921				
0.841529	2.28425	0.71967	1.94631	0.644648	2.5105	0.975817	2.64367	1.03803	2.80838	1.14225	3.09828	1.27376	3.44422			0.81766	2.21735	0.905604	2.44904	1.04101	2.81372	1.13524	3.07348	1.26704	3.43106				
0.844776	2.28248	0.722969	1.94624	0.64176	2.51599	0.978877	2.63974	1.04213	2.8065	1.14539	3.09247	1.2762	3.43496			0.821393	2.21721	0.908477	2.44551	1.04442	2.80996	1.1382	3.06732	1.26991	3.423				
0.848029	2.28075	0.726269	1.94617	0.638864	2.52152	0.981916	2.6358	1.04625	2.8047	1.14853	3.08671	1.27865	3.42582			0.825128	2.21707	0.911353	2.44203	1.04782	2.80621	1.14118	3.06126	1.27278	3.41501				
0.85129	2.27905	0.729568	1.94611	0.63596	2.52709	0.984935	2.63184	1.05039	2.80296	1.15167	3.08101	1.28112	3.4168			0.828866	2.21694	0.914234	2.43859	1.0512	2.80246	1.14418	3.05532	1.27565	3.4071				
0.854558	2.27738	0.732869	1.94605	0.633046	2.5327	0.987935	2.62786	1.05455	2.80129	1.15481	3.07536	1.28361	3.40791			0.832606	2.21682	0.91712	2.43519	1.05457	2.79871	1.1472	3.04947	1.27852	3.39927				
0.857833	2.27575	0.736169	1.94599	0.630121	2.53834	0.990918	2.62388	1.05872	2.79967	1.15795	3.06977	1.28611	3.39913			0.836347	2.2167	0.92001	2.43184	1.05793	2.79495	1.15024	3.04373	1.2814	3.39151				
0.861114	2.27416	0.73947	1.94593	0.627184	2.54401	0.993885	2.61988	1.06291	2.79811	1.16109	3.06422	1.28862	3.39047			0.840091	2.21659	0.922905	2.42853	1.06128	2.79119	1.1533	3.03809	1.28427	3.38382				
0.864403	2.27259	0.742772	1.94587	0.624233	2.5497	0.996836	2.61589	1.06711	2.7966	1.16424	3.05872	1.29115	3.38193			0.843837	2.21648	0.925804	2.42526	1.06461	2.78743	1.15637	3.03255	1.28715	3.37621				
0.867698	2.27106	0.746074	1.94581	0.621266	2.55541	0.999774	2.61189	1.07133	2.79514	1.16738	3.05327	1.2937	3.37351			0.847585	2.21639	0.928709	2.42203	1.06792	2.78367	1.15947	3.02712	1.29002	3.36866				
0.871	2.26955	0.749376	1.94576	0.618282	2.56113	1.0027	2.6079	1.07556	2.79373	1.17052	3.04787	1.29626	3.3652			0.851335	2.21629	0.931618	2.41885	1.07122	2.77989	1.16259	3.02178	1.2929	3.36118				
0.874309	2.26808	0.752679	1.94571	0.615279	2.56685	1.00561	2.60391	1.0798	2.79235	1.17366	3.04252	1.29884	3.35701			0.855087	2.21621	0.934533	2.4157	1.07451	2.77612	1.16572	3.01654	1.29578	3.35377				
0.877624	2.26664	0.755982	1.94566	0.612256	2.57256	1.00851	2.59992	1.08404	2.79101	1.17679	3.03721	1.30143	3.34893			0.858841	2.21613	0.937452	2.4126	1.07778	2.77234	1.16888	3.0114	1.29866	3.34643				
0.880946	2.26523	0.759286	1.94561	0.609209	2.57826	1.01141	2.59595	1.0883	2.78971	1.17993	3.03194	1.30404	3.34096			0.862596	2.21605	0.940377	2.40953	1.08103	2.76855	1.17206	3.00635	1.30153	3.33915				
0.884275	2.26385	0.76259	1.94556	0.606138	2.58394	1.01429	2.59199	1.09257	2.78844	1.18307	3.02672	1.30666	3.3331			0.866353	2.21598	0.943307	2.40651	1.08428	2.76476	1.17525	3.0014	1.30441	3.33193				
0.88761	2.26249	0.765895	1.94552	0.60304	2.58958	1.01716	2.58803	1.09684	2.78719	1.1862	3.02153	1.3093	3.32535			0.870111	2.21592	0.946242	2.40353	1.0875	2.76096	1.17847	2.99655	1.30729	3.32478				
0.890951	2.26117	0.7692	1.94547	0.599913	2.59519	1.02003	2.5841	1.10112	2.78598	1.18934	3.01639	1.31196	3.31771			0.873872	2.21585	0.949182	2.40058	1.09071	2.75715	1.1817	2.99178	1.31016	3.31768				
0.894299	2.25987	0.772505	1.94543	0.596756	2.60075	1.02289	2.58018	1.10541	2.78479	1.19247	3.0113	1.31463	3.31017			0.877634	2.2158	0.952128	2.39768	1.09391	2.75334	1.18496	2.98711	1.31304	3.31064				
0.897653	2.2586	0.775811	1.94539	0.593566	2.60624	1.02574	2.57628	1.1097	2.78362	1.1956	3.00624	1.31732	3.30274			0.881397	2.21575	0.955079	2.39481	1.09708	2.74953	1.18823	2.98252	1.31591	3.30367				
0.901013	2.25735	0.779117	1.94535	0.590342	2.61167	1.02859	2.57239	1.11399	2.78247	1.19873	3.00122	1.32003	3.29542			0.885162	2.2157	0.958036	2.39198	1.10025	2.7457	1.19153	2.97803	1.31879	3.29675				
0.904379	2.25613	0.782424	1.94531	0.587082	2.61702	1.03143	2.56853	1.11829	2.78133	1.20186	2.99624	1.32275	3.28819			0.888928	2.21565	0.960998	2.38919	1.1034	2.74188	1.19484	2.97362	1.32166	3.28988				
0.907752	2.25494	0.785731	1.94527	0.583784	2.62228	1.03427	2.56469	1.12258	2.78021	1.20499	2.99131	1.32549	3.28107			0.892696	2.21561	0.963966	2.38643	1.10653	2.73805	1.19817	2.96929	1.32453	3.28308				
0.91113	2.25377	0.789039	1.94523	0.580446	2.62745	1.0371	2.56087	1.12688	2.77911	1.20811	2.98641	1.32825	3.27405			0.896465	2.21558	0.966939	2.38371	1.10965	2.73421	1.20152	2.96504	1.3274	3.27632				
0.914514	2.25262	0.792347	1.9452	0.577068	2.63251	1.03993	2.55707	1.13118	2.77801	1.21124	2.98155	1.33102	3.26713			0.900235	2.21554	0.969918	2.38103	1.11276	2.73037	1.20489	2.96088	1.33027	3.26962				
0.917904	2.2515	0.795655	1.94517	0.573648	2.63745	1.04276	2.5533	1.13548	2.77693	1.21437	2.97673	1.3338	3.2603			0.904007	2.21551	0.972902	2.37839	1.11585	2.72653	1.20828	2.9568	1.33314	3.26298				
0.9213	2.25041	0.798964	1.94513	0.570186	2.64228	1.04558	2.54955	1.13978	2.77585	1.21749	2.97195	1.33661	3.25357			0.90778	2.21549	0.975892	2.37578	1.11892	2.72268	1.21169	2.95279	1.33601	3.25638				
0.924702	2.24933	0.802273	1.9451	0.566681	2.64699	1.0484	2.54583	1.14408	2.77478	1.22062	2.96721	1.33943	3.24694			0.911555	2.21546	0.978888	2.3732	1.12199	2.71884	1.21511	2.94886	1.33887	3.24984				
0.92811	2.24828	0.805583	1.94507	0.563131	2.65156	1.05122	2.54214	1.14838	2.77371	1.22374	2.96251	1.34226	3.2404			0.91533	2.21544	0.981889	2.37067	1.12504	2.71499	1.21855	2.945	1.34174	3.24335				
0.931523	2.24725	0.808892	1.94504	0.559539	2.656	1.05404	2.53847	1.15267	2.77264	1.22687	2.95785	1.34512	3.23395			0.919107	2.21543	0.984896	2.36816	1.12807	2.71114	1.22201	2.94121	1.3446	3.2369				
0.934941	2.24624	0.812203	1.94502	0.555902	2.66031	1.05686	2.53483	1.15696	2.77157	1.23	2.95323	1.34798	3.22759			0.922884	2.21541	0.987909	2.36569	1.13109	2.70729	1.22548	2.93749	1.34746	3.23051				
0.938366	2.24526	0.815514	1.94499	0.552223	2.66448	1.05967	2.53122	1.16124	2.77049	1.23313	2.94865	1.35087	3.22132			0.926663	2.2154	0.990928	2.36325	1.1341	2.70345	1.22897	2.93384	1.35032	3.22417				
0.941795	2.24429	0.818825	1.94497	0.548501	2.66851	1.06249	2.52763	1.16552	2.76942	1.23626	2.94412	1.35376	3.21514			0.930443	2.21539	0.993952	2.36085	1.1371	2.6996	1.23247	2.93026	1.35318	3.21788				
0.94523	2.24335	0.822136	1.94494	0.544738	2.67241	1.06531	2.52408	1.16979	2.76833	1.23939	2.93963	1.35668	3.20905			0.934224	2.21539	0.996982	2.35848	1.14009	2.69576	1.23599	2.92674	1.35604	3.21163				
0.948671	2.24242	0.825448	1.94492	0.540935	2.67617	1.06812	2.52055	1.17406	2.76724	1.24253	2.93518	1.35961	3.20304			0.938006	2.21539	1.00002	2.35614	1.14306	2.69192	1.23952	2.92328	1.3589	3.20543				
0.952116	2.24152	0.82876	1.9449	0.537092	2.6798	1.07094	2.51705	1.17831	2.76614	1.24567	2.93077	1.36255	3.19711			0.941789	2.21538	1.00306	2.35384	1.14602	2.68809	1.24306	2.91988	1.36176	3.19928				
0.955567	2.24064	0.832072	1.94487	0.533212	2.6833	1.07376	2.51358	1.18256	2.76502	1.24882	2.92641	1.36551	3.19126			0.945573	2.21539	1.00611	2.35156	1.14897	2.68426	1.24662	2.91653	1.36461	3.19318				
0.959023	2.23977	0.835385	1.94485	0.529295	2.68669	1.07657	2.51015	1.1868	2.76389	1.25197	2.9221	1.36848	3.1855			0.949358	2.21539	1.00916	2.34932	1.15191	2.68043	1.25019	2.91324	1.36747	3.18713				
0.962484	2.23892	0.838698	1.94483	0.525344	2.68995	1.07939	2.50674	1.19102	2.76274	1.25512	2.91784	1.37147	3.17981			0.953144	2.21539	1.01222	2.34711	1.15485	2.67662	1.25377	2.91001	1.37032	3.18112				
0.965949	2.23809	0.842011	1.94482	0.52136	2.6931	1.08221	2.50336	1.19524	2.76158	1.25829	2.91362	1.37447	3.1742			0.956931	2.2154	1.01528	2.34493	1.15777	2.67281	1.25736	2.90683	1.37318	3.17516				
0.96942	2.23728	0.845325	1.9448	0.517345	2.69614	1.08504	2.50001	1.19944	2.76039	1.26146	2.90946	1.37749	3.16867			0.960718	2.21541	1.01835	2.34278	1.16068	2.669	1.26097	2.90369	1.37603	3.16924				
0.972896	2.23649	0.848639	1.94478	0.513301	2.69909	1.08786	2.49669	1.20362	2.75918	1.26464	2.90535	1.38052	3.16321			0.964507	2.21542	1.02143	2.34066	1.16358	2.66521	1.26458	2.90061	1.37889	3.16337				
0.976377	2.23571	0.851953	1.94476	0.509228	2.70194	1.09068	2.4934	1.2078	2.75795	1.26783	2.90129	1.38356	3.15783			0.968296	2.21543	1.02451	2.33857	1.16648	2.66143	1.2682	2.89757	1.38174	3.15755				
0.979862	2.23495	0.855268	1.94475	0.50513	2.7047	1.09351	2.49015	1.21195	2.75669	1.27103	2.89729	1.38662	3.15251			0.972086	2.21545	1.0276	2.33651	1.16936	2.65766	1.27183	2.89457	1.3846	3.15177				
0.983352	2.23421	0.858583	1.94473	0.501006	2.70738	1.09634	2.48692	1.21609	2.75539	1.27424	2.89335	1.38969	3.14727			0.975876	2.21547	1.03069	2.33448	1.17224	2.6539	1.27547	2.89161	1.38745	3.14605				
0.986847	2.23348	0.861898	1.94472	0.49686	2.70999	1.09917	2.48372	1.22021	2.75407	1.27746	2.88947	1.39277	3.14209			0.979668	2.21548	1.03379	2.33248	1.17511	2.65015	1.27912	2.8887	1.39031	3.14036				
0.990346	2.23277	0.865213	1.94471	0.492693	2.71252	1.10201	2.48055	1.2243	2.75271	1.2807	2.88565	1.39586	3.13699			0.98346	2.2155	1.0369	2.3305	1.17797	2.64642	1.28278	2.88582	1.39317	3.13473				
0.99385	2.23208	0.868529	1.9447	0.488506	2.715	1.10485	2.47741	1.22838	2.75131	1.28396	2.88189	1.39896	3.13194			0.987253	2.21552	1.04001	2.32855	1.18083	2.64269	1.28644	2.88298	1.39603	3.12913				
0.997358	2.2314	0.871845	1.94468	0.4843	2.71742	1.10769	2.47431	1.23244	2.74987	1.28723	2.8782	1.40208	3.12696			0.991047	2.21555	1.04312	2.32663	1.18368	2.63899	1.2901	2.88017	1.39889	3.12359				
1.00087	2.23073	0.875161	1.94467	0.480077	2.71979	1.11053	2.47123	1.23647	2.74839	1.29052	2.87458					0.994841	2.21557	1.04624	2.32474	1.18652	2.63529	1.29377	2.8774	1.40175	3.11809				
1.00439	2.23008	0.878477	1.94466	0.475839	2.72211	1.11337	2.46818	1.24047	2.74687	1.29382	2.87103					0.998636	2.21559	1.04937	2.32288	1.18936	2.63162	1.29745	2.87465						
1.00791	2.22945	0.881794	1.94465	0.471586	2.7244	1.11622	2.46517	1.24445	2.7453	1.29715	2.86755					1.00243	2.21562	1.0525	2.32104	1.1922	2.62795	1.30113	2.87194						
1.01143	2.22883	0.885111	1.94464	0.46732	2.72666	1.11908	2.46218	1.2484	2.74368	1.3005	2.86414					1.00623	2.21565	1.05564	2.31923	1.19502	2.62431	1.30481	2.86925						
1.01496	2.22822	0.888428	1.94463	0.463043	2.72889	1.12193	2.45922	1.25233	2.74201	1.30388	2.86081					1.01002	2.21567	1.05879	2.31744	1.19785	2.62068	1.3085	2.86659						
1.0185	2.22762	0.891745	1.94462	0.458754	2.7311	1.12479	2.45629	1.25622	2.74029	1.30728	2.85756					1.01382	2.2157	1.06194	2.31568	1.20067	2.61707	1.31218	2.86395						
1.02204	2.22704	0.895062	1.94462	0.454455	2.7333	1.12765	2.45339	1.26008	2.73851	1.3107	2.85439					1.01762	2.21573	1.06509	2.31394	1.20348	2.61348	1.31587	2.86133						
1.02558	2.22648	0.89838	1.94461	0.450148	2.73549	1.13052	2.45052	1.26391	2.73667	1.31415	2.8513					1.02142	2.21576	1.06826	2.31223	1.20629	2.6099	1.31956	2.85874						
1.02912	2.22592	0.901698	1.9446	0.445833	2.73768	1.13339	2.44768	1.26771	2.73478	1.31763	2.84829					1.02522	2.21579	1.07142	2.31054	1.2091	2.60635	1.32325	2.85616						
1.03267	2.22538	0.905016	1.9446	0.441511	2.73988	1.13626	2.44487	1.27147	2.73283	1.32114	2.84537					1.02901	2.21583	1.07459	2.30888	1.21191	2.60281	1.32694	2.8536						
1.03623	2.22485	0.908334	1.94459	0.437184	2.74209	1.13914	2.44208	1.2752	2.73082	1.32468	2.84253					1.03281	2.21586	1.07777	2.30724	1.21471	2.59929	1.33062	2.85106						
1.03978	2.22433	0.911653	1.94458	0.432852	2.74431	1.14202	2.43933	1.27889	2.72875	1.32824	2.83978					1.03661	2.21589	1.08096	2.30563	1.21751	2.5958	1.33431	2.84853						
1.04334	2.22382	0.914971	1.94458	0.428516	2.74656	1.1449	2.4366	1.28255	2.72661	1.33184	2.83712					1.04042	2.21593	1.08414	2.30404	1.2203	2.59232	1.33799	2.84602						
1.04691	2.22333	0.91829	1.94457	0.424177	2.74884	1.14779	2.4339	1.28617	2.72442	1.33547	2.83454					1.04422	2.21596	1.08734	2.30247	1.2231	2.58886	1.34167	2.84351						
1.05048	2.22285	0.921609	1.94457	0.419836	2.75116	1.15068	2.43123	1.28975	2.72216	1.33914	2.83205					1.04802	2.216	1.09054	2.30092	1.22589	2.58543	1.34534	2.84102						
1.05405	2.22237	0.924928	1.94457	0.415494	2.75352	1.15358	2.42859	1.2933	2.71985	1.34283	2.82964					1.05182	2.21604	1.09374	2.2994	1.22868	2.58201	1.34902	2.83853						
1.05763	2.22191	0.928247	1.94456	0.411152	2.75594	1.15648	2.42597	1.29681	2.71747	1.34656	2.82732					1.05562	2.21607	1.09695	2.2979	1.23147	2.57862	1.35268	2.83606						
1.0612	2.22146	0.931566	1.94456	0.406811	2.75842	1.15938	2.42338	1.30029	2.71504	1.35031	2.82508					1.05942	2.21611	1.10017	2.29642	1.23426	2.57525	1.35634	2.83358						
1.06479	2.22102	0.934886	1.94456	0.402473	2.76097	1.16229	2.42082	1.30373	2.71256	1.3541	2.82292					1.06323	2.21615	1.10339	2.29497	1.23704	2.5719	1.36	2.83112						
1.06837	2.22059	0.938205	1.94455	0.398137	2.7636	1.16521	2.41828	1.30714	2.71001	1.35792	2.82084					1.06703	2.21618	1.10662	2.29353	1.23983	2.56857	1.36364	2.82865						
1.07196	2.22017	0.941525	1.94455	0.393805	2.76633	1.16812	2.41578	1.31051	2.70742	1.36178	2.81884					1.07083	2.21622	1.10985	2.29212	1.24262	2.56527	1.36728	2.82619						
1.07556	2.21976	0.944845	1.94455	0.389479	2.76916	1.17104	2.41329	1.31385	2.70478	1.36566	2.81692					1.07464	2.21626	1.11309	2.29072	1.2454	2.56199	1.37091	2.82373						
1.07915	2.21936	0.948165	1.94455	0.385159	2.77211	1.17397	2.41084	1.31716	2.70209	1.36957	2.81507					1.07844	2.2163	1.11633	2.28935	1.24819	2.55872	1.37454	2.82126						
1.08275	2.21896	0.951485	1.94454	0.380847	2.77519	1.1769	2.40841	1.32044	2.69935	1.37351	2.81329					1.08225	2.21634	1.11958	2.288	1.25097	2.55549	1.37815	2.8188						
1.08635	2.21858	0.954805	1.94454	0.376545	2.77841	1.17984	2.40601	1.32368	2.69658	1.37747	2.81157					1.08605	2.21638	1.12283	2.28666	1.25376	2.55227	1.38175	2.81633						
1.08996	2.21821	0.958125	1.94454	0.372253	2.7818	1.18277	2.40363	1.3269	2.69376	1.38146	2.80993					1.08985	2.21642	1.12609	2.28535	1.25654	2.54908	1.38535	2.81386						
1.09357	2.21784	0.961446	1.94454	0.367974	2.78537	1.18572	2.40128	1.33009	2.6909	1.38548	2.80834					1.09366	2.21646	1.12935	2.28406	1.25933	2.54591	1.38893	2.81138						
1.09718	2.21749	0.964766	1.94454	0.363709	2.78914	1.18867	2.39895	1.33325	2.68802	1.38952	2.80682					1.09746	2.2165	1.13262	2.28278	1.26211	2.54277	1.3925	2.8089						
1.10079	2.21714	0.968087	1.94454	0.359461	2.79315	1.19162	2.39665	1.33639	2.6851	1.39358	2.80535					1.10127	2.21654	1.1359	2.28153	1.2649	2.53964	1.39606	2.80641						
1.10441	2.2168	0.971407	1.94454	0.355231	2.7974	1.19458	2.39437	1.3395	2.68215	1.39767	2.80393					1.10507	2.21658	1.13917	2.28029	1.26769	2.53654	1.3996	2.80392						
1.10803	2.21647	0.974728	1.94454	0.351022	2.80194	1.19754	2.39212	1.34259	2.67918	1.40178	2.80257					1.10888	2.21662	1.14246	2.27907	1.27048	2.53347	1.40314	2.80141						
1.11165	2.21615	0.978049	1.94454	0.346836	2.80679	1.2005	2.38989	1.34566	2.67618							1.11269	2.21666	1.14575	2.27787	1.27327	2.53041								
1.11528	2.21583	0.98137	1.94454	0.342678	2.812	1.20347	2.38769	1.34871	2.67316							1.11649	2.2167	1.14904	2.27669	1.27606	2.52738								
1.11891	2.21553	0.984691	1.94454	0.338549	2.81761	1.20645	2.38551	1.35174	2.67013							1.1203	2.21674	1.15234	2.27553	1.27885	2.52437								
1.12254	2.21523	0.988012	1.94454	0.334454	2.82366	1.20943	2.38335	1.35475	2.66707							1.1241	2.21678	1.15564	2.27438	1.28165	2.52139								
1.12618	2.21493	0.991333	1.94454	0.330396	2.83021	1.21241	2.38121	1.35774	2.66401							1.12791	2.21682	1.15895	2.27326	1.28444	2.51843								
1.12981	2.21465	0.994654	1.94454	0.326381	2.83732	1.2154	2.3791	1.36072	2.66093							1.13171	2.21686	1.16227	2.27215	1.28724	2.51549								
1.13345	2.21437	0.997975	1.94454	0.322413	2.84506	1.21839	2.37702	1.36368	2.65784							1.13552	2.21689	1.16559	2.27105	1.29004	2.51258								
1.13709	2.2141	1.0013	1.94454	0.318497	2.85352	1.22139	2.37495	1.36662	2.65475							1.13933	2.21693	1.16891	2.26997	1.29284	2.50969								
1.14074	2.21383	1.00462	1.94454	0.314641	2.86277	1.22439	2.37291	1.36956	2.65165							1.14313	2.21697	1.17224	2.26891	1.29565	2.50682								
1.14439	2.21357	1.00794	1.94454	0.31085	2.87292	1.2274	2.37089	1.37247	2.64854							1.14694	2.21701	1.17557	2.26787	1.29845	2.50397								
1.14804	2.21332	1.01126	1.94454	0.307131	2.88407	1.23041	2.36889	1.37538	2.64543							1.15074	2.21705	1.17891	2.26684	1.30126	2.50115								
1.15169	2.21308	1.01458	1.94454	0.303494	2.89636	1.23343	2.36692	1.37828	2.64232							1.15455	2.21708	1.18225	2.26583	1.30407	2.49835								
1.15534	2.21284	1.0179	1.94454	0.299945	2.90992	1.23645	2.36497	1.38116	2.63921							1.15836	2.21712	1.1856	2.26483	1.30688	2.49557								
1.159	2.21261	1.02122	1.94454	0.296493	2.9249	1.23948	2.36303	1.38404	2.63611							1.16216	2.21716	1.18896	2.26385	1.3097	2.49282								
1.16266	2.21238	1.02455	1.94454	0.293147	2.94145	1.24251	2.36112	1.38691	2.633							1.16597	2.21719	1.19231	2.26289	1.31251	2.49009								
1.16632	2.21216	1.02787	1.94455	0.289917	2.95975	1.24554	2.35923	1.38976	2.6299							1.16977	2.21723	1.19568	2.26194	1.31534	2.48738								
1.16999	2.21194	1.03119	1.94455	0.286809	2.97998	1.24858	2.35736	1.39261	2.6268							1.17358	2.21726	1.19904	2.261	1.31816	2.48469								
1.17365	2.21173	1.03451	1.94455	0.283832	3.00232	1.25162	2.35552	1.39546	2.62371							1.17738	2.2173	1.20242	2.26008	1.32098	2.48203								
1.17732	2.21153	1.03783	1.94455	0.280993	3.02697	1.25467	2.35369	1.39829	2.62063							1.18119	2.21733	1.20579	2.25918	1.32381	2.47939								
1.18099	2.21133	1.04115	1.94455	0.278297	3.05412	1.25772	2.35188	1.40112	2.61755							1.18499	2.21736	1.20917	2.25829	1.32664	2.47677								
1.18467	2.21114	1.04448	1.94455	0.275749	3.08396	1.26078	2.35009									1.1888	2.2174	1.21256	2.25741	1.32948	2.47417								
1.18834	2.21095	1.0478	1.94455	0.273351	3.11667	1.26384	2.34833									1.1926	2.21743	1.21595	2.25655	1.33232	2.4716								
1.19202	2.21077	1.05112	1.94455	0.271105	3.15245	1.26691	2.34658									1.1964	2.21746	1.21935	2.2557	1.33516	2.46904								
1.1957	2.21059	1.05444	1.94456	0.269011	3.19148	1.26998	2.34485									1.20021	2.21749	1.22275	2.25487	1.338	2.46651								
1.19938	2.21041	1.05776	1.94456	0.267066	3.23393	1.27306	2.34314									1.20401	2.21752	1.22615	2.25405	1.34085	2.464								
1.20306	2.21024	1.06108	1.94456	0.265269	3.28	1.27614	2.34145									1.20781	2.21754	1.22956	2.25324	1.34369	2.46151								
1.20675	2.21008	1.06441	1.94456	0.263615	3.32986	1.27922	2.33978									1.21161	2.21757	1.23297	2.25245	1.34655	2.45905								
1.21043	2.20992	1.06773	1.94456	0.262099	3.38371	1.28231	2.33813									1.21541	2.2176	1.23639	2.25167	1.3494	2.4566								
1.21412	2.20977	1.07105	1.94456	0.260718	3.44177	1.28541	2.33649									1.21921	2.21762	1.23982	2.2509	1.35226	2.45417								
1.21781	2.20962	1.07437	1.94456	0.259467	3.50425	1.28851	2.33488									1.22301	2.21765	1.24324	2.25015	1.35513	2.45177								
1.22151	2.20947	1.07769	1.94457	0.258339	3.57139	1.29161	2.33328									1.22681	2.21767	1.24668	2.24941	1.35799	2.44939								
1.2252	2.20933	1.08101	1.94457	0.257331	3.64348	1.29472	2.3317									1.23061	2.21769	1.25012	2.24868	1.36086	2.44703								
1.2289	2.20919	1.08434	1.94457	0.256437	3.72079	1.29783	2.33014									1.23441	2.21771	1.25356	2.24797	1.36373	2.44469								
1.2326	2.20906	1.08766	1.94457	0.255653	3.80368	1.30095	2.32859									1.23821	2.21773	1.257	2.24727	1.36661	2.44236								
1.2363	2.20893	1.09098	1.94457	0.254976	3.8925	1.30407	2.32706									1.24201	2.21774	1.26046	2.24658	1.36949	2.44006								
1.24	2.2088	1.0943	1.94457	0.2544	3.98767	1.30719	2.32555									1.2458	2.21776	1.26391	2.2459	1.37237	2.43778								
1.2437	2.20868	1.09762	1.94457	0.253922	4.08967	1.31032	2.32406									1.2496	2.21777	1.26737	2.24524	1.37526	2.43552								
1.24741	2.20856	1.10095	1.94458	0.253539	4.199	1.31346	2.32258									1.25339	2.21778	1.27084	2.24459	1.37815	2.43328								
1.25111	2.20844	1.10427	1.94458	0.253249	4.31627	1.31659	2.32112									1.25718	2.21779	1.27431	2.24395	1.38105	2.43106								
1.25482	2.20833	1.10759	1.94458	0.253047	4.44212	1.31974	2.31968									1.26098	2.2178	1.27778	2.24332	1.38394	2.42886								
1.25853	2.20822	1.11091	1.94458	0.252931	4.57732	1.32289	2.31825									1.26477	2.21781	1.28126	2.24271	1.38685	2.42668								
1.26224	2.20812	1.11423	1.94458	0.252899	4.72271	1.32604	2.31684									1.26856	2.21781	1.28475	2.2421	1.38975	2.42452								
1.26595	2.20802	1.11755	1.94458	0.252948	4.87924	1.32919	2.31545									1.27235	2.21781	1.28824	2.24151	1.39266	2.42238								
1.26967	2.20792	1.12088	1.94458	0.253077	5.04802	1.33235	2.31407									1.27613	2.21781	1.29173	2.24094	1.39557	2.42025								
1.27338	2.20782	1.1242	1.94458	0.253283	5.2303	1.33552	2.31271									1.27992	2.21781	1.29523	2.24037	1.39849	2.41815								
1.2771	2.20773	1.12752	1.94459	0.253564	5.42752	1.33869	2.31136									1.2837	2.2178	1.29874	2.23982	1.40141	2.41606								
1.28082	2.20764	1.13084	1.94459	0.253869	5.61285	1.34186	2.31003									1.28749	2.21779	1.30225	2.23927										
1.28454	2.20756	1.13416	1.94459	0.254172	5.78172	1.34504	2.30871									1.29127	2.21778	1.30576	2.23874										
1.28826	2.20748	1.13748	1.94459	0.254452	5.9296	1.34822	2.30741									1.29505	2.21777	1.30929	2.23823										
1.29199	2.2074	1.14081	1.94459	0.254692	6.05218	1.35141	2.30612									1.29882	2.21775	1.31281	2.23772										
1.29571	2.20732	1.14413	1.94459	0.254879	6.1457	1.3546	2.30484									1.3026	2.21773	1.31634	2.23723										
1.29944	2.20724	1.14745	1.94459	0.255059	6.23438	1.35779	2.30359									1.30637	2.21771	1.31988	2.23674										
1.30316	2.20717	1.15077	1.94459	0.255188	6.29763	1.36099	2.30234									1.31015	2.21768	1.32342	2.23627										
1.30689	2.2071	1.15409	1.94459	0.255397	6.3991	1.36419	2.30111									1.31392	2.21765	1.32697	2.23582										
1.31062	2.20704	1.15741	1.9446	0.255695	6.54254	1.3674	2.2999									1.31768	2.21762	1.33052	2.23537										
1.31435	2.20697	1.16074	1.9446	0.256093	6.73349	1.37061	2.29869									1.32145	2.21758	1.33408	2.23494										
1.31809	2.20691	1.16406	1.9446	0.256608	6.97985	1.37383	2.29751									1.32521	2.21754	1.33764	2.23451										
1.32182	2.20685	1.16738	1.9446	0.257256	7.2927	1.37704	2.29633									1.32897	2.21749	1.34121	2.2341										
1.32555	2.2068	1.1707	1.9446	0.258057	7.6876	1.38027	2.29517									1.33273	2.21745	1.34479	2.23371										
1.32929	2.20674	1.17402	1.9446	0.258919	8.12673	1.3835	2.29402									1.33648	2.21739	1.34837	2.23332										
1.33303	2.20669	1.17734	1.9446	0.259839	8.61754	1.38673	2.29289									1.34023	2.21733	1.35196	2.23295										
1.33677	2.20664	1.18067	1.9446	0.260816	9.16927	1.38996	2.29177									1.34398	2.21727	1.35555	2.23259										
1.34051	2.20659	1.18399	1.9446	0.261846	9.79351	1.3932	2.29066									1.34773	2.2172	1.35915	2.23224										
1.34425	2.20655	1.18731	1.9446	0.262929	10.505	1.39644	2.28956									1.35147	2.21713	1.36276	2.2319										
1.34799	2.2065	1.19063	1.94461	0.264062	11.3229	1.39969	2.28848									1.35521	2.21705	1.36637	2.23157										
1.35173	2.20646	1.19395	1.94461	0.265241	12.2722	1.40294	2.28741									1.35894	2.21697	1.36999	2.23126										
1.35548	2.20642	1.19727	1.94461	0.266464	13.3865											1.36268	2.21688	1.37362	2.23096										
1.35922	2.20638	1.20059	1.94461	0.267726	14.7122											1.3664	2.21679	1.37725	2.23067										
1.36297	2.20635	1.20392	1.94461	0.269024	16.3146											1.37013	2.21669	1.38089	2.23039										
1.36671	2.20631	1.20724	1.94461	0.270349	18.2892											1.37385	2.21658	1.38453	2.23013										
1.37046	2.20628	1.21056	1.94461	0.271695	20.7811											1.37757	2.21648	1.38818	2.22987										
1.37421	2.20625	1.21388	1.94461	0.273048	24.0226											1.38128	2.21636	1.39184	2.22963										
1.37796	2.20622	1.2172	1.94461	0.274391	28.4095											1.38499	2.21624	1.3955	2.2294										
1.38171	2.2062	1.22052	1.94461	0.275699	34.6764											1.3887	2.21612	1.39917	2.22918										
1.38546	2.20617	1.22384	1.94461	0.276932	44.3601											1.39241	2.21599	1.40285	2.22897										
1.38922	2.20615	1.22717	1.94461	0.278025	61.3069											1.39611	2.21586												
1.39297	2.20612	1.23049	1.94461	0.278889	98.6466											1.3998	2.21572												
1.39672	2.2061	1.23381	1.94461	0.279407	249.62											1.4035	2.21558												
1.40048	2.20608	1.23713	1.94461																										
		1.24045	1.94461																										
		1.24377	1.94461																										
		1.24709	1.94462																										
		1.25042	1.94462																										
		1.25374	1.94462																										
		1.25706	1.94462																										
		1.26038	1.94462																										
		1.2637	1.94462																										
		1.26702	1.94462																										
		1.27034	1.94462																										
		1.27366	1.94462																										
		1.27699	1.94462																										
		1.28031	1.94462																										
		1.28363	1.94462																										
		1.28695	1.94462																										
		1.29027	1.94462																										
		1.29359	1.94462																										
		1.29691	1.94462																										
		1.30023	1.94462																										
		1.30356	1.94462																										
		1.30688	1.94462																										
		1.3102	1.94462																										
		1.31352	1.94462																										
		1.31684	1.94462																										
		1.32016	1.94462																										
		1.32348	1.94462																										
		1.3268	1.94462																										
		1.33013	1.94462																										
		1.33345	1.94462																										
		1.33677	1.94462																										
		1.34009	1.94462																										
		1.34341	1.94462																										
		1.34673	1.94462																										
		1.35005	1.94462																										
		1.35337	1.94462																										
		1.35669	1.94462																										
		1.36002	1.94462																										
		1.36334	1.94462																										
		1.36666	1.94462																										
		1.36998	1.94462																										
		1.3733	1.94462																										
		1.37662	1.94462																										
		1.37994	1.94462																										
		1.38326	1.94462																										
		1.38658	1.94462																										
		1.38991	1.94462																										
		1.39323	1.94462																										
		1.39655	1.94462																										
		1.39987	1.94462																										
		1.40319	1.94462																										
