Sym0		Asym0		Sym1		Sym2		Sym3		Sym4		Sym5		Sym6		Asym1		Asym2		Asym3		Asym4		Asym5		Asym6		Asym7	
378  Points		427  Points		378  Points		366  Points		321  Points		301  Points		269  Points		219  Points		377  Points		373  Points		347  Points		300  Points		270  Points		214  Points		145  Points	
Freq (MHz)	Vgr (m/ms)	Freq (MHz)	Vgr (m/ms)	Freq (MHz)	Vgr (m/ms)	Freq (MHz)	Vgr (m/ms)	Freq (MHz)	Vgr (m/ms)	Freq (MHz)	Vgr (m/ms)	Freq (MHz)	Vgr (m/ms)	Freq (MHz)	Vgr (m/ms)	Freq (MHz)	Vgr (m/ms)	Freq (MHz)	Vgr (m/ms)	Freq (MHz)	Vgr (m/ms)	Freq (MHz)	Vgr (m/ms)	Freq (MHz)	Vgr (m/ms)	Freq (MHz)	Vgr (m/ms)	Freq (MHz)	Vgr (m/ms)
0.279316	-0.362502	0.000522645	0.344576	1.40031	2.1997	0.292887	0.288139	0.559021	0.0121257	0.838525	-0.00323057	0.878539	0.0389052	1.11803	0.0028731	0.139759	0.0919483	0.419265	0.0059373	0.585698	0.0352357	0.698775	0.0130262	0.978281	0.00432006	1.17137	0.0177441	1.25779	0.00610141
0.278697	-0.455585	0.00111112	0.406854	1.39655	2.19946	0.293379	0.421432	0.559042	0.0170796	0.83852	-0.00563937	0.878605	0.0529308	1.11804	0.00539228	0.139916	0.155949	0.419276	0.00823338	0.585758	0.0476323	0.698797	0.0192133	0.978288	0.00641493	1.1714	0.0238836	1.2578	0.00920989
0.27776	-0.608493	0.00191232	0.529342	1.39279	2.19897	0.294327	0.653128	0.55908	0.0270511	0.838506	-0.0103897	0.878719	0.0808945	1.11805	0.0104119	0.140292	0.282955	0.419293	0.0128313	0.58586	0.072442	0.69884	0.0315226	0.978303	0.0105949	1.17145	0.0361739	1.25782	0.0153784
0.276619	-0.703351	0.00291917	0.647267	1.38904	2.19848	0.29561	0.820694	0.559135	0.0370282	0.838484	-0.0150002	0.878881	0.108657	1.11807	0.0153752	0.140883	0.407347	0.419319	0.0175083	0.586005	0.0971772	0.698905	0.0438228	0.978324	0.0148076	1.17152	0.0484362	1.25785	0.0215872
0.275357	-0.757009	0.00412316	0.759995	1.38528	2.19795	0.29713	0.938739	0.559206	0.0470162	0.838455	-0.019393	0.879091	0.13614	1.11811	0.0203497	0.141683	0.528059	0.419353	0.0222816	0.586192	0.121763	0.69899	0.056167	0.978353	0.0190235	1.17162	0.0606426	1.25789	0.0278147
0.274033	-0.783731	0.00551505	0.867035	1.38153	2.19739	0.298817	1.02348	0.559295	0.0570261	0.838418	-0.023536	0.879346	0.163314	1.11814	0.0253466	0.142686	0.644193	0.419395	0.0271858	0.586421	0.146237	0.699096	0.068537	0.978389	0.0232462	1.17173	0.0728608	1.25795	0.0340178
0.272681	-0.7931	0.00708464	0.967899	1.37778	2.19687	0.300626	1.08681	0.559401	0.0670799	0.838374	-0.027365	0.879648	0.190115	1.11819	0.0303265	0.143884	0.755075	0.419446	0.0322277	0.586692	0.170549	0.699224	0.0809588	0.978433	0.0274824	1.17187	0.0850409	1.25801	0.0402956
0.271324	-0.79104	0.00882105	1.06247	1.37403	2.19633	0.302529	1.13627	0.559524	0.0772215	0.838325	-0.0308138	0.879996	0.216481	1.11825	0.0353343	0.145265	0.860155	0.419506	0.0374213	0.587004	0.194659	0.699373	0.0934221	0.978483	0.0316835	1.17202	0.0972065	1.25809	0.0465375
0.269979	-0.781224	0.0107137	1.15079	1.37028	2.19575	0.304507	1.17651	0.559665	0.0873529	0.838269	-0.0338736	0.880388	0.24241	1.11831	0.0403359	0.146822	0.959078	0.419574	0.0428565	0.587357	0.218552	0.699543	0.105907	0.978541	0.0359385	1.1722	0.109343	1.25817	0.0527693
0.268655	-0.765989	0.0127517	1.23284	1.36653	2.19522	0.306547	1.21044	0.559823	0.0975259	0.838209	-0.0364648	0.880824	0.267836	1.11839	0.0453251	0.148541	1.05169	0.419652	0.0485271	0.58775	0.242197	0.699735	0.118434	0.978606	0.040239	1.17239	0.121422	1.25827	0.0590427
0.267362	-0.746722	0.0149246	1.30884	1.36278	2.19464	0.308641	1.23985	0.559998	0.107782	0.838145	-0.0386142	0.881303	0.292752	1.11847	0.0503514	0.150414	1.13795	0.41974	0.0544212	0.588184	0.265594	0.699948	0.131045	0.978678	0.0445071	1.17261	0.133448	1.25837	0.0653376
0.266105	-0.724405	0.0172223	1.37908	1.35903	2.19403	0.310782	1.26588	0.560191	0.118142	0.838077	-0.0403129	0.881824	0.317143	1.11856	0.0553899	0.152428	1.21797	0.419838	0.0605762	0.588657	0.288678	0.700182	0.143703	0.978758	0.0487721	1.17285	0.145429	1.25849	0.0716753
0.264888	-0.699642	0.0196351	1.4438	1.35529	2.19344	0.312965	1.2894	0.560401	0.128526	0.838007	-0.0414821	0.882386	0.340977	1.11866	0.0603912	0.154574	1.29204	0.419947	0.0670058	0.58917	0.311449	0.700438	0.156453	0.978845	0.0530928	1.17311	0.157381	1.25862	0.0780368
0.263715	-0.672896	0.0221538	1.50335	1.35154	2.19282	0.315186	1.31093	0.56063	0.138955	0.837935	-0.0421491	0.882988	0.364258	1.11876	0.0654417	0.156543	1.35189	0.420067	0.0737368	0.589721	0.333902	0.700717	0.169263	0.978939	0.0574631	1.17339	0.169277	1.25875	0.084384
0.26259	-0.644474	0.02477	1.55807	1.3478	2.1922	0.317443	1.33079	0.560876	0.149538	0.837863	-0.0423069	0.88363	0.386987	1.11888	0.0705287	0.158289	1.39954	0.420198	0.080823	0.59031	0.355966	0.701017	0.182131	0.979041	0.0618087	1.17369	0.181122	1.2589	0.0907646
0.261514	-0.614556	0.0274756	1.60833	1.34405	2.19158	0.319732	1.34927	0.56114	0.160181	0.837791	-0.0419416	0.88431	0.409171	1.119	0.0755649	0.159778	1.43671	0.420343	0.0882482	0.590937	0.377685	0.701339	0.195115	0.97915	0.0661668	1.17401	0.192864	1.25907	0.0972118
0.26049	-0.583318	0.0302635	1.6545	1.34031	2.19095	0.322052	1.36661	0.561423	0.170882	0.83772	-0.0410872	0.885028	0.43082	1.11914	0.0806233	0.160981	1.46476	0.4205	0.0960417	0.591601	0.399025	0.701683	0.208208	0.979267	0.07055	1.17435	0.204527	1.25924	0.103669
0.259522	-0.550866	0.0331268	1.69682	1.33657	2.19031	0.3244	1.38289	0.561724	0.181699	0.837651	-0.0397499	0.885782	0.451897	1.11928	0.0857261	0.161881	1.48461	0.420671	0.104201	0.5923	0.419916	0.70205	0.221395	0.979391	0.0749833	1.1747	0.216153	1.25942	0.110144
0.258609	-0.517344	0.0360592	1.73566	1.33283	2.18966	0.326775	1.39826	0.562044	0.192624	0.837584	-0.0379418	0.886571	0.472447	1.11943	0.0908559	0.162463	1.49692	0.420856	0.112719	0.593035	0.440404	0.702439	0.234646	0.979523	0.0794549	1.17508	0.227706	1.25961	0.116659
0.257754	-0.482736	0.0390552	1.77132	1.32909	2.18897	0.329176	1.41284	0.562382	0.203703	0.837521	-0.0356875	0.887395	0.492501	1.11959	0.0959776	0.163308	1.51408	0.421056	0.121648	0.593804	0.460459	0.702851	0.248025	0.979663	0.0839412	1.17548	0.239173	1.25982	0.123249
0.25696	-0.44707	0.0421094	1.80406	1.32535	2.18826	0.331601	1.42664	0.56274	0.214842	0.837462	-0.0329739	0.888253	0.512058	1.11976	0.101083	0.164237	1.53223	0.421271	0.131024	0.594608	0.480015	0.703286	0.261536	0.97981	0.088457	1.1759	0.250533	1.26003	0.129868
0.256227	-0.410466	0.0452173	1.83414	1.32162	2.1876	0.334049	1.43976	0.563116	0.226102	0.837408	-0.0298372	0.889144	0.531116	1.11994	0.106219	0.165518	1.5561	0.421503	0.1408	0.595444	0.499135	0.703745	0.275125	0.979965	0.0929698	1.17634	0.261801	1.26026	0.136483
0.255558	-0.37285	0.0483742	1.86174	1.31788	2.1869	0.336518	1.45221	0.563512	0.237542	0.83736	-0.0262874	0.890068	0.549734	1.12012	0.111414	0.167166	1.58469	0.421752	0.151005	0.596312	0.517814	0.704226	0.288871	0.980128	0.0975385	1.17679	0.27301	1.2605	0.143152
0.254954	-0.334263	0.0515763	1.88717	1.31415	2.18617	0.339009	1.46403	0.563927	0.249032	0.837318	-0.0223446	0.891022	0.567903	1.12032	0.116605	0.169197	1.61719	0.422019	0.161698	0.597213	0.535983	0.704731	0.302745	0.980298	0.102157	1.17727	0.284099	1.26075	0.149928
0.254416	-0.294726	0.0548201	1.91059	1.31041	2.18545	0.341519	1.47529	0.564362	0.260684	0.837284	-0.0180495	0.892007	0.585609	1.12052	0.121788	0.171632	1.65262	0.422305	0.172808	0.598143	0.553627	0.70526	0.316752	0.980477	0.106814	1.17777	0.295074	1.26101	0.156733
0.253947	-0.254154	0.0581022	1.93213	1.30668	2.18471	0.344048	1.486	0.564818	0.272537	0.837257	-0.0134208	0.893022	0.602946	1.12073	0.127014	0.174487	1.68993	0.422609	0.184381	0.599104	0.570777	0.705813	0.330899	0.980663	0.111484	1.17828	0.305942	1.26129	0.163533
0.253548	-0.212626	0.0614196	1.952	1.30295	2.18395	0.346595	1.49615	0.565293	0.284482	0.837238	-0.00843456	0.894067	0.619854	1.12095	0.132268	0.177404	1.724	0.422934	0.196446	0.600093	0.587436	0.70639	0.345142	0.980857	0.116183	1.17881	0.316723	1.26157	0.170449
0.253221	-0.170054	0.0647696	1.97031	1.29922	2.18319	0.349158	1.50579	0.565789	0.296548	0.837228	-0.0031666	0.89514	0.636401	1.12118	0.137514	0.180376	1.75502	0.42328	0.208939	0.60111	0.603544	0.706992	0.359575	0.98106	0.120938	1.17936	0.327389	1.26187	0.17741
0.252967	-0.126382	0.0681495	1.9872	1.29549	2.1824	0.351738	1.51493	0.566306	0.308795	0.837227	0.00235534	0.89624	0.652596	1.12142	0.142807	0.183398	1.7832	0.423648	0.221916	0.602154	0.619172	0.707619	0.374144	0.98127	0.125743	1.17993	0.337889	1.26218	0.184398
0.252789	-0.081628	0.0715572	2.00282	1.29177	2.18163	0.354333	1.52356	0.566844	0.321219	0.837236	0.00819954	0.897369	0.668395	1.12167	0.14813	0.186467	1.80876	0.424038	0.235427	0.603225	0.634272	0.70827	0.388858	0.981489	0.130586	1.18051	0.348304	1.2625	0.191504
0.252689	-0.0356975	0.0749905	2.01724	1.28804	2.18084	0.356942	1.53177	0.567403	0.333811	0.837255	0.0143169	0.898523	0.6839	1.12193	0.153453	0.189577	1.83201	0.424452	0.24939	0.604321	0.64881	0.708947	0.40374	0.981716	0.135445	1.18112	0.358612	1.26283	0.198658
0.252667	0.011485	0.0784474	2.0306	1.28432	2.18	0.359227	1.53852	0.567984	0.346553	0.837285	0.020609	0.899705	0.699063	1.1222	0.158837	0.192724	1.85307	0.42489	0.26382	0.605441	0.662844	0.709649	0.41877	0.981952	0.140334	1.18174	0.368766	1.26318	0.205848
0.252728	0.0599955	0.0819263	2.04296	1.2806	2.17918	0.361182	1.54406	0.568587	0.35947	0.837326	0.027127	0.900911	0.713914	1.12247	0.164221	0.195906	1.87211	0.425353	0.278753	0.606585	0.676366	0.710377	0.433975	0.982196	0.145285	1.18238	0.378797	1.26353	0.21311
0.252872	0.10991	0.0854254	2.05438	1.27687	2.17834	0.362804	1.5484	0.569212	0.372553	0.837378	0.033911	0.902143	0.728511	1.12276	0.169603	0.199119	1.88931	0.425842	0.294195	0.607751	0.689358	0.711131	0.449282	0.982448	0.150296	1.18303	0.388647	1.2639	0.220454
0.253103	0.161332	0.0889433	2.06494	1.27316	2.17748	0.36409	1.55171	0.56986	0.385782	0.837441	0.0408555	0.9034	0.742788	1.12305	0.175043	0.202359	1.90481	0.426358	0.3101	0.608939	0.701787	0.711912	0.46479	0.982709	0.155366	1.18371	0.398381	1.26429	0.227898
0.253423	0.214408	0.0924785	2.07475	1.26944	2.17662	0.365037	1.55409	0.57053	0.399241	0.837517	0.0479355	0.90468	0.756795	1.12335	0.180538	0.205625	1.91878	0.426901	0.326497	0.610148	0.713707	0.712719	0.480456	0.982979	0.16043	1.18439	0.408006	1.26468	0.235421
0.253836	0.269243	0.09603	2.08384	1.26572	2.17577	0.365644	1.55562	0.571223	0.412911	0.837605	0.0552245	0.905984	0.77051	1.12367	0.186018	0.208913	1.93125	0.427398	0.341184	0.611377	0.725166	0.713553	0.49625	0.983257	0.165545	1.1851	0.417414	1.26509	0.242975
0.254343	0.325989	0.0995962	2.09225	1.26201	2.17487	0.366518	1.5578	0.57194	0.426695	0.837706	0.0626838	0.907312	0.784013	1.12399	0.191532	0.212221	1.9424	0.427839	0.353984	0.612625	0.736076	0.714414	0.51224	0.983544	0.170759	1.18582	0.426697	1.26551	0.250657
0.254949	0.384822	0.103176	2.10008	1.25829	2.17394	0.367469	1.56002	0.572681	0.440706	0.837819	0.0702362	0.908662	0.797276	1.12432	0.197111	0.215548	1.95231	0.428216	0.364791	0.613891	0.746444	0.715303	0.528373	0.98384	0.175989	1.18656	0.435854	1.26595	0.258407
0.255657	0.445911	0.106769	2.10733	1.25458	2.17301	0.368764	1.56292	0.573445	0.454925	0.837946	0.0779749	0.910035	0.810245	1.12466	0.2027	0.21889	1.96101	0.428522	0.373434	0.615175	0.756347	0.716219	0.544669	0.984145	0.181249	1.18731	0.44482	1.26639	0.26623
0.256472	0.509344	0.10991	2.11318	1.25087	2.17208	0.370406	1.56649	0.574235	0.469311	0.838086	0.0858384	0.91143	0.822999	1.12501	0.208306	0.222246	1.96867	0.428752	0.379764	0.616475	0.765754	0.717163	0.561103	0.984459	0.18657	1.18808	0.453593	1.26686	0.274201
0.257397	0.5753	0.112594	2.11791	1.24716	2.17114	0.372396	1.57064	0.575048	0.483909	0.838239	0.093766	0.912846	0.835569	1.12537	0.213946	0.225614	1.97532	0.428901	0.383958	0.61779	0.774665	0.718135	0.577693	0.984783	0.191949	1.18886	0.462224	1.26733	0.28222
0.258297	0.634918	0.114818	2.12164	1.24345	2.17019	0.374737	1.57525	0.575887	0.498681	0.838406	0.101822	0.914284	0.847897	1.12574	0.219657	0.228993	1.98096	0.429118	0.390132	0.619121	0.783138	0.719136	0.594407	0.985115	0.197384	1.18965	0.470695	1.26782	0.290335
0.259135	0.68741	0.116579	2.12442	1.23975	2.16922	0.377431	1.58015	0.576752	0.513678	0.838587	0.110009	0.915742	0.859987	1.12612	0.225383	0.23238	1.98573	0.429358	0.396706	0.620465	0.79111	0.720166	0.611245	0.985457	0.202868	1.19047	0.478973	1.26832	0.298579
0.25988	0.731998	0.117875	2.12642	1.23604	2.1682	0.380134	1.58464	0.577642	0.528879	0.838782	0.118276	0.917221	0.871909	1.12651	0.231139	0.235775	1.98967	0.429691	0.405746	0.621823	0.798634	0.721224	0.628269	0.985808	0.208389	1.19129	0.487109	1.26884	0.306896
0.260501	0.768097	0.118706	2.12767	1.23234	2.16717	0.382844	1.58874	0.578558	0.544299	0.838991	0.126638	0.91872	0.883621	1.12691	0.236958	0.239176	1.99281	0.430123	0.417424	0.623193	0.80576	0.722312	0.645419	0.986169	0.213984	1.19213	0.495025	1.26937	0.315298
0.260978	0.795032	0.1199	2.12942	1.22864	2.16614	0.385561	1.59249	0.579501	0.559913	0.839214	0.135068	0.920239	0.895099	1.12732	0.242776	0.242582	1.99516	0.430661	0.431782	0.624575	0.812397	0.723428	0.662634	0.986539	0.219604	1.19298	0.502748	1.26992	0.323869
0.261292	0.812455	0.1212	2.13129	1.22494	2.16515	0.388283	1.59588	0.580471	0.575666	0.839452	0.143571	0.921778	0.906417	1.12774	0.248655	0.245991	1.99679	0.431317	0.448918	0.625968	0.818677	0.724575	0.67998	0.986919	0.225271	1.19385	0.510271	1.27048	0.332531
0.261755	0.837838	0.122969	2.13369	1.22125	2.16409	0.391011	1.59885	0.581467	0.591696	0.839705	0.152158	0.923335	0.91754	1.12817	0.254596	0.249402	1.99777	0.4321	0.469039	0.627371	0.824551	0.725751	0.697464	0.987308	0.231035	1.19472	0.517641	1.27105	0.341249
0.262274	0.865762	0.125209	2.13662	1.21755	2.16297	0.393744	1.60151	0.582359	0.605801	0.839972	0.160791	0.924912	0.928457	1.12861	0.260534	0.252815	1.99801	0.432919	0.489623	0.628784	0.829986	0.726957	0.715037	0.987708	0.236807	1.19561	0.524828	1.27164	0.350143
0.263008	0.904376	0.127921	2.14	1.21386	2.1619	0.396482	1.60383	0.583135	0.61792	0.840254	0.169513	0.926507	0.939212	1.12906	0.26653	0.256227	1.99769	0.433772	0.510624	0.630206	0.835099	0.728193	0.732664	0.988117	0.242654	1.19652	0.531775	1.27225	0.359142
0.263983	0.954129	0.131109	2.14371	1.21017	2.16081	0.399223	1.60576	0.583788	0.628044	0.840551	0.178292	0.92812	0.949765	1.12952	0.27258	0.259638	1.99676	0.434663	0.532143	0.631637	0.839877	0.72946	0.75034	0.988537	0.248593	1.19743	0.53855	1.27287	0.368227
0.265232	1.01553	0.134774	2.14766	1.20648	2.15968	0.401966	1.60741	0.584313	0.636141	0.840863	0.187121	0.929751	0.960161	1.12999	0.278676	0.263047	1.99521	0.43559	0.554075	0.633075	0.844295	0.730756	0.768111	0.988966	0.254527	1.19836	0.545106	1.27351	0.377482
0.266798	1.08913	0.138445	2.15134	1.20279	2.15854	0.404713	1.6087	0.584702	0.642038	0.84119	0.195991	0.931399	0.97037	1.13048	0.2848	0.266453	1.99314	0.436555	0.5764	0.634334	0.847935	0.732083	0.785949	0.989406	0.260515	1.19929	0.551471	1.27416	0.38683
0.268731	1.17529	0.142122	2.15469	1.19911	2.15737	0.407461	1.60962	0.584954	0.645881	0.841532	0.204939	0.933065	0.980387	1.13097	0.290983	0.269855	1.99052	0.437559	0.5992	0.635412	0.850821	0.733441	0.803797	0.989856	0.266611	1.20024	0.557639	1.27483	0.396304
0.270812	1.26269	0.145804	2.15773	1.19542	2.15622	0.410211	1.61024	0.585318	0.651463	0.84189	0.213922	0.934748	0.990269	1.13147	0.29722	0.273252	1.98742	0.438602	0.622423	0.636306	0.853131	0.734829	0.821667	0.990317	0.272736	1.2012	0.563598	1.27551	0.405904
0.273043	1.35072	0.149492	2.16055	1.19174	2.15502	0.412961	1.61057	0.585717	0.657401	0.842263	0.222912	0.936448	0.999944	1.13198	0.303504	0.276643	1.98376	0.439685	0.646044	0.637014	0.854792	0.736247	0.83958	0.990788	0.27892	1.20217	0.569328	1.27621	0.415633
0.275426	1.43852	0.153184	2.16311	1.18806	2.15379	0.415712	1.61062	0.586266	0.665632	0.842651	0.231979	0.938164	1.00945	1.13251	0.309821	0.280028	1.97965	0.440809	0.670079	0.637536	0.856168	0.737696	0.857453	0.991269	0.28516	1.20314	0.574844	1.27693	0.425498
0.277957	1.52514	0.15688	2.16544	1.18438	2.15257	0.418462	1.61033	0.586969	0.676178	0.843055	0.241075	0.939896	1.01881	1.13304	0.316202	0.283405	1.97508	0.441974	0.694477	0.63787	0.856941	0.739176	0.875311	0.991762	0.29145	1.20413	0.580181	1.27767	0.435447
0.280635	1.60976	0.160581	2.16756	1.18071	2.15132	0.421212	1.60979	0.587835	0.688918	0.843475	0.25023	0.941643	1.028	1.13359	0.32265	0.286774	1.97004	0.443181	0.719273	0.638351	0.857906	0.740686	0.893137	0.992265	0.29784	1.20512	0.585284	1.27842	0.445564
0.283455	1.69157	0.164284	2.16943	1.17704	2.15005	0.423961	1.60896	0.588872	0.704002	0.84391	0.25944	0.943407	1.03702	1.13414	0.32911	0.290134	1.96461	0.44443	0.744423	0.638875	0.859081	0.742227	0.910899	0.992779	0.304245	1.20613	0.590166	1.27919	0.455832
0.286413	1.7697	0.167991	2.17111	1.17336	2.14881	0.426708	1.6078	0.590089	0.721516	0.844361	0.268637	0.945186	1.04585	1.13471	0.335652	0.293485	1.95877	0.445723	0.769873	0.639588	0.860567	0.743798	0.928659	0.993304	0.310677	1.20714	0.594856	1.27998	0.466216
0.2895	1.84362	0.1717	2.17262	1.1697	2.1475	0.429453	1.60645	0.591336	0.739157	0.844827	0.27787	0.946979	1.05453	1.13529	0.342237	0.296825	1.95251	0.44706	0.795721	0.640492	0.862427	0.745191	0.94406	0.99384	0.317228	1.20816	0.599345	1.28078	0.476709
0.29271	1.91293	0.175412	2.17394	1.16603	2.14613	0.432195	1.60484	0.592614	0.757014	0.84531	0.287174	0.948787	1.06304	1.13588	0.348909	0.300154	1.94588	0.448441	0.821861	0.641588	0.864505	0.746397	0.957082	0.994388	0.323831	1.20919	0.603618	1.28161	0.487357
0.296034	1.97729	0.179125	2.17506	1.16237	2.14481	0.434934	1.60296	0.593922	0.775011	0.845808	0.296496	0.95061	1.07139	1.13648	0.355627	0.303471	1.93892	0.449867	0.848239	0.642876	0.866876	0.747407	0.967877	0.994946	0.330475	1.21022	0.607645	1.28245	0.49813
0.299464	2.03658	0.182841	2.17606	1.1587	2.14346	0.43767	1.6009	0.595261	0.793171	0.846323	0.305857	0.952447	1.0796	1.13709	0.36238	0.306776	1.93163	0.451339	0.874923	0.644359	0.869353	0.748213	0.976324	0.995516	0.337202	1.21126	0.61149	1.28331	0.508968
0.30299	2.0909	0.186558	2.1769	1.15504	2.14207	0.440402	1.59857	0.596631	0.811475	0.846853	0.31523	0.954298	1.08761	1.13772	0.369199	0.310069	1.92399	0.452856	0.901883	0.645845	0.871737	0.748811	0.98245	0.996098	0.343971	1.21231	0.615157	1.28419	0.519996
0.306605	2.14034	0.190276	2.17756	1.15139	2.14064	0.44313	1.59605	0.598033	0.829911	0.847399	0.324631	0.956162	1.09547	1.13835	0.37609	0.313348	1.91605	0.454419	0.929074	0.647336	0.87395	0.749195	0.986481	0.996691	0.350823	1.21336	0.618592	1.28508	0.531158
0.310301	2.18512	0.193996	2.17805	1.14773	2.13922	0.445854	1.59336	0.599466	0.848539	0.847962	0.334084	0.958039	1.10319	1.139	0.383064	0.316613	1.90788	0.456029	0.956412	0.648831	0.876047	0.74975	0.992265	0.997296	0.357718	1.21442	0.621808	1.286	0.542401
0.314069	2.22555	0.197716	2.17842	1.14408	2.1378	0.448573	1.59047	0.600931	0.86723	0.848541	0.343582	0.95993	1.11071	1.13966	0.390078	0.319865	1.89942	0.457686	0.983946	0.650328	0.878055	0.750357	0.998381	0.997913	0.364636	1.21549	0.624837	1.28694	0.553745
0.317903	2.26192	0.201436	2.1787	1.14043	2.13631	0.451286	1.58744	0.602428	0.886047	0.849058	0.351885	0.961833	1.11808	1.14034	0.397173	0.323101	1.89077	0.45939	1.01167	0.65183	0.879957	0.751189	1.00674	0.998542	0.371665	1.21656	0.627675	1.28789	0.56523
0.321795	2.29456	0.205157	2.1788	1.13678	2.13483	0.453995	1.58423	0.603957	0.904957	0.849509	0.358907	0.963749	1.12526	1.14102	0.404307	0.326323	1.88193	0.461141	1.03946	0.653334	0.881805	0.752251	1.01729	0.999183	0.378788	1.21763	0.630318	1.28887	0.576872
0.32574	2.32382	0.208878	2.17876	1.13314	2.13335	0.456698	1.58089	0.605519	0.923945	0.849888	0.364831	0.965677	1.13233	1.14172	0.411518	0.329529	1.87286	0.46294	1.06735	0.654842	0.883627	0.753549	1.02991	0.999836	0.385916	1.21871	0.632819	1.28986	0.588579
0.329732	2.35002	0.212599	2.17865	1.1295	2.13181	0.459395	1.57745	0.607113	0.943065	0.850193	0.369471	0.967617	1.13921	1.14243	0.418821	0.33272	1.86369	0.464787	1.09528	0.656352	0.885435	0.755093	1.04466	1.0005	0.393116	1.21979	0.635098	1.29088	0.600357
0.333767	2.3734	0.21632	2.17841	1.12586	2.13022	0.462086	1.57391	0.60874	0.962188	0.850419	0.372778	0.969568	1.14593	1.14315	0.426185	0.335895	1.85439	0.466681	1.12327	0.657866	0.887206	0.756891	1.06143	1.00118	0.400396	1.22088	0.637179	1.29191	0.612276
0.337839	2.39425	0.22004	2.17804	1.12222	2.12865	0.46477	1.57028	0.6104	0.981375	0.850565	0.375007	0.971531	1.15248	1.14388	0.433608	0.339054	1.84501	0.468624	1.15125	0.659383	0.888989	0.758718	1.07799	1.00187	0.407715	1.22197	0.639113	1.29297	0.62429
0.341945	2.41288	0.223759	2.17755	1.11859	2.12706	0.467449	1.56658	0.612092	1.00063	0.850777	0.378287	0.973504	1.15885	1.14463	0.441089	0.342197	1.83559	0.470614	1.17914	0.660902	0.89084	0.760573	1.09432	1.00257	0.41511	1.22306	0.640876	1.29404	0.636371
0.34608	2.42946	0.227478	2.17696	1.11496	2.12542	0.470121	1.56284	0.613818	1.01985	0.851009	0.381685	0.975489	1.16507	1.14539	0.448685	0.345324	1.82608	0.472651	1.20698	0.662425	0.892694	0.762456	1.11047	1.00329	0.422595	1.22416	0.642484	1.29514	0.648524
0.350243	2.4442	0.231195	2.17626	1.11133	2.12376	0.472787	1.55908	0.615576	1.03911	0.851327	0.386302	0.977484	1.17116	1.14616	0.456325	0.348434	1.81665	0.474736	1.2347	0.663952	0.894611	0.764366	1.12643	1.00401	0.430137	1.22526	0.643966	1.29626	0.660759
0.354429	2.45729	0.234911	2.17548	1.1077	2.12211	0.475447	1.55532	0.617367	1.05837	0.851735	0.392268	0.979231	1.17629	1.14695	0.464052	0.351529	1.80726	0.476869	1.26225	0.665481	0.896653	0.766304	1.14212	1.00476	0.437732	1.22636	0.645258	1.2974	0.673098
0.358636	2.46891	0.238626	2.1746	1.10408	2.12041	0.4781	1.55158	0.619191	1.07756	0.852238	0.399452	0.980726	1.1806	1.14775	0.471892	0.354607	1.79786	0.479048	1.28963	0.667014	0.898727	0.768268	1.15758	1.00551	0.44537	1.22746	0.646418	1.29856	0.685457
0.362862	2.47921	0.242339	2.1736	1.10046	2.11868	0.480746	1.54785	0.621047	1.09675	0.852838	0.407908	0.981966	1.18403	1.14856	0.479773	0.357669	1.78864	0.481273	1.31679	0.668551	0.900939	0.770258	1.1728	1.00618	0.452109	1.22857	0.647501	1.29974	0.697856
0.367104	2.48826	0.24605	2.17251	1.09684	2.11696	0.483387	1.54419	0.622937	1.11585	0.853543	0.417652	0.982949	1.18674	1.14938	0.487736	0.360716	1.77955	0.483545	1.34365	0.670092	0.903253	0.772273	1.18775	1.00675	0.457905	1.22967	0.64843	1.30094	0.710337
0.371361	2.49615	0.249759	2.17135	1.09323	2.11518	0.486021	1.54066	0.624859	1.13487	0.854265	0.427384	0.983674	1.18869	1.15022	0.4958	0.363748	1.77057	0.485863	1.37023	0.671636	0.905678	0.774315	1.20243	1.00724	0.462719	1.23078	0.649234	1.30217	0.722857
0.37563	2.50311	0.253467	2.17008	1.08962	2.11337	0.488649	1.53722	0.626813	1.15382	0.855003	0.437171	0.984138	1.18995	1.15108	0.503944	0.366764	1.76184	0.488226	1.39649	0.673185	0.908253	0.77638	1.21683	1.00762	0.466525	1.23189	0.649914	1.30341	0.735393
0.379911	2.50912	0.257172	2.16871	1.08601	2.11154	0.491271	1.53389	0.6288	1.17264	0.855758	0.447016	0.984806	1.1918	1.15195	0.512184	0.369766	1.75333	0.490633	1.42234	0.674738	0.910964	0.778471	1.23096	1.00791	0.469387	1.233	0.650531	1.30468	0.74796
0.384201	2.51423	0.260874	2.16728	1.0824	2.10968	0.493888	1.53071	0.630818	1.19137	0.85653	0.45686	0.985534	1.19368	1.15283	0.520492	0.372753	1.74509	0.493084	1.4478	0.676297	0.913867	0.780585	1.24481	1.00809	0.471196	1.23411	0.651085	1.30597	0.760529
0.388498	2.51858	0.264574	2.16573	1.0788	2.10781	0.4965	1.52773	0.632869	1.20993	0.857319	0.466765	0.986525	1.19617	1.15372	0.528877	0.375726	1.73712	0.495578	1.47288	0.67786	0.916928	0.782723	1.25835	1.00836	0.473724	1.23522	0.651511	1.30728	0.773101
0.392803	2.52218	0.268271	2.16412	1.07521	2.10593	0.499106	1.52494	0.634951	1.2283	0.858124	0.476731	0.987782	1.19936	1.15463	0.537351	0.378686	1.72946	0.498115	1.49746	0.679428	0.92013	0.784883	1.27159	1.00865	0.476594	1.23634	0.651869	1.30861	0.785678
0.397113	2.52506	0.271966	2.16245	1.07161	2.10397	0.501708	1.5224	0.637065	1.2465	0.858947	0.486698	0.989306	1.20312	1.15556	0.545943	0.381633	1.72213	0.500693	1.52151	0.681003	0.923526	0.787066	1.28456	1.00904	0.480489	1.23745	0.652213	1.30996	0.798205
0.401428	2.52731	0.275658	2.16068	1.06802	2.10202	0.504306	1.52014	0.639209	1.26451	0.859787	0.496695	0.991099	1.20737	1.1565	0.554647	0.384568	1.71515	0.503312	1.54508	0.682583	0.927143	0.789271	1.2972	1.00955	0.485397	1.23856	0.652467	1.31133	0.810755
0.405746	2.52896	0.279346	2.15881	1.06443	2.10004	0.506901	1.51814	0.641384	1.28231	0.860644	0.506738	0.993166	1.21218	1.15745	0.563389	0.387492	1.70857	0.50597	1.5681	0.684169	0.930901	0.791497	1.30953	1.01017	0.491433	1.23968	0.652665	1.31273	0.823289
0.410066	2.52997	0.283031	2.15685	1.06085	2.09801	0.509492	1.51643	0.643589	1.2999	0.861518	0.516836	0.99524	1.21676	1.1583	0.571101	0.390404	1.7024	0.508668	1.59057	0.685763	0.934885	0.793744	1.3216	1.01091	0.498485	1.24079	0.652876	1.31414	0.83573
0.414387	2.53038	0.286713	2.15488	1.05726	2.09598	0.51208	1.51511	0.645824	1.31724	0.862409	0.526992	0.997322	1.22118	1.15903	0.577721	0.393307	1.69662	0.511403	1.61245	0.687363	0.939105	0.796011	1.3333	1.01176	0.506687	1.24191	0.653051	1.31558	0.848168
0.418709	2.53025	0.290392	2.15278	1.05369	2.09391	0.514667	1.51414	0.648088	1.3343	0.863318	0.537145	0.999411	1.22543	1.15964	0.583273	0.396199	1.69129	0.514175	1.63366	0.68897	0.943506	0.798298	1.34469	1.01264	0.514967	1.24302	0.653153	1.31704	0.860542
0.42303	2.52959	0.294066	2.15062	1.05011	2.09182	0.517252	1.5135	0.650381	1.35112	0.864244	0.54736	1.00151	1.22951	1.16012	0.58765	0.399083	1.68639	0.516983	1.6543	0.690585	0.94812	0.800604	1.35583	1.01352	0.523285	1.24414	0.653296	1.31852	0.872847
0.427349	2.52837	0.297737	2.14839	1.04654	2.08966	0.519836	1.51337	0.652703	1.36764	0.865187	0.557667	1.00361	1.2334	1.16048	0.590875	0.401959	1.68196	0.519826	1.67434	0.692209	0.952965	0.802929	1.36664	1.01442	0.531684	1.24526	0.653457	1.32002	0.885076
0.431666	2.52661	0.301405	2.14607	1.04298	2.08752	0.522421	1.51367	0.655053	1.38386	0.866148	0.567958	1.00572	1.23715	1.16071	0.592991	0.404828	1.67799	0.522702	1.6937	0.69384	0.958019	0.805272	1.37708	1.01534	0.540186	1.24623	0.653518	1.32155	0.897217
0.435979	2.52434	0.305068	2.14373	1.03941	2.08534	0.525007	1.51444	0.65743	1.39976	0.867127	0.578303	1.00784	1.24072	1.16104	0.596009	0.407691	1.67445	0.525611	1.71239	0.695481	0.9633	0.807632	1.38726	1.01627	0.548739	1.24706	0.653639	1.32309	0.909305
0.440288	2.5215	0.308727	2.1413	1.03585	2.08308	0.527594	1.51576	0.659834	1.41539	0.868124	0.588738	1.00996	1.24409	1.16141	0.59924	0.410548	1.67144	0.528551	1.73043	0.697131	0.968819	0.81001	1.39714	1.01721	0.557379	1.24774	0.653817	1.32465	0.921285
0.444592	2.51813	0.312382	2.13878	1.0323	2.08086	0.530184	1.51759	0.662264	1.43067	0.869138	0.599185	1.01209	1.24732	1.16191	0.603684	0.4134	1.66886	0.531521	1.74781	0.69879	0.97455	0.812405	1.4067	1.01817	0.566094	1.24829	0.653861	1.32623	0.933175
0.448889	2.51416	0.316032	2.13619	1.02874	2.07858	0.532777	1.52002	0.66472	1.44558	0.87017	0.609702	1.01422	1.25035	1.16254	0.609428	0.416248	1.66676	0.534521	1.76451	0.700459	0.98051	0.814815	1.41593	1.01915	0.574847	1.24868	0.653904	1.32784	0.944946
0.453179	2.50963	0.319678	2.13353	1.0252	2.07625	0.535376	1.52304	0.667202	1.46018	0.871221	0.620284	1.01636	1.25324	1.16332	0.616412	0.419093	1.66515	0.537548	1.78054	0.702139	0.986709	0.817241	1.42485	1.02014	0.58368	1.24894	0.653911	1.32946	0.956603
0.457461	2.50458	0.323319	2.13084	1.02165	2.07389	0.53798	1.52671	0.669708	1.47442	0.872289	0.630898	1.0185	1.25591	1.16425	0.624617	0.421936	1.66395	0.540603	1.79589	0.70383	0.993152	0.819682	1.43352	1.02114	0.592615	1.24931	0.654018	1.33089	0.966722
0.461734	2.49887	0.326956	2.1281	1.01811	2.07152	0.54059	1.53108	0.672238	1.48828	0.873376	0.641559	1.02065	1.25843	1.16532	0.63412	0.424776	1.66325	0.543682	1.81056	0.705531	0.999839	0.822137	1.44188	1.02216	0.601633	1.24971	0.654152	1.33213	0.975204
0.465996	2.49252	0.330588	2.12528	1.01458	2.06912	0.543209	1.53615	0.674791	1.50178	0.87448	0.652276	1.0228	1.2608	1.16641	0.643731	0.427617	1.66306	0.546787	1.82458	0.707245	1.00674	0.824607	1.44989	1.0232	0.610722	1.25025	0.654171	1.33315	0.982161
0.470247	2.48553	0.334216	2.12241	1.01105	2.06668	0.545837	1.54199	0.677367	1.5149	0.875603	0.66305	1.02495	1.26295	1.16752	0.653457	0.430457	1.66324	0.549915	1.83791	0.70897	1.01391	0.82709	1.45762	1.02425	0.619909	1.25094	0.654333	1.33397	0.98772
0.474486	2.47786	0.337838	2.11946	1.00752	2.0642	0.548476	1.5486	0.679966	1.52768	0.876745	0.673885	1.02711	1.26495	1.16864	0.663273	0.433298	1.66389	0.553064	1.85057	0.710708	1.0213	0.829585	1.4651	1.02531	0.629115	1.25177	0.654542	1.33457	0.991814
0.478711	2.46948	0.341455	2.11647	1.004	2.06168	0.551127	1.55602	0.682585	1.54004	0.877905	0.684811	1.02927	1.26678	1.16978	0.673194	0.43614	1.66496	0.556236	1.8626	0.712458	1.02892	0.832094	1.47227	1.0264	0.638422	1.25274	0.654828	1.33496	0.994331
0.482921	2.4604	0.345067	2.11343	1.00048	2.05916	0.553791	1.56431	0.685226	1.55202	0.879084	0.695783	1.03144	1.26845	1.17094	0.683231	0.438985	1.66642	0.559426	1.87394	0.714222	1.03679	0.834614	1.47911	1.02749	0.647873	1.25386	0.655184	1.33552	0.997901
0.487115	2.45053	0.348674	2.11033	0.996962	2.05659	0.55647	1.57353	0.687886	1.5636	0.880282	0.706779	1.03361	1.26993	1.17212	0.693325	0.441832	1.66836	0.562636	1.88465	0.716	1.0449	0.837146	1.48572	1.02861	0.657333	1.25498	0.655578	1.33613	1.00191
0.491291	2.43981	0.352275	2.1072	0.993452	2.05394	0.559166	1.58368	0.690567	1.57481	0.881498	0.717878	1.03578	1.27125	1.17331	0.703572	0.444683	1.67062	0.565864	1.89474	0.717791	1.05326	0.839689	1.49206	1.02974	0.666861	1.2561	0.656054	1.33696	1.00731
0.495448	2.42832	0.355871	2.104	0.989946	2.0513	0.561879	1.59479	0.693265	1.58568	0.882734	0.72903	1.03795	1.27238	1.17452	0.713926	0.447538	1.67324	0.569108	1.90418	0.719597	1.06187	0.842242	1.49807	1.03089	0.676546	1.25722	0.656571	1.33802	1.01402
0.499585	2.41596	0.359462	2.10078	0.986445	2.04862	0.564613	1.60694	0.695983	1.59609	0.883988	0.740239	1.04012	1.27335	1.17575	0.724334	0.450398	1.67629	0.572368	1.91302	0.721418	1.07072	0.844806	1.50383	1.03205	0.686279	1.25834	0.657169	1.33931	1.02211
0.5037	2.40265	0.363047	2.09751	0.982949	2.04592	0.567368	1.62013	0.698717	1.60613	0.885262	0.751539	1.0423	1.27417	1.177	0.734861	0.453264	1.67967	0.575642	1.92125	0.723255	1.07982	0.847379	1.50935	1.03323	0.696035	1.25946	0.657871	1.34084	1.03154
0.507792	2.38845	0.366626	2.0942	0.979457	2.04318	0.570147	1.6344	0.701469	1.61579	0.886555	0.762914	1.04447	1.2748	1.17826	0.74551	0.456135	1.68337	0.57893	1.92883	0.725107	1.08916	0.849961	1.51455	1.03443	0.705928	1.26059	0.658624	1.34261	1.04217
0.511858	2.37327	0.3702	2.09087	0.97597	2.04037	0.572951	1.64977	0.704236	1.62505	0.887868	0.774328	1.04665	1.2753	1.17954	0.756251	0.459014	1.68738	0.58223	1.93583	0.726975	1.0987	0.852552	1.5195	1.03564	0.715919	1.26171	0.659434	1.3444	1.05268
0.515898	2.35714	0.373768	2.08747	0.972488	2.03753	0.575782	1.66628	0.707019	1.63395	0.8892	0.785791	1.04883	1.27561	1.18084	0.767068	0.461899	1.69171	0.585542	1.94228	0.728859	1.10854	0.855151	1.52421	1.03687	0.725959	1.26284	0.660334	1.34621	1.06304
0.51991	2.34007	0.37733	2.08404	0.969011	2.0347	0.578642	1.68394	0.709817	1.64245	0.890552	0.797373	1.05101	1.27574	1.18216	0.777987	0.464792	1.69636	0.588865	1.94813	0.730761	1.11863	0.857758	1.52866	1.03812	0.736086	1.26397	0.661342	1.34803	1.07321
0.523891	2.32197	0.380886	2.08059	0.965538	2.03183	0.581533	1.70273	0.712629	1.65057	0.891924	0.809013	1.05319	1.27574	1.1835	0.789017	0.467693	1.70124	0.592196	1.95344	0.73268	1.12894	0.860373	1.53284	1.03939	0.746318	1.2651	0.662433	1.34987	1.08324
0.527841	2.30289	0.384436	2.07714	0.962071	2.02886	0.584458	1.72269	0.715455	1.65829	0.893315	0.820714	1.05537	1.27562	1.18486	0.800134	0.470603	1.70638	0.595537	1.95817	0.734617	1.13954	0.862994	1.53679	1.04067	0.756634	1.26623	0.663598	1.35173	1.09312
0.531757	2.28286	0.387981	2.07364	0.958608	2.0259	0.587418	1.7438	0.718293	1.66567	0.894727	0.832507	1.05754	1.27531	1.18623	0.811325	0.473522	1.7118	0.598885	1.96233	0.736572	1.15035	0.865622	1.54049	1.04197	0.766992	1.26737	0.66483	1.35361	1.10285
0.535638	2.26192	0.391519	2.07013	0.955151	2.0229	0.590414	1.76597	0.721144	1.6727	0.896159	0.844377	1.05972	1.27484	1.18763	0.822616	0.47645	1.71745	0.602239	1.96596	0.738546	1.16138	0.868256	1.54392	1.04329	0.777432	1.2685	0.666189	1.3555	1.11243
0.539483	2.24009	0.395052	2.06661	0.951699	2.01986	0.593449	1.78922	0.724007	1.67932	0.897611	0.856316	1.0619	1.27427	1.18904	0.833987	0.479388	1.72324	0.6056	1.96907	0.740539	1.17269	0.870895	1.54716	1.04463	0.788007	1.26964	0.667643	1.35741	1.12182
0.543289	2.21741	0.398578	2.06309	0.948252	2.0168	0.596525	1.8135	0.72688	1.68556	0.899084	0.86829	1.06407	1.27352	1.19048	0.84546	0.482336	1.7293	0.608965	1.97171	0.742552	1.18422	0.87354	1.55014	1.04598	0.798649	1.27078	0.669174	1.35933	1.13104
0.547057	2.194	0.402098	2.05953	0.94481	2.01367	0.599644	1.8387	0.729764	1.6915	0.900577	0.880374	1.06625	1.27262	1.19193	0.856985	0.485294	1.73554	0.612335	1.97377	0.744584	1.19603	0.87619	1.55286	1.04736	0.809324	1.27193	0.670806	1.36127	1.14011
0.550783	2.16998	0.405613	2.05596	0.941374	2.0105	0.602806	1.8647	0.732658	1.6971	0.902091	0.892576	1.06842	1.27161	1.1934	0.868566	0.488264	1.74192	0.615707	1.97536	0.746637	1.20809	0.878844	1.5554	1.04875	0.82014	1.27307	0.67252	1.36323	1.14903
0.554469	2.14546	0.409121	2.05244	0.937943	2.00732	0.606013	1.89142	0.735561	1.70232	0.903626	0.904804	1.07059	1.27049	1.1949	0.880268	0.491244	1.74848	0.619082	1.97647	0.748711	1.22037	0.881503	1.55772	1.05016	0.831026	1.27422	0.674305	1.3652	1.1578
0.558112	2.12052	0.412623	2.04888	0.934517	2.00411	0.609266	1.91876	0.738472	1.70719	0.905181	0.917109	1.07276	1.26924	1.19641	0.89203	0.494236	1.75519	0.622458	1.97705	0.750805	1.23289	0.884165	1.55978	1.05158	0.841947	1.27538	0.676219	1.36718	1.16639
0.561712	2.09529	0.416119	2.04531	0.931098	2.00084	0.612567	1.94655	0.741392	1.71175	0.906758	0.929513	1.07493	1.26785	1.19794	0.903854	0.497239	1.76205	0.625835	1.97718	0.752922	1.24564	0.88683	1.56165	1.05303	0.852979	1.27653	0.67826	1.36918	1.17477
0.565268	2.06999	0.419609	2.04176	0.927683	1.99753	0.615915	1.97465	0.744319	1.71599	0.908356	0.941998	1.07709	1.26635	1.1995	0.915739	0.500255	1.76897	0.629211	1.97685	0.75506	1.25862	0.889499	1.56332	1.0545	0.864066	1.27769	0.680363	1.37119	1.18302
0.568782	2.04474	0.423093	2.03822	0.924275	1.99419	0.619311	2.0029	0.747253	1.7199	0.909976	0.954524	1.07925	1.26473	1.20107	0.927624	0.503282	1.77602	0.632587	1.97606	0.757221	1.27185	0.89217	1.56475	1.05598	0.875273	1.27886	0.68256	1.37322	1.19113
0.572252	2.01964	0.426571	2.03472	0.920872	1.99079	0.622756	2.03111	0.750194	1.7235	0.911617	0.967131	1.08141	1.26302	1.20267	0.939602	0.506321	1.78317	0.635961	1.97487	0.759404	1.28534	0.894844	1.56602	1.05749	0.886541	1.28002	0.684835	1.37526	1.19906
0.57568	1.99493	0.430043	2.0312	0.917475	1.98739	0.626249	2.05918	0.75314	1.72678	0.913279	0.979873	1.08357	1.26124	1.20428	0.951658	0.509372	1.7904	0.639332	1.97318	0.761611	1.29898	0.897519	1.56709	1.05901	0.897839	1.2812	0.68721	1.37732	1.20683
0.579066	1.97075	0.433509	2.02771	0.914084	1.98394	0.62979	2.08689	0.756092	1.72979	0.914963	0.992619	1.08572	1.25936	1.20592	0.96369	0.512436	1.79769	0.6427	1.97107	0.763841	1.31289	0.900196	1.56793	1.06055	0.909244	1.28237	0.689697	1.37938	1.21443
0.582412	1.94718	0.436969	2.02429	0.910698	1.98044	0.633377	2.11412	0.759048	1.73246	0.916669	1.00546	1.08787	1.25737	1.20757	0.975772	0.515513	1.80503	0.646065	1.9686	0.766095	1.32703	0.902875	1.5686	1.06212	0.920735	1.28355	0.692272	1.38146	1.22185
0.585717	1.92438	0.440423	2.02085	0.907319	1.97692	0.637011	2.14079	0.762009	1.73492	0.918398	1.01838	1.09001	1.25532	1.20925	0.98791	0.518602	1.81247	0.649424	1.96569	0.768374	1.34134	0.905554	1.56909	1.0637	0.932268	1.28474	0.694921	1.38356	1.22915
0.588985	1.90242	0.443871	2.01743	0.903946	1.97333	0.640689	2.16669	0.764974	1.73707	0.920148	1.03134	1.09216	1.25321	1.21095	1.00001	0.521703	1.8199	0.652779	1.9624	0.770677	1.35589	0.908234	1.56943	1.0653	0.943853	1.28593	0.6977	1.38566	1.23627
0.592215	1.88141	0.447314	2.01411	0.900579	1.96974	0.644411	2.19175	0.767942	1.73892	0.92192	1.04445	1.09429	1.25101	1.21267	1.01216	0.524818	1.82733	0.656127	1.95872	0.773005	1.37063	0.910915	1.56956	1.06692	0.955557	1.28712	0.700545	1.38778	1.24323
0.595411	1.86147	0.450751	2.01081	0.897218	1.96609	0.648176	2.21588	0.770914	1.74056	0.923715	1.05756	1.09643	1.2488	1.2144	1.02434	0.527945	1.83482	0.659469	1.95468	0.775358	1.38551	0.913595	1.56954	1.06857	0.967259	1.28832	0.703453	1.38991	1.25002
0.598573	1.84262	0.454182	2.00749	0.893863	1.96239	0.65198	2.239	0.773888	1.74191	0.925533	1.07071	1.09856	1.24651	1.21616	1.03646	0.531085	1.84232	0.662804	1.95028	0.777737	1.40063	0.916276	1.56937	1.07023	0.979021	1.28952	0.706516	1.39205	1.25667
0.601705	1.82486	0.457608	2.00425	0.890515	1.95869	0.655823	2.26105	0.776864	1.74304	0.927373	1.08397	1.10069	1.2442	1.21794	1.04862	0.534238	1.84981	0.666131	1.94554	0.780143	1.4159	0.918956	1.56901	1.07191	0.990907	1.29073	0.709626	1.3942	1.26318
0.604807	1.80828	0.461028	2.00111	0.887173	1.95495	0.659703	2.28207	0.779841	1.74398	0.929235	1.09728	1.10281	1.24183	1.21975	1.06076	0.537403	1.8573	0.669449	1.94051	0.782574	1.4313	0.921635	1.56852	1.07361	1.00279	1.29195	0.712821	1.39636	1.26947
0.607881	1.79281	0.464443	1.99796	0.883838	1.95112	0.663618	2.30196	0.78282	1.74464	0.93112	1.11066	1.10493	1.23944	1.22157	1.07284	0.540581	1.86472	0.672759	1.93511	0.785031	1.4469	0.924313	1.56791	1.07533	1.01471	1.29317	0.716121	1.39854	1.27565
0.61093	1.77848	0.467852	1.99484	0.880509	1.94729	0.667566	2.32072	0.7858	1.74509	0.933029	1.12406	1.10704	1.23707	1.22341	1.08491	0.543772	1.87215	0.676059	1.92941	0.787516	1.46262	0.92699	1.5671	1.07708	1.02667	1.29439	0.719474	1.40072	1.27872
0.613956	1.76534	0.471257	1.99183	0.877187	1.94342	0.671545	2.3384	0.788781	1.74538	0.93496	1.13751	1.10915	1.23468	1.22527	1.09695	0.546976	1.87958	0.679349	1.92347	0.790027	1.47846	0.929666	1.5662	1.07884	1.03869	1.29562	0.722945		
0.61696	1.75323	0.474656	1.9889	0.873871	1.93951	0.675553	2.35491	0.791762	1.74549	0.936914	1.15101	1.11126	1.2323	1.22716	1.10895	0.550192	1.88692	0.682629	1.91728	0.792566	1.49437	0.93234	1.5652	1.08063	1.05076	1.29686	0.726507		
0.619944	1.7422	0.47805	1.98598	0.870562	1.93559	0.679588	2.37041	0.794743	1.74539	0.938891	1.16457	1.11336	1.22991	1.22906	1.12089	0.553421	1.8942	0.685898	1.91081	0.795131	1.5104	0.935012	1.56405	1.08243	1.06287	1.29811	0.730114		
0.622911	1.73225	0.481439	1.98312	0.86726	1.93158	0.683649	2.38491	0.797724	1.74509	0.940892	1.17816	1.11546	1.22751	1.23099	1.13277	0.556662	1.90147	0.689155	1.90411	0.797725	1.52653	0.937682	1.56276	1.08426	1.07495	1.29936	0.733836		
0.625861	1.72325	0.484824	1.98033	0.863964	1.9276	0.687734	2.39835	0.800704	1.74467	0.942915	1.19173	1.11756	1.22516	1.23293	1.14456	0.559916	1.90866	0.692401	1.89723	0.800345	1.5427	0.94035	1.5614	1.0861	1.08709	1.30061	0.737647		
0.628797	1.71517	0.488203	1.97761	0.860676	1.92353	0.691841	2.41079	0.803683	1.74414	0.944962	1.20539	1.11965	1.22287	1.2349	1.15627	0.563182	1.91579	0.695636	1.89014	0.802994	1.55892	0.943015	1.55998	1.08797	1.09926	1.30187	0.741502		
0.631719	1.708	0.491578	1.97498	0.857394	1.91943	0.695969	2.42231	0.806661	1.74345	0.947033	1.21906	1.12173	1.22062	1.23688	1.16795	0.566459	1.92285	0.698857	1.88288	0.80567	1.57518	0.945678	1.5584	1.08986	1.11141	1.30314	0.745473		
0.634631	1.70169	0.494949	1.97239	0.85412	1.91536	0.700115	2.43296	0.809638	1.74264	0.949126	1.23273	1.12382	1.21837	1.23888	1.17951	0.569749	1.92984	0.702067	1.87547	0.808374	1.59141	0.948338	1.55678	1.09177	1.12358	1.30442	0.749532		
0.637532	1.69618	0.498315	1.96989	0.850852	1.91118	0.704279	2.44277	0.812613	1.74174	0.951243	1.24641	1.12589	1.21623	1.24091	1.19096	0.573051	1.93675	0.705263	1.86793	0.811106	1.60764	0.950996	1.5551	1.09369	1.13577	1.3057	0.753635		
0.640424	1.69139	0.501678	1.96744	0.847592	1.90698	0.708459	2.45176	0.815587	1.74073	0.953384	1.26009	1.12797	1.21414	1.24295	1.20228	0.576365	1.94354	0.708447	1.86029	0.813865	1.62383	0.95365	1.5533	1.09564	1.14792	1.307	0.757822		
0.643309	1.68728	0.505035	1.96506	0.844338	1.90279	0.712653	2.45997	0.818559	1.73967	0.955547	1.27377	1.13004	1.21207	1.24502	1.21352	0.57969	1.95028	0.711618	1.85254	0.816652	1.63997	0.956301	1.55147	1.09762	1.16007	1.30829	0.762082		
0.646187	1.68387	0.508389	1.96279	0.841092	1.89855	0.716861	2.46742	0.821529	1.73852	0.957734	1.28742	1.13211	1.21014	1.2471	1.22464	0.583026	1.95693	0.714775	1.84474	0.819467	1.65606	0.958949	1.5496	1.09961	1.17221	1.3096	0.76641		
0.64906	1.68108	0.51174	1.96054	0.837854	1.89428	0.721081	2.47417	0.824497	1.73736	0.959945	1.30108	1.13417	1.2083	1.2492	1.23565	0.586374	1.96347	0.717919	1.83687	0.822309	1.67206	0.961594	1.54771	1.10162	1.18431	1.31091	0.770864		
0.651929	1.67885	0.515086	1.9584	0.834622	1.88994	0.725312	2.48025	0.827463	1.73619	0.962178	1.31469	1.13624	1.20652	1.25132	1.24651	0.589733	1.9699	0.721049	1.82901	0.825178	1.68795	0.964236	1.54577	1.10365	1.19643	1.31223	0.775381		
0.654795	1.67715	0.518429	1.95634	0.831398	1.8856	0.729553	2.4857	0.830427	1.73495	0.964435	1.32828	1.1383	1.20486	1.25346	1.25723	0.593102	1.97624	0.724166	1.82115	0.828074	1.70366	0.966874	1.54378	1.10571	1.20847	1.31356	0.77993		
0.657658	1.67599	0.521768	1.95434	0.828182	1.88126	0.733802	2.49056	0.833389	1.73375	0.966715	1.34185	1.14035	1.20331	1.25561	1.26779	0.596483	1.98251	0.727269	1.81325	0.830997	1.71923	0.969509	1.54176	1.10778	1.22046	1.3149	0.784588		
0.660519	1.67525	0.525104	1.95242	0.824972	1.87685	0.73806	2.49478	0.836349	1.73259	0.969018	1.35532	1.14241	1.20183	1.25779	1.27821	0.599874	1.98864	0.730359	1.80544	0.833947	1.73465	0.97214	1.53979	1.10987	1.23242	1.31624	0.789331		
0.66338	1.67495	0.528437	1.95056	0.821771	1.87243	0.742324	2.49844	0.839307	1.73145	0.971345	1.36874	1.14446	1.2005	1.25998	1.2885	0.603275	1.99468	0.733436	1.79766	0.836922	1.74986	0.974768	1.53782	1.11199	1.24432	1.31759	0.794117		
0.66624	1.67504	0.531767	1.94876	0.818577	1.86798	0.746593	2.50157	0.842263	1.73039	0.973694	1.38213	1.14651	1.19931	1.26219	1.29859	0.606687	2.00061	0.736499	1.78997	0.839923	1.76486	0.977393	1.53584	1.11412	1.25618	1.31895	0.798954		
0.669101	1.67552	0.535093	1.94706	0.815391	1.86353	0.750868	2.50416	0.845218	1.72939	0.976065	1.39542	1.14855	1.19825	1.26441	1.30853	0.610109	2.00642	0.73955	1.78234	0.84295	1.77963	0.980014	1.53389	1.11628	1.26793	1.32032	0.803911		
0.671963	1.67638	0.538417	1.94544	0.812212	1.85903	0.755147	2.50622	0.84817	1.72852	0.97846	1.40863	1.1506	1.19728	1.26666	1.3183	0.61354	2.01215	0.742587	1.77485	0.846002	1.79413	0.982632	1.53196	1.11846	1.27962	1.3217	0.808959		
0.674827	1.67752	0.541738	1.94388	0.809041	1.85449	0.759428	2.50782	0.851122	1.72775	0.980877	1.42176	1.15264	1.19646	1.26892	1.32791	0.616981	2.01776	0.745612	1.76751	0.849078	1.80841	0.985246	1.53009	1.12065	1.29122	1.32308	0.814051		
0.677693	1.67896	0.545057	1.94239	0.805877	1.84999	0.763712	2.50892	0.854072	1.72711	0.983316	1.43477	1.15469	1.19583	1.27119	1.3373	0.620432	2.02326	0.748624	1.76025	0.852179	1.82239	0.987858	1.52823	1.12287	1.30275	1.32448	0.819197		
0.680562	1.6807	0.548373	1.94093	0.802722	1.84543	0.767998	2.50953	0.857021	1.72667	0.985777	1.44768	1.15673	1.1953	1.27348	1.34652	0.623892	2.02864	0.751625	1.75319	0.855303	1.83604	0.990466	1.52647	1.1251	1.31418	1.32588	0.824401		
0.683434	1.68269	0.551686	1.93959	0.799574	1.84085	0.772284	2.50966	0.859969	1.72642	0.988261	1.46048	1.15877	1.19491	1.27579	1.35561	0.627361	2.0339	0.754613	1.74628	0.85845	1.84939	0.993072	1.52478	1.12735	1.32546	1.32729	0.829727		
0.686309	1.68489	0.554998	1.93829	0.796434	1.83626	0.77657	2.50928	0.862918	1.72635	0.990766	1.4731	1.16081	1.19472	1.27811	1.36446	0.630839	2.03907	0.757589	1.73958	0.86162	1.86244	0.995675	1.52316	1.12963	1.33668	1.32872	0.835113		
0.689189	1.68732	0.558307	1.93709	0.793302	1.83167	0.780855	2.50848	0.865866	1.72654	0.993292	1.48563	1.16285	1.19468	1.28045	1.3731	0.634326	2.04413	0.760555	1.73307	0.864812	1.87509	0.998274	1.52164	1.13192	1.34776	1.33015	0.84053		
0.692073	1.68999	0.561614	1.93593	0.790178	1.82706	0.785138	2.50718	0.868815	1.727	0.99584	1.49805	1.16489	1.19476	1.2828	1.38156	0.637821	2.04907	0.763509	1.72672	0.868025	1.88743	1.00087	1.52017	1.13423	1.35869	1.33159	0.846055		
0.694961	1.69284	0.564919	1.93483	0.787061	1.82242	0.789419	2.50538	0.871765	1.72773	0.998409	1.51027	1.16693	1.19501	1.28517	1.38985	0.641325	2.05393	0.766452	1.7206	0.871258	1.89941	1.00347	1.51881	1.13656	1.36954	1.33304	0.851634		
0.697855	1.69581	0.568223	1.93381	0.783953	1.81779	0.793696	2.50312	0.874716	1.7288	1.001	1.52232	1.16897	1.19548	1.28755	1.39792	0.644837	2.05868	0.769386	1.71473	0.874512	1.911	1.00606	1.51761	1.13891	1.38026	1.3345	0.857271		
0.700754	1.699	0.571525	1.93281	0.780852	1.81317	0.797968	2.50038	0.87767	1.73021	1.00361	1.53423	1.17101	1.19609	1.28995	1.40576	0.648357	2.06328	0.772309	1.7091	0.877786	1.92222	1.00865	1.51651	1.14128	1.39078	1.33596	0.862999		
0.703658	1.70233	0.574825	1.9319	0.77776	1.80852	0.802236	2.49716	0.880626	1.73196	1.00624	1.54594	1.17306	1.19685	1.29235	1.41343	0.651884	2.06781	0.775223	1.70366	0.881078	1.93306	1.01124	1.51556	1.14366	1.40119	1.33744	0.868803		
0.706568	1.70575	0.578123	1.93108	0.774675	1.80385	0.806498	2.49338	0.883585	1.73414	1.00889	1.55749	1.1751	1.19779	1.29477	1.42092	0.65542	2.07224	0.778128	1.69846	0.884388	1.94349	1.01383	1.51471	1.14606	1.4114	1.33893	0.874676		
0.709484	1.70936	0.58142	1.93023	0.771599	1.79923	0.810753	2.4891	0.886549	1.73675	1.01156	1.56883	1.17715	1.19891	1.29721	1.42819	0.658962	2.07653	0.781025	1.69354	0.887716	1.95347	1.01641	1.51401	1.14848	1.42149	1.34043	0.880615		
0.712407	1.71305	0.584716	1.9295	0.76853	1.79461	0.815	2.48427	0.889518	1.73984	1.01425	1.57998	1.1792	1.20025	1.29965	1.43523	0.662512	2.08075	0.783913	1.68885	0.891061	1.9631	1.019	1.51354	1.15092	1.43146	1.34194	0.886618		
0.715336	1.71684	0.588011	1.92883	0.765469	1.78996	0.819238	2.47889	0.892492	1.7434	1.01696	1.59091	1.18125	1.20169	1.30211	1.44206	0.666069	2.08487	0.786793	1.68443	0.894422	1.97232	1.02158	1.51318	1.15337	1.44118	1.34346	0.892683		
0.718271	1.72078	0.591304	1.92818	0.762416	1.78531	0.823467	2.47298	0.895472	1.74747	1.01968	1.60164	1.1833	1.20334	1.30458	1.44873	0.669633	2.08888	0.789666	1.68024	0.897798	1.9811	1.02417	1.51297	1.15584	1.45074	1.34499	0.898842		
0.721213	1.72476	0.594597	1.92758	0.759371	1.78071	0.827685	2.46643	0.898461	1.75217	1.02243	1.61217	1.18536	1.20518	1.30706	1.45515	0.673204	2.09281	0.792532	1.67626	0.901188	1.98949	1.02675	1.51298	1.15833	1.46016	1.34653	0.905047		
0.724162	1.72883	0.597888	1.92703	0.756334	1.77615	0.831891	2.45926	0.901457	1.75743	1.02519	1.62245	1.18742	1.20716	1.30955	1.46137	0.676782	2.09662	0.795392	1.67256	0.904593	1.99739	1.02933	1.51318	1.16083	1.46933	1.34808	0.911307		
0.727118	1.73296	0.601179	1.92657	0.753304	1.77154	0.836085	2.45149	0.904463	1.76328	1.02797	1.63251	1.18948	1.20935	1.31205	1.46739	0.680366	2.10036	0.798245	1.66914	0.908011	2.0049	1.03192	1.51352	1.16334	1.47834	1.34964	0.917686		
0.730081	1.73717	0.604469	1.92609	0.750283	1.76698	0.840265	2.44306	0.90748	1.76982	1.03076	1.64234	1.19155	1.21175	1.31456	1.47321	0.683956	2.10399	0.801093	1.66594	0.911441	2.01203	1.0345	1.51413	1.16588	1.48721	1.35121	0.924095		
0.733052	1.7415	0.607758	1.92566	0.747269	1.76249	0.844429	2.43392	0.910508	1.77706	1.03358	1.65193	1.19362	1.21428	1.31708	1.47882	0.687552	2.10751	0.803936	1.66295	0.914883	2.01869	1.03709	1.51493	1.16842	1.49582	1.3528	0.93058		
0.73603	1.74583	0.611046	1.9253	0.744263	1.75797	0.848578	2.42409	0.91355	1.78501	1.03641	1.66124	1.1957	1.217	1.31961	1.48422	0.691154	2.111	0.806773	1.66024	0.918336	2.02493	1.03968	1.51591	1.17099	1.50425	1.35439	0.937165		
0.739015	1.75019	0.614334	1.92496	0.741264	1.75352	0.852709	2.41352	0.916605	1.79372	1.03925	1.67035	1.19778	1.21991	1.32215	1.48943	0.694763	2.11436	0.809606	1.65778	0.9218	2.03075	1.04227	1.51718	1.17356	1.51248	1.356	0.94377		
0.742008	1.7546	0.617621	1.9247	0.738273	1.74912	0.856822	2.40222	0.919677	1.80321	1.04211	1.67921	1.19986	1.22297	1.3247	1.49442	0.698376	2.11761	0.812435	1.65552	0.925272	2.03613	1.04486	1.51865	1.17615	1.5205	1.35762	0.950476		
0.745008	1.75907	0.620908	1.92444	0.73529	1.74473	0.860914	2.3902	0.922765	1.81353	1.04499	1.68776	1.20195	1.22627	1.32725	1.49923	0.701996	2.12085	0.815261	1.6535	0.928754	2.04111	1.04746	1.52034	1.17876	1.52835	1.35925	0.957265		
0.748016	1.76359	0.624194	1.92419	0.732314	1.7404	0.864986	2.37735	0.925871	1.82463	1.04788	1.69609	1.20405	1.22971	1.32982	1.50384	0.70562	2.12396	0.818083	1.65168	0.932244	2.04564	1.05005	1.52231	1.18137	1.53595	1.36089	0.964095		
0.751032	1.76814	0.62748	1.92403	0.729345	1.73614	0.869035	2.36371	0.928997	1.83662	1.05078	1.70418	1.20615	1.23335	1.33239	1.50824	0.70925	2.12696	0.820903	1.65012	0.935741	2.04977	1.05266	1.52449	1.184	1.54332	1.36254	0.971007		
0.754055	1.77268	0.630766	1.92389	0.726384	1.73194	0.87306	2.34925	0.932144	1.84945	1.0537	1.71197	1.20826	1.23715	1.33497	1.51243	0.712885	2.12992	0.82372	1.64879	0.939245	2.05347	1.05526	1.52692	1.18664	1.55049	1.3642	0.977992		
0.757087	1.77723	0.634052	1.92373	0.723429	1.72782	0.877059	2.334	0.935314	1.86314	1.05663	1.71949	1.21038	1.24109	1.33756	1.51644	0.716525	2.13282	0.826534	1.64762	0.942755	2.05671	1.05787	1.52962	1.1893	1.55749	1.36588	0.985043		
0.760126	1.78187	0.637337	1.92365	0.720482	1.72373	0.881032	2.31796	0.938508	1.87772	1.05957	1.72675	1.2125	1.24526	1.34015	1.52024	0.72017	2.13564	0.829347	1.64664	0.94627	2.05957	1.06049	1.53261	1.19196	1.56423	1.36757	0.99219		
0.763173	1.7865	0.640622	1.92358	0.717542	1.71977	0.884976	2.30111	0.941728	1.89313	1.06253	1.73378	1.21463	1.24961	1.34275	1.52387	0.72382	2.13834	0.832159	1.6459	0.94979	2.06206	1.06311	1.53583	1.19464	1.57077	1.36927	0.999385		
0.766228	1.79111	0.643907	1.92354	0.714608	1.71592	0.888891	2.2835	0.944974	1.90937	1.06549	1.74051	1.21677	1.25413	1.34536	1.52733	0.727474	2.14103	0.834969	1.64535	0.953314	2.06407	1.06573	1.53934	1.19733	1.57709	1.37098	1.00663		
0.769291	1.79574	0.647192	1.92352	0.711681	1.71212	0.892776	2.2651	0.948249	1.9264	1.06847	1.74695	1.21892	1.25881	1.34797	1.53054	0.731133	2.14361	0.837779	1.64497	0.95684	2.06567	1.06836	1.54313	1.20003	1.58317	1.37271	1.01394		
0.772361	1.80037	0.650477	1.92352	0.70876	1.70843	0.896628	2.24603	0.951554	1.94421	1.07146	1.75316	1.22107	1.26365	1.35058	1.53361	0.734796	2.14611	0.840588	1.64479	0.960369	2.0669	1.071	1.54716	1.20274	1.58905	1.37444	1.02134		
0.77544	1.80501	0.653762	1.92357	0.705845	1.70489	0.900447	2.22634	0.95489	1.96273	1.07446	1.75909	1.22323	1.26867	1.35321	1.5365	0.738463	2.14859	0.843397	1.64476	0.9639	2.0677	1.07365	1.55153	1.20545	1.59475	1.3762	1.02885		
0.778527	1.80968	0.657048	1.92363	0.702937	1.70151	0.904233	2.206	0.958258	1.98193	1.07747	1.76474	1.2254	1.27388	1.35583	1.53918	0.742135	2.15098	0.846206	1.6449	0.967432	2.0681	1.0763	1.55616	1.20818	1.6002	1.37796	1.03638		
0.781621	1.81431	0.660333	1.92369	0.700034	1.69821	0.907982	2.18512	0.96166	2.00168	1.08049	1.77014	1.22758	1.27927	1.35846	1.5417	0.74581	2.15329	0.849015	1.64522	0.970964	2.06811	1.07896	1.56104	1.21092	1.6054	1.37973	1.04398		
0.784724	1.81894	0.663618	1.92379	0.697136	1.69503	0.911696	2.16382	0.965095	2.02193	1.08351	1.77525	1.22977	1.28481	1.3611	1.54404	0.74949	2.15556	0.851825	1.64571	0.974496	2.06772	1.08163	1.56627	1.21367	1.61041	1.38152	1.05165		
0.787834	1.82358	0.666904	1.92389	0.694244	1.69208	0.915373	2.14212	0.968566	2.0426	1.08655	1.7801	1.23197	1.29052	1.36374	1.54621	0.753173	2.15774	0.854636	1.6463	0.978027	2.0669	1.08431	1.57179	1.21642	1.61524	1.38333	1.05938		
0.790953	1.82822	0.67019	1.92401	0.691357	1.68932	0.919013	2.12019	0.972072	2.06359	1.0896	1.78469	1.23418	1.29638	1.36638	1.54821	0.75686	2.15989	0.857448	1.64706	0.981556	2.06572	1.087	1.57756	1.21918	1.61982	1.38514	1.06721		
0.794079	1.83283	0.673476	1.92416	0.688474	1.68673	0.922615	2.09808	0.975614	2.08476	1.09265	1.78903	1.2364	1.3024	1.36902	1.55002	0.76055	2.16198	0.860262	1.648	0.985082	2.06417	1.0897	1.58366	1.22195	1.62419	1.38697	1.07512		
0.797213	1.8374	0.676762	1.9243	0.685595	1.68431	0.926179	2.07592	0.979193	2.10599	1.09571	1.79312	1.23863	1.3086	1.37167	1.55167	0.764244	2.16402	0.863077	1.64903	0.988606	2.06222	1.09241	1.59005	1.22473	1.62835	1.38882	1.08307		
0.800355	1.84197	0.680048	1.92446	0.682721	1.68215	0.929706	2.05382	0.982808	2.12725	1.09877	1.79695	1.24087	1.31495	1.37432	1.55321	0.767942	2.166	0.865894	1.65019	0.992126	2.05988	1.09513	1.59668	1.22752	1.63232	1.39067	1.09103		
0.803504	1.84655	0.683335	1.92466	0.67985	1.68025	0.933194	2.03184	0.986459	2.14844	1.10184	1.80048	1.24312	1.32147	1.37698	1.55456	0.771643	2.16792	0.868714	1.65148	0.995642	2.05716	1.09787	1.60365	1.23031	1.63607	1.39254	1.09913		
0.806662	1.85112	0.686622	1.92486	0.676982	1.6786	0.936646	2.01011	0.990146	2.16937	1.10492	1.8038	1.24538	1.32816	1.37963	1.55571	0.775347	2.1698	0.871535	1.6529	0.999153	2.0541	1.10061	1.61094	1.2331	1.63961	1.39443	1.1073		
0.809827	1.85564	0.68991	1.92505	0.674116	1.67722	0.94006	1.98873	0.993869	2.18999	1.108	1.80691	1.24766	1.33497	1.38229	1.55674	0.779054	2.17161	0.874359	1.65445	1.00266	2.05065	1.10337	1.61849	1.23591	1.64296	1.39632	1.11547		
0.813	1.86013	0.693198	1.92527	0.671253	1.67613	0.943439	1.96779	0.997626	2.2102	1.11109	1.8097	1.24994	1.34194	1.38495	1.55766	0.782764	2.17336	0.877186	1.65609	1.00616	2.04686	1.10614	1.62628	1.23872	1.64609	1.39824	1.12373		
0.816181	1.86463	0.696486	1.92547	0.668391	1.67537	0.946782	1.94738	1.00142	2.22993	1.11419	1.8123	1.25224	1.34908	1.38761	1.55837	0.786477	2.17509	0.880016	1.65784	1.00965	2.04273	1.10892	1.63439	1.24153	1.64902	1.40016	1.12789		
0.819369	1.86911	0.699774	1.9257	0.66553	1.67497	0.95009	1.92759	1.00524	2.24911	1.11728	1.81466	1.25455	1.35636	1.39027	1.55897	0.790194	2.1768	0.882849	1.65967	1.01313	2.03822	1.11172	1.64281	1.24435	1.65178				
0.822565	1.87355	0.703063	1.92596	0.66267	1.67499	0.953366	1.9084	1.0091	2.26765	1.12038	1.81676	1.25687	1.36377	1.39294	1.55943	0.793913	2.17842	0.885685	1.66161	1.01661	2.0334	1.11453	1.65147	1.24717	1.65437				
0.825768	1.87793	0.706353	1.92622	0.659809	1.67538	0.956609	1.88993	1.01299	2.28549	1.12349	1.81868	1.25921	1.37132	1.3956	1.55972	0.797634	2.18001	0.888524	1.66366	1.02008	2.02826	1.11736	1.66039	1.25	1.65675				
0.828979	1.88232	0.709643	1.92644	0.656947	1.67623	0.959821	1.87224	1.01691	2.30267	1.1266	1.82038	1.26156	1.37902	1.39826	1.55992	0.801359	2.18154	0.891367	1.66577	1.02354	2.02278	1.12021	1.66958	1.25283	1.65896				
0.832198	1.88669	0.712933	1.92671	0.654084	1.67756	0.963004	1.85529	1.02085	2.31913	1.12971	1.82185	1.26392	1.38684	1.40093	1.55999	0.805086	2.18306	0.894214	1.66797	1.02699	2.01701	1.12306	1.679	1.25567	1.66096				
0.835424	1.89103	0.716224	1.927	0.651218	1.67935	0.966158	1.83914	1.02483	2.33475	1.13282	1.82312	1.2663	1.3948			0.808815	2.18452	0.897065	1.67025	1.03043	2.01094	1.12594	1.68867	1.2585	1.6628				
0.838657	1.89534	0.719515	1.92723	0.648348	1.6817	0.969285	1.82379	1.02883	2.34962	1.13593	1.82421	1.26868	1.4029			0.812547	2.18594	0.899919	1.67262	1.03386	2.00459	1.12883	1.69861	1.26134	1.66449				
0.841897	1.89957	0.722806	1.92751	0.645473	1.68467	0.972387	1.80927	1.03285	2.36371	1.13905	1.8251	1.27109	1.41109			0.816282	2.18733	0.902778	1.67505	1.03728	1.99795	1.13174	1.70875	1.26419	1.66596				
0.845145	1.90382	0.726099	1.92777	0.642593	1.68825	0.975465	1.79558	1.0369	2.37704	1.14217	1.82576	1.2735	1.4194			0.820018	2.18867	0.90564	1.67753	1.04068	1.99104	1.13467	1.71908	1.26704	1.66731				
0.8484	1.90805	0.729391	1.92805	0.639707	1.69249	0.97852	1.78263	1.04097	2.38958	1.14529	1.82628	1.27594	1.42785			0.823757	2.18999	0.908508	1.68013	1.04408	1.9839	1.13761	1.72963	1.26988	1.66851				
0.851662	1.91221	0.732684	1.92835	0.636813	1.69745	0.981554	1.7705	1.04506	2.40136	1.14841	1.82666	1.27838	1.43642			0.827499	2.19127	0.911379	1.68276	1.04746	1.97652	1.14058	1.74032	1.27273	1.66951				
0.854932	1.91636	0.735978	1.92859	0.633909	1.70317	0.984568	1.75911	1.04917	2.41239	1.15153	1.82685	1.28084	1.44506			0.831242	2.1925	0.914255	1.68544	1.05083	1.96894	1.14356	1.75124	1.27559	1.67042				
0.858208	1.92048	0.739271	1.92886	0.630995	1.70972	0.987563	1.74846	1.0533	2.42267	1.15465	1.82688	1.28332	1.45381			0.834987	2.1937	0.917136	1.68817	1.05418	1.96115	1.14656	1.7623	1.27844	1.67115				
0.861491	1.92455	0.742566	1.92916	0.628069	1.71711	0.99054	1.73855	1.05745	2.43227	1.15777	1.82677	1.28581	1.46267			0.838735	2.19489	0.920022	1.69096	1.05753	1.95317	1.14958	1.77346	1.28129	1.67173				
0.864782	1.9286	0.745861	1.92946	0.62513	1.7254	0.993501	1.72927	1.06161	2.44118	1.16088	1.82657	1.28831	1.47162			0.842484	2.19604	0.922912	1.69381	1.06085	1.945	1.15262	1.78477	1.28415	1.67221				
0.868079	1.93257	0.749156	1.92973	0.622176	1.73461	0.996446	1.72069	1.06579	2.44942	1.164	1.82621	1.29083	1.48061			0.846236	2.19714	0.925807	1.69669	1.06417	1.93668	1.15567	1.79618	1.28701	1.67257				
0.871383	1.93654	0.752452	1.92999	0.619205	1.74486	0.999378	1.71276	1.06998	2.45703	1.16712	1.82573	1.29337	1.48972			0.849989	2.19822	0.928707	1.69965	1.06747	1.92825	1.15875	1.80767	1.28986	1.67278				
0.874693	1.9405	0.755748	1.93028	0.616216	1.75614	1.0023	1.70535	1.07418	2.46399	1.17024	1.82518	1.29592	1.49892			0.853744	2.19929	0.931612	1.70264	1.07076	1.9197	1.16185	1.81924	1.29272	1.67286				
0.878011	1.94441	0.759045	1.93058	0.613207	1.76848	1.0052	1.69855	1.07839	2.47035	1.17336	1.82453	1.29849	1.50813			0.857501	2.20031	0.934523	1.70563	1.07403	1.91103	1.16496	1.83087	1.29558	1.67286				
0.881335	1.94824	0.762343	1.93085	0.610176	1.78196	1.0081	1.69231	1.08262	2.4762	1.17647	1.8238	1.30107	1.51741			0.86126	2.20129	0.937438	1.70867	1.07728	1.90233	1.1681	1.8425	1.29843	1.67274				
0.884665	1.95205	0.76564	1.93111	0.60712	1.79654	1.01098	1.68658	1.08685	2.48141	1.17959	1.82301	1.30367	1.52678			0.86502	2.20228	0.940359	1.71179	1.08052	1.89355	1.17126	1.85414	1.30129	1.67253				
0.888002	1.95587	0.768939	1.93139	0.604039	1.81226	1.01386	1.68134	1.09109	2.48612	1.1827	1.82218	1.30629	1.53617			0.868782	2.2032	0.943285	1.71491	1.08375	1.88468	1.17443	1.86574	1.30415	1.67227				
0.891346	1.95961	0.772237	1.93166	0.60093	1.82916	1.01673	1.67652	1.09534	2.49033	1.18581	1.82133	1.30892	1.5456			0.872545	2.20413	0.946216	1.71804	1.08696	1.87581	1.17763	1.87737	1.307	1.67189				
0.894695	1.96331	0.775536	1.93192	0.597791	1.84718	1.01959	1.67213	1.0996	2.49398	1.18892	1.82044	1.31157	1.55506			0.87631	2.20503	0.949153	1.72125	1.09016	1.86699	1.18085	1.88893	1.30986	1.67139				
0.898052	1.96701	0.778836	1.9322	0.594621	1.86631	1.02244	1.6682	1.10386	2.49717	1.19203	1.81956	1.31423	1.56452			0.880077	2.20588	0.952096	1.72446	1.09334	1.85815	1.18408	1.90038	1.31271	1.67086				
0.901414	1.97063	0.782136	1.93246	0.591417	1.88657	1.02528	1.66463	1.10813	2.49991	1.19513	1.81866	1.31691	1.57401			0.883845	2.20674	0.955043	1.72768	1.0965	1.84933	1.18734	1.91177	1.31556	1.67029				
0.904783	1.97423	0.785437	1.93272	0.588177	1.90777	1.02812	1.66142	1.1124	2.50215	1.19824	1.8178	1.31961	1.58353			0.887614	2.20754	0.957997	1.73093	1.09966	1.84059	1.19061	1.92307	1.31842	1.66966				
0.908157	1.9778	0.788738	1.93297	0.5849	1.92994	1.03096	1.65857	1.11668	2.50392	1.20134	1.817	1.32232	1.59302			0.891385	2.20834	0.960956	1.73419	1.10279	1.83192	1.19391	1.93422	1.32127	1.66894				
0.911538	1.98131	0.792039	1.93322	0.581585	1.95297	1.03379	1.65604	1.12095	2.50526	1.20445	1.81627	1.32505	1.6025			0.895157	2.20914	0.96392	1.73746	1.10591	1.82331	1.19722	1.94522	1.32412	1.66821				
0.914925	1.9848	0.795341	1.9335	0.57823	1.97669	1.03661	1.65378	1.12523	2.50616	1.20755	1.81562	1.32779	1.61198			0.898931	2.20988	0.96689	1.7408	1.10902	1.8148	1.20055	1.95604	1.32697	1.66745				
0.918317	1.98822	0.798643	1.93374	0.574833	2.00105	1.03944	1.65184	1.12951	2.5066	1.21065	1.81508	1.33055	1.62142			0.902705	2.2106	0.969866	1.74414	1.11211	1.80643	1.2039	1.96671	1.32981	1.66663				
0.921716	1.99163	0.801946	1.93394	0.571395	2.02586	1.04226	1.6502	1.13379	2.50661	1.21375	1.81465	1.33333	1.63085			0.906481	2.21132	0.972848	1.74748	1.11519	1.79816	1.20727	1.97715	1.33266	1.66585				
0.92512	1.99504	0.805249	1.9342	0.567914	2.05097	1.04507	1.64875	1.13808	2.50621	1.21685	1.81431	1.33613	1.6402			0.910259	2.21203	0.975835	1.75083	1.11825	1.79003	1.21065	1.98739	1.3355	1.66503				
0.92853	1.99835	0.808552	1.93446	0.56439	2.07626	1.04789	1.64757	1.14235	2.50536	1.21994	1.81421	1.33893	1.64952			0.914037	2.21269	0.978828	1.7542	1.1213	1.78206	1.21406	1.99743	1.33834	1.66421				
0.931946	2.00165	0.811856	1.93468	0.560822	2.10156	1.0507	1.6466	1.14663	2.50404	1.22304	1.81428	1.34176	1.6588			0.917816	2.21333	0.981827	1.75759	1.12434	1.77427	1.21748	2.00718	1.34119	1.6634				
0.935367	2.00491	0.815161	1.93488	0.557211	2.12674	1.05351	1.64587	1.15091	2.50226	1.22614	1.81453	1.3446	1.66798			0.921597	2.21396	0.984831	1.76095	1.12736	1.76666	1.22091	2.01667	1.34403	1.66257				
0.938794	2.00811	0.818465	1.9351	0.553558	2.15158	1.05632	1.64535	1.15518	2.50007	1.22924	1.81503	1.34746	1.67709			0.925378	2.21461	0.987841	1.76434	1.13037	1.75921	1.22436	2.02593	1.34687	1.66181				
0.942226	2.0113	0.82177	1.93534	0.549862	2.17602	1.05913	1.64503	1.15945	2.49743	1.23234	1.8158	1.35033	1.68611			0.929161	2.21522	0.990858	1.76777	1.13337	1.75192	1.22783	2.0349	1.3497	1.66109				
0.945664	2.01443	0.825076	1.93555	0.546125	2.19988	1.06194	1.64487	1.16371	2.49428	1.23544	1.81684	1.35322	1.69507			0.932945	2.21577	0.99388	1.77118	1.13636	1.74487	1.23132	2.04356	1.35254	1.66036				
0.949107	2.01755	0.828381	1.93575	0.542348	2.2231	1.06475	1.64485	1.16797	2.49067	1.23855	1.81819	1.35612	1.70391			0.93673	2.21633	0.996907	1.77456	1.13933	1.73807	1.23481	2.05198	1.35537	1.65968				
0.952555	2.02063	0.831687	1.93597	0.538532	2.24557	1.06756	1.645	1.17222	2.48657	1.24165	1.81992	1.35904	1.71261			0.940515	2.21688	0.999941	1.77798	1.14229	1.73142	1.23832	2.06005	1.35821	1.65909				
0.956009	2.02368	0.834994	1.93618	0.534678	2.26719	1.07037	1.64532	1.17646	2.48198	1.24476	1.82197	1.36197	1.72126			0.944302	2.21741	1.00298	1.78143	1.14525	1.72499	1.24185	2.06777	1.36104	1.65855				
0.959467	2.02666	0.838301	1.93634	0.530788	2.28794	1.07318	1.64579	1.18069	2.47687	1.24788	1.82441	1.36492	1.72976			0.948089	2.21792	1.00603	1.78485	1.14819	1.71878	1.24539	2.07522	1.36387	1.6581				
0.962931	2.02958	0.841608	1.93655	0.526863	2.30772	1.07599	1.6464	1.18492	2.47119	1.25099	1.82733	1.36788	1.7381			0.951877	2.21845	1.00908	1.78827	1.15112	1.71277	1.24894	2.08235	1.3667	1.65772				
0.9664	2.03252	0.844915	1.93674	0.522906	2.32655	1.0788	1.64713	1.18914	2.46495	1.25412	1.83068	1.37085	1.74632			0.955666	2.21893	1.01213	1.79168	1.15404	1.70703	1.2525	2.08908	1.36953	1.6574				
0.969873	2.03542	0.848223	1.93693	0.518917	2.34439	1.08162	1.64796	1.19334	2.45814	1.25725	1.83446	1.37384	1.75439			0.959456	2.21939	1.0152	1.79511	1.15695	1.70148	1.25607	2.09553	1.37237	1.65724				
0.973352	2.03826	0.851531	1.93709	0.514898	2.36125	1.08443	1.64891	1.19753	2.45078	1.26038	1.83883	1.37684	1.76236			0.963247	2.21984	1.01827	1.79853	1.15985	1.69616	1.25966	2.10164	1.3752	1.65716				
0.976835	2.04107	0.85484	1.93726	0.510851	2.37715	1.08725	1.64997	1.20171	2.44276	1.26353	1.84377	1.37986	1.77012			0.967039	2.22028	1.02134	1.80192	1.16274	1.69109	1.26325	2.10735	1.37803	1.65716				
0.980323	2.04384	0.858148	1.93744	0.506779	2.39206	1.09007	1.65111	1.20588	2.43411	1.26668	1.84921	1.38289	1.77771			0.970831	2.22071	1.02442	1.80537	1.16562	1.68617	1.26685	2.11278	1.38086	1.65731				
0.983816	2.04661	0.861457	1.93759	0.502681	2.40602	1.09289	1.6524	1.21002	2.42483	1.26984	1.85527	1.38593	1.78516			0.974624	2.22115	1.02751	1.8088	1.1685	1.68151	1.27047	2.11782	1.38369	1.65763				
0.987314	2.0493	0.864766	1.93776	0.49856	2.41909	1.09571	1.65376	1.21416	2.41484	1.27302	1.86201	1.38899	1.79245			0.978417	2.22155	1.0306	1.81216	1.17137	1.67711	1.27409	2.1225	1.38652	1.65804				
0.990816	2.05195	0.868076	1.93794	0.494418	2.43125	1.09854	1.65518	1.21827	2.40418	1.2762	1.86941	1.39206	1.79956			0.982212	2.22191	1.0337	1.81557	1.17423	1.67286	1.27772	2.12682	1.38935	1.65858				
0.994323	2.0546	0.871386	1.93809	0.490256	2.44255	1.10137	1.65672	1.22237	2.39281	1.2794	1.8775	1.39513	1.80642			0.986007	2.22227	1.0368	1.81898	1.17708	1.66885	1.28135	2.13078	1.39218	1.65932				
0.997834	2.05723	0.874696	1.93823	0.486075	2.45304	1.1042	1.6583	1.22645	2.38069	1.28262	1.88629	1.39823	1.81313			0.989802	2.22264	1.03991	1.82238	1.17993	1.66508	1.285	2.1344	1.39502	1.66025				
1.00135	2.05981	0.878006	1.93836	0.481877	2.46273	1.10703	1.65995	1.2305	2.36786	1.28585	1.89582	1.40133	1.81647			0.993598	2.22301	1.04302	1.82576	1.18277	1.66147	1.28864	2.13763	1.39785	1.6613				
1.00487	2.06231	0.881316	1.93848	0.477663	2.47167	1.10987	1.66171	1.23453	2.35429	1.28909	1.90609					0.997395	2.22335	1.04614	1.82911	1.1856	1.65808	1.2923	2.14052	1.40069	1.66183				
1.00839	2.06479	0.884627	1.93864	0.473435	2.47981	1.11271	1.66349	1.23854	2.33998	1.29236	1.91714					1.00119	2.22364	1.04927	1.83253	1.18843	1.6549	1.29595	2.14304						
1.01192	2.06727	0.887938	1.93878	0.469193	2.48732	1.11555	1.66537	1.24253	2.32491	1.29564	1.92897					1.00499	2.22397	1.0524	1.83587	1.19126	1.65189	1.29962	2.1452						
1.01545	2.06972	0.891249	1.93888	0.464939	2.49415	1.11839	1.66729	1.24648	2.30907	1.29895	1.94152					1.00879	2.2243	1.05554	1.83922	1.19408	1.64908	1.30328	2.14699						
1.01899	2.07212	0.894561	1.93899	0.460674	2.50034	1.12124	1.66925	1.25041	2.29255	1.30227	1.95485					1.01259	2.22455	1.05869	1.84256	1.19689	1.64647	1.30695	2.14842						
1.02253	2.0745	0.897872	1.93914	0.456399	2.5059	1.1241	1.67128	1.25431	2.27535	1.30562	1.96894					1.01639	2.22483	1.06184	1.84591	1.1997	1.64402	1.31062	2.14947						
1.02608	2.07683	0.901184	1.93925	0.452115	2.51083	1.12695	1.67335	1.25818	2.25746	1.309	1.98375					1.02019	2.22509	1.06499	1.84925	1.2025	1.64177	1.31429	2.15015						
1.02963	2.07914	0.904496	1.93936	0.447823	2.51518	1.12981	1.67549	1.26202	2.23895	1.3124	1.99924					1.02399	2.22535	1.06815	1.85256	1.20531	1.63969	1.31796	2.15049						
1.03318	2.08141	0.907808	1.93948	0.443524	2.51899	1.13267	1.67768	1.26583	2.21989	1.31583	2.01537					1.02779	2.2256	1.07132	1.85586	1.20811	1.63775	1.32164	2.15044						
1.03674	2.08366	0.911121	1.93954	0.439219	2.52227	1.13554	1.67986	1.26961	2.2003	1.31928	2.0321					1.03159	2.22582	1.07449	1.85914	1.2109	1.63601	1.32531	2.15002						
1.0403	2.08587	0.914433	1.93966	0.434909	2.52495	1.13841	1.68209	1.27335	2.18026	1.32277	2.04935					1.03539	2.22602	1.07767	1.86246	1.21369	1.63439	1.32898	2.14928						
1.04386	2.08803	0.917746	1.93979	0.430595	2.52708	1.14129	1.68439	1.27705	2.15984	1.32628	2.06707					1.03919	2.22625	1.08085	1.86573	1.21648	1.63294	1.33265	2.14813						
1.04743	2.09022	0.921059	1.93985	0.426277	2.52874	1.14417	1.68671	1.28073	2.13913	1.32983	2.08519					1.04299	2.22645	1.08404	1.86897	1.21927	1.63165	1.33632	2.14663						
1.051	2.09234	0.924372	1.93994	0.421957	2.52983	1.14705	1.68905	1.28436	2.11823	1.3334	2.10362					1.0468	2.22662	1.08724	1.87223	1.22206	1.63048	1.33998	2.1448						
1.05457	2.09442	0.927685	1.94002	0.417636	2.53034	1.14993	1.69142	1.28796	2.09719	1.33701	2.12225					1.0506	2.22682	1.09044	1.8755	1.22484	1.62946	1.34364	2.14258						
1.05815	2.09651	0.930998	1.94009	0.413314	2.53031	1.15283	1.69385	1.29152	2.07612	1.34065	2.141					1.0544	2.22699	1.09364	1.87875	1.22762	1.62861	1.3473	2.13999						
1.06174	2.09855	0.934312	1.94019	0.408993	2.52976	1.15572	1.6963	1.29505	2.05512	1.34433	2.15982					1.05821	2.2271	1.09685	1.88192	1.2304	1.62785	1.35095	2.13702						
1.06532	2.10052	0.937625	1.94026	0.404674	2.52859	1.15862	1.69876	1.29854	2.03428	1.34803	2.17858					1.06201	2.22725	1.10007	1.88514	1.23318	1.62722	1.3546	2.13374						
1.06891	2.1025	0.940939	1.94034	0.400357	2.52681	1.16152	1.7012	1.302	2.01368	1.35177	2.19718					1.06581	2.22742	1.10329	1.88837	1.23596	1.62672	1.35824	2.13012						
1.0725	2.10445	0.944253	1.9404	0.396043	2.52442	1.16443	1.70372	1.30542	1.99339	1.35554	2.21558					1.06962	2.22754	1.10652	1.89153	1.23874	1.62631	1.36188	2.12611						
1.0761	2.10639	0.947567	1.94047	0.391734	2.52138	1.16734	1.70628	1.30881	1.97349	1.35933	2.23366					1.07342	2.22762	1.10975	1.89471	1.24152	1.62605	1.3655	2.12173						
1.0797	2.10828	0.950881	1.94053	0.387431	2.51758	1.17026	1.70883	1.31216	1.95407	1.36316	2.25137					1.07723	2.22773	1.11299	1.89789	1.24429	1.62588	1.36912	2.11706						
1.0833	2.11016	0.954195	1.94059	0.383135	2.51303	1.17318	1.71137	1.31548	1.93513	1.36702	2.26864					1.08103	2.22781	1.11624	1.90102	1.24707	1.62583	1.37273	2.11203						
1.0869	2.11202	0.957509	1.94065	0.378847	2.50769	1.1761	1.71394	1.31877	1.91679	1.37091	2.28538					1.08484	2.22789	1.11949	1.90417	1.24985	1.62587	1.37634	2.10664						
1.09051	2.11382	0.960823	1.94072	0.37457	2.50148	1.17903	1.71656	1.32203	1.89907	1.37483	2.30159					1.08864	2.22795	1.12274	1.90732	1.25262	1.62601	1.37993	2.10097						
1.09412	2.11559	0.964138	1.94078	0.370303	2.49431	1.18197	1.71917	1.32526	1.88198	1.37877	2.31718					1.09245	2.22799	1.126	1.91041	1.2554	1.62627	1.38351	2.09495						
1.09774	2.11737	0.967452	1.94081	0.36605	2.48611	1.1849	1.7218	1.32846	1.86557	1.38275	2.33219					1.09625	2.22804	1.12927	1.91353	1.25818	1.62661	1.38709	2.0886						
1.10136	2.11913	0.970767	1.94085	0.361811	2.47676	1.18785	1.72445	1.33163	1.84985	1.38674	2.34653					1.10006	2.22809	1.13254	1.91664	1.26096	1.627	1.39065	2.08195						
1.10498	2.12084	0.974082	1.94091	0.35759	2.46617	1.1908	1.72708	1.33478	1.83477	1.39076	2.3602					1.10386	2.22809	1.13581	1.91968	1.26373	1.62748	1.3942	2.07501						
1.1086	2.12251	0.977396	1.94094	0.353388	2.45421	1.19375	1.72975	1.3379	1.82043	1.3948	2.37326					1.10767	2.22808	1.13909	1.92278	1.26651	1.62809	1.39773	2.06779						
1.11223	2.12417	0.980711	1.94098	0.349207	2.4407	1.1967	1.73242	1.34099	1.80681	1.39887	2.38557					1.11147	2.22808	1.14238	1.92585	1.2693	1.62876	1.40126	2.06413						
1.11586	2.12584	0.984026	1.94103	0.345051	2.4255	1.19966	1.73508	1.34407	1.79385	1.40295	2.39154					1.11528	2.22805	1.14567	1.9289	1.27208	1.6295								
1.11949	2.12745	0.987341	1.94106	0.340923	2.40846	1.20263	1.73778	1.34712	1.78155							1.11908	2.22804	1.14897	1.93197	1.27486	1.6303								
1.12312	2.12906	0.990656	1.94107	0.336825	2.3893	1.2056	1.74049	1.35015	1.76992							1.12289	2.228	1.15227	1.93499	1.27765	1.63117								
1.12676	2.13064	0.993971	1.94111	0.332762	2.36782	1.20857	1.74317	1.35317	1.75894							1.12669	2.22792	1.15558	1.93802	1.28043	1.63213								
1.1304	2.13217	0.997286	1.94116	0.328737	2.3438	1.21155	1.74588	1.35616	1.74856							1.1305	2.22785	1.15889	1.94102	1.28322	1.63313								
1.13404	2.13371	1.0006	1.94119	0.324756	2.31687	1.21454	1.74859	1.35914	1.73882							1.1343	2.22775	1.16221	1.94404	1.28601	1.63419								
1.13769	2.13522	1.00392	1.94123	0.320824	2.28679	1.21753	1.75128	1.3621	1.72964							1.13811	2.22764	1.16553	1.94706	1.2888	1.63534								
1.14134	2.13669	1.00723	1.94125	0.316945	2.25324	1.22052	1.75402	1.36505	1.72097							1.14191	2.22755	1.16886	1.95006	1.2916	1.63651								
1.14499	2.13813	1.01055	1.94123	0.313127	2.21591	1.22352	1.75675	1.36798	1.71289							1.14572	2.22738	1.17219	1.95304	1.29439	1.63774								
1.14864	2.13957	1.01386	1.94128	0.309376	2.17444	1.22652	1.75947	1.3709	1.70529							1.14952	2.22724	1.17553	1.95602	1.29719	1.63906								
1.15229	2.14103	1.01718	1.94131	0.3057	2.12851	1.22953	1.76217	1.3738	1.69818							1.15332	2.22707	1.17887	1.959	1.29999	1.64041								
1.15595	2.14241	1.02049	1.94132	0.302106	2.07787	1.23254	1.76491	1.3767	1.69153							1.15713	2.22687	1.18222	1.96197	1.30279	1.64182								
1.15961	2.14378	1.02381	1.94136	0.298603	2.02233	1.23556	1.76764	1.37958	1.68529							1.16093	2.22667	1.18557	1.96497	1.3056	1.64324								
1.16328	2.14515	1.02712	1.94135	0.295199	1.96177	1.23858	1.77034	1.38245	1.67948							1.16473	2.22645	1.18893	1.96793	1.30841	1.64473								
1.16694	2.14648	1.03044	1.94134	0.291902	1.89618	1.2416	1.77308	1.38532	1.67407							1.16853	2.22618	1.19229	1.97086	1.31122	1.64627								
1.17061	2.1478	1.03376	1.94137	0.288722	1.82572	1.24463	1.77581	1.38817	1.66904							1.17234	2.22589	1.19566	1.97384	1.31403	1.64782								
1.17428	2.1491	1.03707	1.94141	0.285666	1.75066	1.24767	1.77851	1.39102	1.66433							1.17614	2.22566	1.19904	1.97685	1.31685	1.64943								
1.17795	2.15041	1.04039	1.9414	0.282742	1.67154	1.25071	1.78122	1.39386	1.66							1.17994	2.22532	1.20242	1.97981	1.31966	1.65107								
1.18162	2.15165	1.0437	1.9414	0.279957	1.58902	1.25375	1.78396	1.39669	1.65597							1.18374	2.22497	1.2058	1.98274	1.32248	1.65276								
1.1853	2.15286	1.04702	1.94143	0.277315	1.50382	1.2568	1.78667	1.39951	1.65223							1.18754	2.22464	1.20919	1.98573	1.32531	1.6545								
1.18897	2.15408	1.05033	1.94144	0.27482	1.41679	1.25985	1.78935	1.40233	1.65044							1.19134	2.22423	1.21258	1.98871	1.32814	1.65624								
1.19265	2.15531	1.05365	1.94142	0.272475	1.32885	1.26291	1.79206									1.19513	2.2238	1.21598	1.99171	1.33097	1.658								
1.19634	2.15651	1.05696	1.94144	0.270281	1.24092	1.26598	1.79477									1.19893	2.22337	1.21938	1.9947	1.3338	1.65981								
1.20002	2.15767	1.06028	1.94145	0.268237	1.15378	1.26904	1.79749									1.20273	2.22291	1.22279	1.99768	1.33664	1.66165								
1.20371	2.15881	1.0636	1.94145	0.26634	1.06807	1.27212	1.80018									1.20652	2.2224	1.22621	2.00072	1.33947	1.66355								
1.20739	2.15997	1.06691	1.94146	0.264589	0.98437	1.27519	1.80285									1.21032	2.22184	1.22963	2.00375	1.34232	1.66544								
1.21108	2.1611	1.07023	1.94143	0.262978	0.903131	1.27827	1.80555									1.21411	2.22128	1.23305	2.00679	1.34516	1.66734								
1.21478	2.16219	1.07354	1.94147	0.261504	0.824591	1.28136	1.8082									1.21791	2.22066	1.23648	2.00982	1.34801	1.66928								
1.21847	2.16324	1.07686	1.94147	0.260162	0.748848	1.28445	1.81086									1.2217	2.22001	1.23992	2.01291	1.35087	1.67124								
1.22216	2.16431	1.08017	1.94143	0.258946	0.676039	1.28754	1.81358									1.22549	2.21934	1.24336	2.01604	1.35372	1.67324								
1.22586	2.16541	1.08349	1.94148	0.257853	0.606064	1.29064	1.81624									1.22928	2.21857	1.2468	2.01915	1.35658	1.67526								
1.22956	2.16642	1.08681	1.94147	0.256876	0.538847	1.29375	1.81884									1.23307	2.21779	1.25025	2.02225	1.35944	1.67726								
1.23326	2.16742	1.09012	1.94143	0.256012	0.474238	1.29686	1.8215									1.23685	2.21699	1.25371	2.02545	1.36231	1.67932								
1.23696	2.16845	1.09344	1.94144	0.255256	0.41212	1.29997	1.82416									1.24064	2.21613	1.25717	2.02868	1.36518	1.6814								
1.24067	2.16946	1.09675	1.94145	0.254604	0.352324	1.30309	1.82676									1.24442	2.21517	1.26064	2.03188	1.36805	1.68346								
1.24437	2.17043	1.10007	1.94145	0.254053	0.294631	1.30621	1.82939									1.24821	2.2142	1.26411	2.03515	1.37093	1.68557								
1.24808	2.17138	1.10338	1.94146	0.253598	0.23898	1.30934	1.83204									1.25199	2.21316	1.26759	2.03849	1.37381	1.68768								
1.25179	2.17232	1.1067	1.94143	0.253237	0.185122	1.31247	1.83463									1.25577	2.21205	1.27108	2.04182	1.37669	1.68979								
1.2555	2.17325	1.11002	1.94141	0.252966	0.132932	1.3156	1.83723									1.25954	2.21093	1.27457	2.04523	1.37958	1.69192								
1.25921	2.17418	1.11333	1.94143	0.252783	0.0823435	1.31874	1.83983									1.26332	2.2097	1.27806	2.04866	1.38247	1.69411								
1.26293	2.17508	1.11665	1.94142	0.252684	0.0332251	1.32189	1.84239									1.26709	2.2084	1.28156	2.05213	1.38537	1.69628								
1.26664	2.17596	1.11996	1.94141	0.252669	-0.0145094	1.32504	1.84498									1.27086	2.20704	1.28858	2.05927	1.38827	1.69842								
1.27036	2.17684	1.12328	1.94143	0.252734	-0.0610237	1.32819	1.84754									1.27463	2.20561	1.2921	2.06289	1.39117	1.7006								
1.27408	2.17771	1.12659	1.94141	0.252877	-0.106327	1.33135	1.85009									1.27839	2.20413	1.29563	2.0666	1.39408	1.70281								
1.2778	2.17854	1.12991	1.94141	0.253097	-0.150445	1.33451	1.85266									1.28216	2.20252	1.29916	2.07036	1.39699	1.70503								
1.28152	2.1794	1.13322	1.9414	0.253391	-0.193556	1.33767	1.85519									1.28592	2.20088	1.3027	2.07417	1.3999	1.70725								
1.28524	2.18023	1.13654	1.94137	0.253707	-0.230248	1.34084	1.85769									1.28967	2.19919	1.30625	2.07802	1.40282	1.70834								
1.28897	2.18101	1.13986	1.94138	0.254019	-0.260899	1.34402	1.86024									1.29343	2.19739	1.3098	2.08193										
1.29269	2.18181	1.14317	1.94139	0.254306	-0.285868	1.3472	1.86275									1.29718	2.1955	1.31336	2.08589										
1.29642	2.18261	1.14649	1.94136	0.254551	-0.305395	1.35038	1.86525									1.30093	2.19353	1.31692	2.08995										
1.30015	2.18338	1.1498	1.94135	0.254742	-0.319471	1.35357	1.86776									1.30467	2.19152	1.3205	2.09402										
1.30388	2.18413	1.15312	1.94134	0.254924	-0.332452	1.35676	1.87023									1.30841	2.18947	1.32408	2.09813										
1.30761	2.18492	1.15643	1.94134	0.255056	-0.341408	1.35996	1.8727									1.31215	2.1873	1.32766	2.10229										
1.31134	2.18565	1.15975	1.94134	0.255268	-0.355077	1.36316	1.87517									1.31588	2.18506	1.33126	2.10647										
1.31507	2.18635	1.16306	1.94134	0.255571	-0.3737	1.36636	1.87762									1.31961	2.1828	1.33486	2.1107										
1.31881	2.18705	1.16638	1.9413	0.255975	-0.396911	1.36957	1.88004									1.32334	2.18047	1.33847	2.11492										
1.32254	2.18776	1.16969	1.94132	0.256496	-0.424396	1.37278	1.8825									1.32706	2.17812	1.34208	2.11916										
1.32628	2.18846	1.17301	1.94133	0.257152	-0.456046	1.376	1.88493									1.33078	2.17574	1.34571	2.12342										
1.33002	2.18912	1.17633	1.94127	0.257961	-0.491423	1.37922	1.88732									1.33449	2.17331	1.34934	2.12765										
1.33376	2.18979	1.17964	1.94127	0.25883	-0.525762	1.38245	1.88973									1.3382	2.17089	1.35297	2.13184										
1.3375	2.19047	1.18296	1.9413	0.259757	-0.559057	1.38568	1.89213									1.34191	2.16844	1.35662	2.13601										
1.34124	2.19112	1.18627	1.94129	0.26074	-0.59118	1.38891	1.89452									1.34561	2.16604	1.36027	2.14017										
1.34498	2.19175	1.18959	1.94125	0.261776	-0.622098	1.39215	1.89685									1.34931	2.16367	1.36393	2.14423										
1.34872	2.19237	1.1929	1.94126	0.262864	-0.65167	1.39539	1.89923									1.353	2.16127	1.36759	2.14824										
1.35247	2.193	1.19622	1.94127	0.264002	-0.679703	1.39863	1.90159									1.35669	2.15896	1.37126	2.15217										
1.35622	2.19359	1.19953	1.94124	0.265186	-0.705976	1.40188	1.90275									1.36037	2.15669	1.37494	2.15599										
1.35996	2.19416	1.20285	1.94122	0.266413	-0.730192											1.36406	2.15447	1.37863	2.15975										
1.36371	2.19479	1.20616	1.94122	0.26768	-0.751833											1.36773	2.15237	1.38232	2.16337										
1.36746	2.19535	1.20948	1.94125	0.268981	-0.770175											1.37141	2.15033	1.38602	2.16691										
1.37121	2.19591	1.21279	1.94123	0.270311	-0.784267											1.37508	2.14835	1.38972	2.17032										
1.37496	2.19647	1.21611	1.94119	0.27166	-0.792396											1.37875	2.1465	1.39343	2.17361										
1.37871	2.19699	1.21942	1.9412	0.273017	-0.791973											1.38241	2.14476	1.39715	2.1768										
1.38246	2.19753	1.22274	1.94121	0.274365	-0.77901											1.38607	2.14312	1.40087	2.17833										
1.38622	2.19805	1.22605	1.94118	0.275678	-0.746684											1.38973	2.14156												
1.38997	2.19859	1.22937	1.94116	0.276916	-0.684313											1.39339	2.14013												
1.39373	2.19911	1.23269	1.94119	0.278016	-0.576586											1.39704	2.13883												
1.39748	2.19958	1.236	1.94117	0.278885	-0.407247											1.40069	2.13818												
1.40124	2.19982	1.23932	1.94116	0.279407	-0.305345																								
		1.24263	1.94115																										
		1.24595	1.94115																										
		1.24926	1.94115																										
		1.25258	1.94115																										
		1.25589	1.94115																										
		1.25921	1.94112																										
		1.26252	1.9411																										
		1.26584	1.94109																										
		1.26915	1.94112																										
		1.27247	1.9411																										
		1.27578	1.9411																										
		1.2791	1.94109																										
		1.28241	1.94109																										
		1.28573	1.94109																										
		1.28904	1.94106																										
		1.29236	1.94107																										
		1.29567	1.94108																										
		1.29899	1.94108																										
		1.3023	1.94105																										
		1.30562	1.94104																										
		1.30893	1.94106																										
		1.31225	1.94107																										
		1.31556	1.94105																										
		1.31888	1.94104																										
		1.32219	1.94103																										
		1.32551	1.94103																										
		1.32882	1.94106																										
		1.33214	1.94104																										
		1.33545	1.941																										
		1.33877	1.94101																										
		1.34208	1.94102																										
		1.3454	1.94102																										
		1.34871	1.94102																										
		1.35203	1.94102																										
		1.35534	1.94102																										
		1.35866	1.94099																										
		1.36197	1.94101																										
		1.36529	1.94102																										
		1.3686	1.94099																										
		1.37192	1.94101																										
		1.37523	1.94102																										
		1.37855	1.94099																										
		1.38186	1.94098																										
		1.38518	1.941																										
		1.38849	1.94101																										
		1.39181	1.94099																										
		1.39512	1.94098																										
		1.39843	1.94097																										
		1.40175	1.94097																										
