Sym0		Asym0		Sym1		Sym2		Sym3		Sym4		Asym1		Asym2		Asym3	
473  Points		493  Points		226  Points		156  Points		130  Points		102  Points		376  Points		173  Points		136  Points	
Freq (MHz)	Vgr (m/ms)	Freq (MHz)	Vgr (m/ms)	Freq (MHz)	Vgr (m/ms)	Freq (MHz)	Vgr (m/ms)	Freq (MHz)	Vgr (m/ms)	Freq (MHz)	Vgr (m/ms)	Freq (MHz)	Vgr (m/ms)	Freq (MHz)	Vgr (m/ms)	Freq (MHz)	Vgr (m/ms)
0.000655645	6.82667	0.000391607	0.479671	0.279552	0.155238	0.452821	0.058189	0.559018	0.0480159	0.838541	0.0579418	0.139755	0.189651	0.419269	0.0757338	0.698791	0.0684771
0.00701602	6.82591	0.000838514	0.56616	0.279697	0.209212	0.452875	0.0914753	0.559063	0.0822773	0.838595	0.0786899	0.139932	0.352254	0.41934	0.117169	0.698855	0.0922605
0.013375	6.8236	0.00144658	0.735321	0.279942	0.316935	0.452991	0.158082	0.559172	0.150858	0.838688	0.120133	0.140412	0.675195	0.419488	0.20002	0.698963	0.139734
0.0197311	6.8198	0.0022087	0.896029	0.280288	0.42413	0.453169	0.224866	0.559344	0.21939	0.838819	0.161565	0.14119	0.99244	0.419713	0.282739	0.699115	0.187146
0.0260829	6.81453	0.00311624	1.04694	0.280733	0.530634	0.45341	0.291929	0.55958	0.287754	0.838989	0.202973	0.142261	1.30151	0.420014	0.365193	0.699311	0.234583
0.0324292	6.80782	0.00415956	1.18726	0.281276	0.63627	0.453713	0.359404	0.55988	0.356	0.839197	0.244335	0.143615	1.60033	0.420393	0.44741	0.699552	0.281923
0.0387685	6.79958	0.00532856	1.31643	0.281918	0.740899	0.45408	0.427338	0.560244	0.424085	0.839444	0.285675	0.145243	1.88726	0.420848	0.529373	0.699837	0.329141
0.0450995	6.78977	0.00661259	1.43431	0.282657	0.844396	0.45451	0.495822	0.560671	0.491993	0.839729	0.326976	0.147132	2.16097	0.42138	0.610903	0.700165	0.376337
0.0514205	6.77836	0.00800123	1.54107	0.283492	0.946582	0.455004	0.56497	0.561161	0.559692	0.840053	0.368194	0.14927	2.4207	0.421987	0.692005	0.700538	0.423414
0.0577302	6.76535	0.0094842	1.63705	0.284421	1.04739	0.455562	0.634783	0.561713	0.627123	0.840415	0.409322	0.151643	2.66595	0.422669	0.77269	0.700954	0.4704
0.064027	6.75067	0.0110517	1.72279	0.285443	1.14668	0.456187	0.705416	0.562329	0.694236	0.840816	0.450416	0.154237	2.89651	0.423426	0.852762	0.701415	0.517278
0.0703093	6.73422	0.0126944	1.79893	0.286558	1.24434	0.456877	0.776882	0.563007	0.761078	0.841255	0.491441	0.15704	3.11256	0.424258	0.932266	0.701918	0.563939
0.0765755	6.71597	0.0144038	1.86617	0.287762	1.34033	0.457634	0.849281	0.563747	0.8276	0.841732	0.53233	0.160037	3.31439	0.425164	1.01122	0.702465	0.610532
0.0828238	6.69586	0.0161718	1.92528	0.289055	1.43463	0.45846	0.922668	0.564549	0.893773	0.842247	0.573166	0.163216	3.50249	0.426142	1.08944	0.703056	0.65699
0.0890525	6.67381	0.0179914	1.977	0.290435	1.52719	0.459354	0.997079	0.565413	0.959543	0.8428	0.613894	0.166564	3.6775	0.427194	1.16692	0.70369	0.70325
0.0952597	6.64972	0.0198558	2.02207	0.291901	1.61797	0.460317	1.07258	0.566337	1.02487	0.843391	0.654482	0.170069	3.84001	0.428317	1.24367	0.704366	0.749334
0.101443	6.62349	0.0217593	2.06123	0.29345	1.70703	0.461352	1.14918	0.567322	1.08983	0.844019	0.695009	0.173719	3.9908	0.429511	1.31959	0.705086	0.795215
0.107602	6.59506	0.0236966	2.09508	0.295082	1.79434	0.462459	1.22701	0.568368	1.15434	0.844686	0.735414	0.177505	4.13058	0.430776	1.39468	0.705848	0.840906
0.113733	6.56421	0.0256632	2.12427	0.296794	1.87997	0.463639	1.30606	0.569473	1.2184	0.84539	0.775647	0.181416	4.26	0.43211	1.46891	0.706653	0.886439
0.119834	6.53093	0.027655	2.14932	0.298585	1.96407	0.464893	1.3863	0.570638	1.28199	0.846131	0.815756	0.185443	4.37976	0.433513	1.54223	0.7075	0.931728
0.125902	6.49504	0.0296682	2.17078	0.300454	2.04671	0.466222	1.46776	0.571862	1.34507	0.84691	0.855764	0.189577	4.49072	0.434984	1.61459	0.708389	0.976749
0.131936	6.45638	0.0317	2.18917	0.302399	2.128	0.467628	1.55046	0.573145	1.40768	0.847726	0.895571	0.193261	4.58066	0.436521	1.686	0.70932	1.0216
0.137933	6.41488	0.0334834	2.20287	0.304419	2.2081	0.469111	1.63443	0.574485	1.46975	0.848579	0.935268	0.196457	4.65253	0.438125	1.75645	0.710293	1.06619
0.14389	6.37024	0.0350118	2.21311	0.306513	2.28721	0.470673	1.71961	0.575883	1.53127	0.849468	0.974817	0.199136	4.70893	0.439794	1.82587	0.711307	1.11054
0.149803	6.32243	0.0362807	2.22076	0.308681	2.36554	0.472315	1.80602	0.577339	1.59228	0.850395	1.01415	0.201277	4.75152	0.441528	1.89426	0.712362	1.15464
0.155671	6.27126	0.0372869	2.22612	0.310921	2.44331	0.474038	1.89359	0.578851	1.65277	0.851358	1.05333	0.202863	4.78185	0.443324	1.9616	0.713458	1.19845
0.161489	6.21646	0.0380283	2.2297	0.313234	2.5207	0.475844	1.98224	0.580418	1.71274	0.852358	1.09235	0.203884	4.80078	0.445183	2.02788	0.714595	1.24197
0.167255	6.15791	0.0385034	2.23193	0.315618	2.59799	0.477732	2.07201	0.582042	1.77211	0.853394	1.13122	0.205358	4.82719	0.447103	2.09311	0.715773	1.28523
0.172964	6.09544	0.0391871	2.23504	0.318075	2.67552	0.479705	2.16278	0.583721	1.83093	0.854466	1.16985	0.206968	4.85509	0.449083	2.15723	0.71699	1.32824
0.178613	6.02887	0.0399314	2.23813	0.320604	2.75354	0.481762	2.25446	0.585454	1.88926	0.855574	1.2083	0.209174	4.89186	0.451123	2.22028	0.718248	1.37096
0.184198	5.958	0.0409451	2.24198	0.323206	2.83222	0.483906	2.34699	0.587241	1.94702	0.856717	1.24658	0.211987	4.93628	0.45322	2.28228	0.719545	1.41335
0.189715	5.88262	0.0422296	2.24644	0.325881	2.91195	0.486136	2.44028	0.589082	2.00424	0.857896	1.28463	0.215421	4.987	0.455375	2.34317	0.720881	1.45542
0.195159	5.80267	0.0437862	2.25115	0.328632	2.99296	0.488453	2.5342	0.590976	2.06091	0.859111	1.32249	0.219494	5.0427	0.457587	2.40297	0.722257	1.49722
0.200527	5.71807	0.045616	2.25585	0.331458	3.07545	0.490858	2.62867	0.592922	2.11703	0.860361	1.36013	0.224221	5.10183	0.459853	2.4617	0.723671	1.53872
0.205814	5.62863	0.04772	2.26029	0.334363	3.15964	0.493351	2.72356	0.594921	2.17265	0.861645	1.39754	0.229001	5.15619	0.462174	2.51934	0.725124	1.57989
0.211016	5.53435	0.0498278	2.26387	0.336958	3.23446	0.495933	2.81871	0.596971	2.22779	0.862965	1.4348	0.233829	5.20596	0.464548	2.57594	0.726615	1.62071
0.216127	5.43521	0.0519385	2.26669	0.339219	3.29939	0.498603	2.91402	0.599072	2.28242	0.864319	1.4718	0.238701	5.25143	0.466974	2.63151	0.728144	1.66125
0.221144	5.33135	0.0540515	2.26886	0.341123	3.35394	0.501363	3.00935	0.601224	2.33651	0.865707	1.50852	0.243614	5.29284	0.469451	2.68603	0.729711	1.70147
0.226061	5.22287	0.0561663	2.2705	0.34265	3.39761	0.504211	3.10457	0.603426	2.39021	0.86713	1.54506	0.248564	5.33039	0.471979	2.73954	0.731315	1.74133
0.230876	5.10991	0.0582823	2.27165	0.343786	3.43007	0.507148	3.19951	0.605678	2.44341	0.868586	1.58136	0.253547	5.36433	0.474556	2.792	0.732955	1.78091
0.235583	4.99282	0.0603992	2.2724	0.344519	3.45098	0.510173	3.29403	0.607979	2.49619	0.870077	1.61741	0.25856	5.39488	0.477181	2.84353	0.734633	1.82015
0.24018	4.87196	0.0625167	2.27282	0.34558	3.48116	0.513286	3.38799	0.610329	2.54859	0.8716	1.65326	0.2636	5.42217	0.479855	2.89415	0.736347	1.85902
0.244662	4.74779	0.0646344	2.27299	0.346744	3.5143	0.516486	3.48122	0.612728	2.60057	0.873157	1.68885	0.268663	5.44636	0.482574	2.94376	0.738097	1.89757
0.249027	4.62081	0.0667522	2.27289	0.348344	3.55978	0.519773	3.57356	0.615175	2.65223	0.874747	1.72415	0.273748	5.46765	0.48534	2.9925	0.739883	1.93586
0.253272	4.49159	0.0688697	2.27259	0.350398	3.61782	0.523145	3.66492	0.61767	2.70356	0.87637	1.75922	0.278852	5.48613	0.488151	3.04041	0.741704	1.97375
0.257396	4.3608	0.0709869	2.27218	0.352927	3.689	0.526602	3.75515	0.620213	2.75458	0.878025	1.79406	0.283971	5.50189	0.491005	3.08745	0.743561	2.01131
0.261398	4.22916	0.0731036	2.27161	0.355956	3.77343	0.530142	3.84404	0.622803	2.80536	0.879713	1.82865	0.289104	5.51508	0.493904	3.13369	0.745452	2.04857
0.265277	4.09735	0.0752198	2.27096	0.359517	3.87147	0.533765	3.93153	0.62544	2.85594	0.881433	1.86298	0.294248	5.52578	0.496845	3.17916	0.747378	2.0855
0.269033	3.96606	0.0773353	2.27023	0.36317	3.97033	0.537468	4.01743	0.628124	2.90633	0.883185	1.89699	0.299401	5.53409	0.499828	3.22387	0.749338	2.12209
0.272667	3.836	0.0794501	2.26939	0.366915	4.06953	0.541251	4.10165	0.630856	2.95658	0.884968	1.9308	0.30456	5.54011	0.502852	3.26789	0.751332	2.15835
0.276181	3.70785	0.081564	2.26849	0.370753	4.1686	0.545111	4.18402	0.633634	3.00675	0.886782	1.96437	0.309724	5.5439	0.505917	3.31126	0.75336	2.19432
0.279576	3.58221	0.0836772	2.26764	0.374683	4.26703	0.549047	4.26446	0.636458	3.05694	0.888628	1.9976	0.31489	5.54546	0.509022	3.35397	0.755421	2.22993
0.282856	3.45963	0.0857895	2.2667	0.378704	4.36425	0.553058	4.34286	0.63933	3.10714	0.890505	2.03059	0.320057	5.54488	0.512167	3.3961	0.757515	2.26527
0.286023	3.34058	0.0879009	2.26576	0.382815	4.45959	0.55714	4.41904	0.642248	3.15744	0.892412	2.06338	0.325223	5.54233	0.514939	3.43242	0.759642	2.30029
0.289081	3.22545	0.0900115	2.26485	0.387014	4.5526	0.561292	4.49294	0.645213	3.20787	0.89435	2.09586	0.330385	5.53768	0.517325	3.46309	0.761802	2.33494
0.292033	3.11458	0.0921212	2.26388	0.391299	4.64275	0.565512	4.56443	0.648226	3.25855	0.896317	2.12801	0.335542	5.531	0.519314	3.48819	0.763993	2.3693
0.294884	3.00821	0.09423	2.26292	0.395665	4.72954	0.569797	4.63343	0.651285	3.30954	0.898315	2.15995	0.340691	5.52242	0.520897	3.50789	0.766217	2.40338
0.297639	2.90649	0.0963379	2.262	0.400112	4.81256	0.574146	4.69981	0.654393	3.36089	0.900342	2.19165	0.345832	5.51194	0.522067	3.52244	0.768472	2.43719
0.3003	2.80955	0.098445	2.2611	0.404633	4.89153	0.578555	4.76343	0.657548	3.41277	0.902399	2.22306	0.350962	5.49956	0.522818	3.53162	0.770758	2.47068
0.302874	2.71733	0.100551	2.26017	0.409226	4.96614	0.583022	4.8243	0.660752	3.46519	0.904485	2.25416	0.35608	5.48528	0.523901	3.5447	0.773076	2.50383
0.305364	2.62987	0.102657	2.25931	0.413887	5.03618	0.58696	4.87504	0.664005	3.51833	0.906599	2.28502	0.361183	5.46916	0.525083	3.55905	0.775424	2.53672
0.307774	2.54716	0.104761	2.25843	0.418611	5.1016	0.590349	4.91648	0.667308	3.57223	0.908742	2.3156	0.366271	5.45125	0.526698	3.5785	0.777802	2.56932
0.31011	2.46903	0.106865	2.25759	0.423393	5.16221	0.593172	4.94937	0.670662	3.62699	0.910914	2.34594	0.371341	5.43153	0.528753	3.60283	0.780211	2.60164
0.312375	2.39533	0.108968	2.25677	0.42823	5.21812	0.595418	4.97458	0.674067	3.68277	0.913114	2.37599	0.376392	5.40999	0.531257	3.63209	0.78265	2.63369
0.314573	2.32592	0.11107	2.25596	0.433117	5.26936	0.597076	4.99271	0.677524	3.73968	0.915341	2.40577	0.381422	5.38673	0.53422	3.66625	0.785119	2.66548
0.316709	2.26072	0.113172	2.25522	0.438049	5.31597	0.59814	5.00403	0.681035	3.79792	0.917597	2.4353	0.38643	5.3617	0.537654	3.70514	0.787617	2.697
0.318786	2.19946	0.115273	2.25445	0.443022	5.35809	0.599675	5.01997	0.684601	3.85749	0.919879	2.46455	0.391413	5.33494	0.541124	3.74382	0.790145	2.72823
0.320808	2.14198	0.117373	2.2537	0.448033	5.39585	0.601348	5.03692	0.688223	3.91855	0.922189	2.49353	0.396371	5.30647	0.54463	3.78224	0.792701	2.75922
0.322777	2.08809	0.119472	2.25303	0.453077	5.42946	0.603632	5.05918	0.691903	3.98133	0.924526	2.52227	0.401301	5.2763	0.548172	3.82045	0.795286	2.7899
0.324699	2.0376	0.121571	2.25233	0.45815	5.45911	0.606536	5.08615	0.695642	4.04581	0.926889	2.55075	0.406203	5.24449	0.551749	3.85849	0.7979	2.82037
0.326574	1.99037	0.123669	2.25165	0.463249	5.48489	0.610067	5.11706	0.69895	4.10351	0.929279	2.57894	0.411074	5.21096	0.555362	3.89637	0.800541	2.85062
0.328407	1.94617	0.125767	2.25105	0.468371	5.50708	0.614236	5.15081	0.701807	4.15389	0.931695	2.60688	0.415913	5.17585	0.559009	3.93413	0.803211	2.88057
0.330201	1.90484	0.127864	2.25043	0.473511	5.5259	0.619052	5.18614	0.704197	4.19647	0.934136	2.63457	0.420718	5.13915	0.562692	3.97173	0.805909	2.9103
0.331957	1.86622	0.12996	2.24982	0.478668	5.54147	0.6239	5.21783	0.706103	4.23061	0.936604	2.66205	0.425489	5.10091	0.56641	4.00924	0.808634	2.9398
0.333678	1.83013	0.132056	2.24926	0.483837	5.55397	0.628775	5.24569	0.707515	4.25609	0.939097	2.68924	0.430223	5.06113	0.570163	4.04667	0.811387	2.969
0.335367	1.7964	0.134151	2.24869	0.489017	5.56363	0.633675	5.26958	0.708423	4.27255	0.941615	2.71617	0.43492	5.01986	0.573951	4.08396	0.814167	2.99801
0.336814	1.76884	0.136246	2.24814	0.494204	5.57058	0.638594	5.28943	0.709735	4.29644	0.944158	2.74292	0.439577	4.97718	0.577773	4.12116	0.816974	3.02683
0.33803	1.74667	0.13834	2.24765	0.499397	5.57498	0.643531	5.30522	0.711169	4.32278	0.946726	2.76939	0.444194	4.93309	0.58163	4.15823	0.819807	3.05538
0.339025	1.72906	0.140434	2.24719	0.504593	5.57703	0.64848	5.31685	0.713133	4.35888	0.949319	2.79561	0.448769	4.88769	0.585522	4.19514	0.822667	3.08369
0.339804	1.71574	0.142528	2.2467	0.509789	5.57684	0.653438	5.32431	0.715641	4.40534	0.951935	2.8216	0.453302	4.84103	0.589447	4.23191	0.825553	3.11175
0.340374	1.70635	0.144621	2.2462	0.514985	5.57452	0.658401	5.32767	0.71871	4.46282	0.954576	2.84736	0.45779	4.79317	0.593407	4.26849	0.828089	3.13607
0.340736	1.7004	0.146713	2.24576	0.520177	5.57024	0.663366	5.32698	0.722361	4.53171	0.957241	2.87295	0.462233	4.74416	0.597401	4.30491	0.830267	3.15668
0.341256	1.69196	0.148806	2.24533	0.525364	5.56407	0.668328	5.32227	0.72662	4.6128	0.95993	2.89829	0.46663	4.69409	0.601429	4.34103	0.832079	3.17364
0.341817	1.68306	0.150897	2.24493	0.530545	5.55612	0.673283	5.31365	0.730956	4.69601	0.962642	2.92339	0.47098	4.64305	0.60549	4.37685	0.833518	3.18693
0.342576	1.67142	0.152989	2.24454	0.535717	5.54658	0.678229	5.30144	0.735371	4.78119	0.965377	2.94832	0.475282	4.59113	0.609585	4.41234	0.83458	3.1967
0.343529	1.65722	0.15508	2.24413	0.54088	5.53543	0.683162	5.28581	0.739865	4.86817	0.968136	2.973	0.479535	4.5384	0.613712	4.44748	0.835261	3.20298
0.34467	1.64081	0.15717	2.24374	0.546032	5.52279	0.688078	5.267	0.744442	4.95666	0.970917	2.99751	0.483739	4.4849	0.617872	4.48218	0.836243	3.2119
0.345994	1.62274	0.159261	2.2434	0.551171	5.50875	0.692976	5.24544	0.749102	5.0465	0.973721	3.02187	0.487892	4.43075	0.622064	4.51638	0.837314	3.22156
0.347497	1.60332	0.161351	2.24308	0.556297	5.49334	0.697853	5.22144	0.753846	5.13724	0.976548	3.04597	0.491995	4.3761	0.626288	4.55007	0.838774	3.23469
0.348982	1.58526	0.16344	2.24271	0.561408	5.4767	0.702706	5.19549	0.758674	5.22849	0.979397	3.06992	0.496047	4.32102	0.630543	4.58314	0.840631	3.25127
0.350451	1.56851	0.16553	2.24237	0.566502	5.45886	0.707534	5.16798	0.763588	5.31993	0.982268	3.09373	0.500047	4.26558	0.634828	4.61557	0.842888	3.27119
0.351905	1.55299	0.167619	2.24209	0.57158	5.43983	0.712336	5.13939	0.768587	5.41113	0.985162	3.11734	0.503995	4.20987	0.639143	4.64727	0.845553	3.29432
0.353345	1.5386	0.169708	2.24177	0.576639	5.41969	0.717111	5.11019	0.773671	5.50163	0.988077	3.14081	0.507892	4.15401	0.643488	4.67818	0.848635	3.32072
0.354772	1.52532	0.171796	2.2415	0.581679	5.39849	0.721858	5.08076	0.778839	5.59101	0.990636	3.16115	0.511736	4.09802	0.647861	4.70828	0.851741	3.34695
0.356187	1.51305	0.173884	2.24122	0.586698	5.37632	0.726578	5.05158	0.78409	5.67895	0.992829	3.17838	0.515528	4.04205	0.652261	4.7375	0.854871	3.37296
0.357591	1.50175	0.175972	2.24093	0.591697	5.35319	0.731271	5.023	0.789421	5.76507	0.994653	3.19256	0.519268	3.98623	0.656689	4.76581	0.858026	3.39875
0.358985	1.49141	0.17806	2.24068	0.596673	5.32909	0.735938	4.99538	0.794832	5.849	0.9961	3.20378	0.522956	3.9306	0.661142	4.79311	0.861205	3.42431
0.36037	1.48184	0.180148	2.2404	0.601627	5.30409	0.74058	4.96901	0.80032	5.93048	0.997167	3.21207	0.526592	3.87518	0.66562	4.81936	0.864407	3.44965
0.361747	1.47311	0.182235	2.24016	0.606557	5.27825	0.745197	4.94414	0.805883	6.00937	0.997852	3.21728	0.530177	3.82011	0.670122	4.8446	0.867633	3.47481
0.363115	1.46515	0.184322	2.23992	0.611462	5.2516	0.749792	4.92094	0.811518	6.08541	0.998838	3.22481	0.53371	3.76543	0.674647	4.86869	0.870882	3.49977
0.364477	1.45787	0.186409	2.2397	0.616343	5.2241	0.754367	4.89956	0.817222	6.15844	0.999912	3.23305	0.537193	3.71126	0.679194	4.89164	0.874154	3.52452
0.365832	1.45127	0.188495	2.23944	0.621197	5.19589	0.758922	4.88012	0.822994	6.22849	1.00138	3.23852	0.540626	3.65762	0.683762	4.91345	0.877449	3.54909
0.367181	1.4453	0.190582	2.23923	0.626025	5.16695	0.76346	4.86263	0.828829	6.29549			0.544009	3.6045	0.68835	4.93398	0.880767	3.57342
0.368525	1.43996	0.192668	2.23906	0.630825	5.13728	0.767983	4.84712	0.834725	6.35935			0.547342	3.55209	0.692956	4.95337	0.884108	3.59752
0.369864	1.43514	0.194754	2.23883	0.635597	5.10696	0.772492	4.83357	0.840679	6.42017			0.550628	3.50036	0.69758	4.97148	0.887471	3.62148
0.371199	1.43086	0.19684	2.2386	0.640341	5.07598	0.77699	4.822	0.846688	6.47798			0.553865	3.4493	0.70222	4.98834	0.890856	3.64525
0.37253	1.42711	0.198925	2.23841	0.645056	5.04433	0.781478	4.81226	0.85275	6.53285			0.557055	3.39905	0.706875	5.00395	0.894263	3.66878
0.373858	1.42377	0.201011	2.23825	0.649741	5.01214	0.785957	4.80432	0.858861	6.58485			0.560199	3.34957	0.711544	5.01823	0.897693	3.69211
0.375183	1.42092	0.203096	2.23809	0.654395	4.97939	0.79043	4.79811	0.86502	6.63404			0.563297	3.30092	0.716226	5.03131	0.901143	3.71525
0.376506	1.41848	0.205181	2.2379	0.659019	4.94613	0.794898	4.79347	0.871223	6.68056			0.56635	3.25312	0.72092	5.04312	0.904615	3.7382
0.377827	1.41645	0.207266	2.2377	0.663612	4.91232	0.799362	4.79034	0.877468	6.72452			0.569358	3.20615	0.725624	5.05364	0.908109	3.76099
0.379146	1.41477	0.209351	2.23756	0.668173	4.87802	0.803824	4.78863	0.883753	6.76594			0.572324	3.16007	0.730337	5.06285	0.911624	3.78356
0.380463	1.41342	0.211436	2.23742	0.672702	4.84337	0.808285	4.78818	0.890076	6.805			0.575247	3.11491	0.735058	5.07083	0.915159	3.80594
0.381779	1.41246	0.21352	2.23723	0.677198	4.80824	0.812746	4.78887	0.896434	6.84178			0.578128	3.07061	0.739786	5.07764	0.918716	3.82815
0.383095	1.41179	0.215604	2.23707	0.681661	4.7727	0.817209	4.79064	0.902825	6.87632			0.580969	3.02719	0.744519	5.08313	0.922293	3.85017
0.38441	1.41138	0.217689	2.23692	0.686091	4.73684	0.821673	4.79343	0.909247	6.90875			0.583769	2.98471	0.749257	5.08741	0.92589	3.87202
0.385725	1.41129	0.219773	2.23676	0.690488	4.70067	0.826141	4.79706	0.915698	6.93906			0.58653	2.94315	0.753999	5.09058	0.929508	3.89367
0.38704	1.41146	0.221857	2.23665	0.69485	4.66416	0.830612	4.8014	0.922177	6.9674			0.589253	2.90244	0.758743	5.09249	0.933145	3.91512
0.388355	1.41184	0.22394	2.23652	0.699179	4.62742	0.835088	4.80647	0.928681	6.99384			0.591939	2.86265	0.763488	5.09323	0.936803	3.93643
0.389671	1.41251	0.226024	2.23635	0.703473	4.59048	0.839568	4.81211	0.935209	7.0183			0.594587	2.82378	0.768234	5.09287	0.940481	3.95759
0.390987	1.41339	0.228108	2.23623	0.707733	4.5533	0.844054	4.81827	0.941759	7.04093			0.5972	2.78578	0.772978	5.0914	0.944178	3.97854
0.392304	1.41445	0.230191	2.23613	0.711958	4.51592	0.848547	4.82479	0.948329	7.06174			0.599778	2.74865	0.777721	5.08884	0.947894	3.9993
0.393623	1.41572	0.232274	2.236	0.716148	4.47844	0.853045	4.83164	0.954918	7.08067			0.602322	2.7124	0.782461	5.08514	0.95163	4.0199
0.394942	1.41719	0.234358	2.23587	0.720303	4.44088	0.85755	4.83883	0.961523	7.09775			0.604833	2.67702	0.787197	5.08044	0.955385	4.04035
0.396263	1.41881	0.236441	2.23577	0.724423	4.40324	0.862062	4.84617	0.968144	7.11296			0.607311	2.64245	0.791928	5.07471	0.959159	4.0606
0.397586	1.42061	0.238524	2.23564	0.728508	4.36552	0.86658	4.85361	0.974778	7.12631			0.609757	2.60876	0.796653	5.06794	0.962951	4.08069
0.398911	1.42257	0.240607	2.2355	0.732558	4.32777	0.871106	4.8611	0.981423	7.13771			0.612172	2.57588	0.801371	5.06022	0.966763	4.10066
0.400237	1.42464	0.242689	2.23544	0.736572	4.29003	0.875638	4.86865	0.988078	7.14704			0.614556	2.54376	0.806082	5.05157	0.970592	4.12042
0.401565	1.42689	0.244772	2.23533	0.740552	4.25234	0.880178	4.87613	0.994741	7.15426			0.616912	2.5125	0.810784	5.04193	0.974441	4.14001
0.402896	1.42926	0.246855	2.2352	0.744496	4.21474	0.884724	4.88349	1.00141	7.15736			0.619238	2.48204	0.815477	5.03144	0.978307	4.15939
0.404229	1.43173	0.248937	2.2351	0.748405	4.17719	0.889278	4.89076					0.621537	2.45231	0.82016	5.02004	0.982191	4.17865
0.405564	1.43432	0.251019	2.23502	0.75228	4.13974	0.893838	4.8978					0.623808	2.42331	0.824831	5.00779	0.986093	4.19776
0.406901	1.43704	0.253102	2.2349	0.756119	4.10245	0.898404	4.90458					0.626052	2.39508	0.829491	4.99474	0.990013	4.21665
0.408241	1.43983	0.255184	2.2348	0.759924	4.06531	0.902977	4.91108					0.628271	2.36759	0.834139	4.98081	0.993951	4.23536
0.409584	1.44272	0.257266	2.23476	0.763694	4.02836	0.907556	4.9173					0.630464	2.34081	0.838772	4.96616	0.997905	4.25391
0.41093	1.44571	0.259348	2.23462	0.76743	3.99161	0.91214	4.92319					0.632633	2.31472	0.843392	4.95074	1.00188	4.26315
0.412278	1.44878	0.26143	2.23452	0.771132	3.95507	0.916729	4.9287					0.634777	2.28929	0.847998	4.93458		
0.413629	1.45192	0.263512	2.23447	0.7748	3.91878	0.921324	4.93377					0.636899	2.26457	0.852587	4.9177		
0.414984	1.45514	0.265594	2.23441	0.778435	3.88269	0.925923	4.93842					0.638997	2.24048	0.857161	4.90018		
0.416341	1.45844	0.267676	2.2343	0.782035	3.84689	0.930526	4.94265					0.641073	2.21702	0.861718	4.88201		
0.417701	1.46177	0.269757	2.23421	0.785603	3.81141	0.935133	4.94638					0.643128	2.19423	0.866258	4.86315		
0.419065	1.46519	0.271839	2.23413	0.789137	3.77616	0.939743	4.94963					0.645162	2.17203	0.87078	4.84376		
0.420431	1.46863	0.27392	2.23405	0.792639	3.74125	0.944356	4.95236					0.647176	2.15038	0.875284	4.82377		
0.421801	1.47214	0.276002	2.23398	0.796109	3.70666	0.948971	4.95457					0.649169	2.12938	0.879769	4.80316		
0.423175	1.47569	0.278083	2.23391	0.799546	3.67237	0.953588	4.95625					0.651143	2.10895	0.884234	4.78208		
0.424551	1.47929	0.280164	2.23387	0.802952	3.63846	0.958207	4.95736					0.653099	2.08903	0.88868	4.76049		
0.425931	1.48293	0.282246	2.23378	0.806326	3.60487	0.962826	4.95794					0.655036	2.06966	0.893105	4.73841		
0.427314	1.48658	0.284327	2.23369	0.809669	3.5716	0.967445	4.95794					0.656955	2.05086	0.897509	4.71591		
0.428701	1.49034	0.286408	2.23362	0.812981	3.5387	0.972064	4.95736					0.658858	2.03259	0.901893	4.69298		
0.430092	1.49405	0.288489	2.23358	0.816263	3.50618	0.976683	4.95622					0.660743	2.01482	0.906254	4.66961		
0.431485	1.49778	0.29057	2.23352	0.819515	3.47399	0.9813	4.95452					0.662612	1.99754	0.910594	4.64587		
0.432882	1.50158	0.292651	2.23342	0.822737	3.44218	0.985915	4.9522					0.664465	1.98074	0.914911	4.62181		
0.434283	1.50539	0.294732	2.23337	0.825929	3.41075	0.990528	4.94929					0.666303	1.96439	0.919206	4.59737		
0.435688	1.50923	0.296812	2.23331	0.829092	3.37969	0.995137	4.94581					0.668126	1.94853	0.923478	4.57262		
0.437096	1.5131	0.298893	2.23324	0.832227	3.349	0.999744	4.94177					0.669934	1.93316	0.927727	4.54765		
0.438507	1.51693	0.300974	2.23321	0.835333	3.31868	1.00435	4.93962					0.671728	1.91819	0.931952	4.52238		
0.439922	1.52079	0.303054	2.23315	0.838411	3.28876							0.673508	1.9036	0.936154	4.49686		
0.441341	1.5247	0.305135	2.23309	0.841461	3.25922							0.675275	1.88949	0.940331	4.47117		
0.442763	1.52859	0.307216	2.23302	0.844484	3.23002							0.677029	1.87581	0.944485	4.44525		
0.444189	1.53248	0.309296	2.23295	0.84748	3.20118							0.67877	1.86249	0.948615	4.41918		
0.445619	1.5364	0.311376	2.23291	0.850449	3.17273							0.6805	1.84957	0.95272	4.393		
0.447052	1.5403	0.313457	2.23286	0.853392	3.1447							0.682217	1.83703	0.956801	4.36662		
0.448489	1.54423	0.315537	2.2328	0.856309	3.11703							0.683923	1.82486	0.960857	4.34017		
0.44993	1.54817	0.317617	2.23276	0.8592	3.08968							0.685617	1.81303	0.964888	4.31365		
0.451374	1.55205	0.319698	2.23271	0.862066	3.06275							0.687301	1.80158	0.968895	4.28699		
0.452822	1.55596	0.321778	2.23265	0.864907	3.03617							0.688974	1.79047	0.972876	4.26033		
0.454273	1.5599	0.323858	2.23262	0.867723	3.00992							0.690637	1.77968	0.976833	4.23363		
0.455728	1.56381	0.325938	2.23256	0.870516	2.98405							0.692291	1.76927	0.980765	4.20691		
0.457187	1.5677	0.328018	2.23254	0.873284	2.95855							0.693934	1.75912	0.984672	4.18019		
0.45865	1.57159	0.330098	2.23249	0.876029	2.93339							0.695568	1.74929	0.988554	4.15346		
0.460116	1.57548	0.332178	2.23239	0.87875	2.90858							0.697194	1.73979	0.992412	4.1268		
0.461585	1.57936	0.334258	2.23238	0.881448	2.88416							0.69881	1.73054	0.996244	4.10018		
0.463059	1.58328	0.336338	2.23237	0.884124	2.86005							0.700418	1.72163	1.00005	4.08686		
0.464536	1.58714	0.338418	2.2323	0.886778	2.83631							0.702018	1.713				
0.466016	1.59098	0.340497	2.23222	0.889409	2.8129							0.70361	1.70458				
0.4675	1.5948	0.342577	2.23222	0.892019	2.78978							0.705195	1.69645				
0.468988	1.59865	0.344657	2.23218	0.894608	2.76701							0.706772	1.68862				
0.470479	1.60248	0.346737	2.23213	0.897175	2.74464							0.708341	1.68104				
0.471974	1.60627	0.348816	2.2321	0.899722	2.72254							0.709904	1.67366				
0.473472	1.6101	0.350896	2.23205	0.902248	2.70076							0.71146	1.66653				
0.474974	1.61385	0.352975	2.23199	0.904755	2.67932							0.713009	1.65967				
0.47648	1.61759	0.355055	2.23196	0.907241	2.65817							0.714553	1.65305				
0.477988	1.6214	0.357134	2.23194	0.909708	2.63737							0.71609	1.64663				
0.479501	1.6251	0.359214	2.2319	0.912156	2.6169							0.717621	1.64041				
0.481017	1.62882	0.361293	2.23188	0.914584	2.59667							0.719146	1.63441				
0.482536	1.63254	0.363373	2.23183	0.916994	2.57678							0.720666	1.6286				
0.484059	1.6362	0.365452	2.2318	0.919386	2.5572							0.722181	1.62301				
0.485585	1.63986	0.367531	2.23179	0.921759	2.53789							0.723691	1.61766				
0.487114	1.64352	0.369611	2.23171	0.924115	2.51889							0.725195	1.61245				
0.488647	1.64715	0.37169	2.23167	0.926453	2.50017							0.726695	1.60743				
0.490184	1.65075	0.373769	2.23165	0.928774	2.48176							0.728191	1.60258				
0.491723	1.65435	0.375848	2.23164	0.931077	2.46358							0.729682	1.59792				
0.493266	1.65791	0.377928	2.2316	0.933364	2.44574							0.731168	1.59347				
0.494813	1.66148	0.380007	2.23154	0.935635	2.42818							0.732651	1.58915				
0.496362	1.66502	0.382086	2.23155	0.937889	2.41087							0.734129	1.58498				
0.497915	1.66855	0.384165	2.23152	0.940127	2.39382							0.735604	1.58099				
0.499471	1.67204	0.386244	2.23147	0.94235	2.37706							0.737075	1.57716				
0.501031	1.67551	0.388323	2.23144	0.944557	2.36059							0.738543	1.57349				
0.502594	1.67896	0.390402	2.23143	0.946748	2.34429							0.740008	1.56994				
0.504159	1.68241	0.392481	2.23138	0.948925	2.32831							0.741469	1.56651				
0.505729	1.68581	0.39456	2.23133	0.951087	2.31263							0.742927	1.56329				
0.507301	1.6892	0.396639	2.23133	0.953234	2.29713							0.744382	1.56019				
0.508876	1.69258	0.398718	2.2313	0.955367	2.28192							0.745834	1.55717				
0.510455	1.69596	0.400797	2.23125	0.957486	2.26695							0.747283	1.5543				
0.512036	1.69929	0.402876	2.23126	0.959591	2.25221							0.74873	1.55159				
0.513621	1.70257	0.404954	2.23123	0.961683	2.23774							0.750174	1.54899				
0.515209	1.70586	0.407033	2.23117	0.963761	2.22343							0.751616	1.54651				
0.5168	1.70915	0.409112	2.23115	0.965826	2.20943							0.753056	1.54414				
0.518394	1.71241	0.411191	2.23113	0.967878	2.19566							0.754494	1.54186				
0.519991	1.71561	0.41327	2.23113	0.969918	2.18207							0.755929	1.53973				
0.521591	1.71882	0.415348	2.23109	0.971944	2.16876							0.757363	1.53771				
0.523194	1.722	0.417427	2.23107	0.973959	2.15562							0.758795	1.53575				
0.524799	1.72517	0.419506	2.23106	0.975961	2.14275							0.760225	1.53392				
0.526408	1.72833	0.421584	2.23102	0.977952	2.13009							0.761653	1.53221				
0.52802	1.73144	0.423663	2.231	0.97993	2.11757							0.76308	1.53054				
0.529635	1.73458	0.425741	2.23095	0.981897	2.10534							0.764505	1.52902				
0.531252	1.73764	0.42782	2.23092	0.983853	2.09333							0.765929	1.52759				
0.532873	1.74068	0.429899	2.23091	0.985798	2.08147							0.767351	1.52622				
0.534496	1.74374	0.431977	2.23091	0.987732	2.06986							0.768773	1.52495				
0.536122	1.74673	0.434056	2.23087	0.989655	2.05841							0.770193	1.52377				
0.537751	1.74973	0.436134	2.23085	0.991568	2.04716							0.771612	1.52266				
0.539382	1.75273	0.438213	2.23084	0.99347	2.03615							0.77303	1.52163				
0.541017	1.75569	0.440291	2.2308	0.995362	2.0253							0.774448	1.52071				
0.542654	1.7586	0.442369	2.23078	0.997244	2.01464							0.775864	1.51985				
0.544294	1.76149	0.444448	2.23077	0.999116	2.00415							0.77728	1.51902				
0.545936	1.76439	0.446526	2.23076	1.00098	1.99894							0.778695	1.51835				
0.547581	1.76731	0.448605	2.23072									0.780109	1.51772				
0.549229	1.77016	0.450683	2.2307									0.781523	1.51711				
0.55088	1.77294	0.452761	2.23065									0.782936	1.51659				
0.552533	1.77576	0.454839	2.23063									0.784349	1.51614				
0.554189	1.77856	0.456918	2.23066									0.785761	1.51577				
0.555847	1.78135	0.458996	2.23063									0.787173	1.51548				
0.557508	1.7841	0.461074	2.23058									0.788585	1.51522				
0.559172	1.7868	0.463152	2.23056									0.789997	1.51498				
0.560838	1.78954	0.465231	2.23055									0.791408	1.51486				
0.562506	1.79222	0.467309	2.23054									0.792819	1.5148				
0.564177	1.79489	0.469387	2.23054									0.794231	1.51474				
0.565851	1.79754	0.471465	2.2305									0.795642	1.51478				
0.567527	1.80018	0.473543	2.23048									0.797053	1.51483				
0.569205	1.80278	0.475621	2.23047									0.798465	1.51493				
0.570886	1.80537	0.4777	2.23043									0.799876	1.51517				
0.572569	1.80798	0.479778	2.23045									0.801288	1.51536				
0.574255	1.81053	0.481856	2.23042									0.8027	1.5156				
0.575943	1.81305	0.483934	2.23037									0.804112	1.51594				
0.577633	1.81555	0.486012	2.23038									0.805525	1.51629				
0.579326	1.81805	0.48809	2.23035									0.806938	1.51669				
0.581021	1.82054	0.490168	2.23033									0.808351	1.51715				
0.582718	1.82304	0.492246	2.23032									0.809765	1.51763				
0.584418	1.82545	0.494324	2.23032									0.811179	1.51813				
0.58612	1.82787	0.496402	2.23032									0.812593	1.51867				
0.587824	1.83029	0.49848	2.23028									0.814009	1.51927				
0.589531	1.83267	0.500558	2.23022									0.815424	1.51994				
0.591239	1.83503	0.502635	2.23023									0.816841	1.5206				
0.59295	1.83738	0.504713	2.23024									0.818258	1.52126				
0.594663	1.83973	0.506791	2.2302									0.819676	1.52199				
0.596378	1.84204	0.508869	2.23019									0.821094	1.5228				
0.598095	1.84437	0.510947	2.23018									0.822513	1.52357				
0.599815	1.84667	0.513025	2.23017									0.823933	1.52439				
0.601536	1.84891	0.515103	2.23013									0.825354	1.52528				
0.60326	1.85114	0.51718	2.23011									0.826775	1.52613				
0.604986	1.85338	0.519258	2.23011									0.828197	1.52703				
0.606714	1.85561	0.521336	2.2301									0.829621	1.52799				
0.608444	1.85778	0.523414	2.2301									0.831045	1.52898				
0.610175	1.85996	0.525492	2.23006									0.83247	1.52996				
0.611909	1.86215	0.527569	2.23004									0.833896	1.53099				
0.613645	1.86431	0.529647	2.23003									0.835323	1.53202				
0.615383	1.86642	0.531725	2.23003									0.83675	1.53309				
0.617123	1.86853	0.533802	2.23002									0.838179	1.53421				
0.618865	1.87065	0.53588	2.22999									0.839609	1.53528				
0.620609	1.87273	0.537958	2.22997									0.84104	1.5364				
0.622355	1.8748	0.540035	2.22996									0.842472	1.53758				
0.624102	1.87686	0.542113	2.22995									0.843905	1.53876				
0.625852	1.87892	0.544191	2.22995									0.845339	1.53994				
0.627604	1.88093	0.546268	2.22991									0.846775	1.54115				
0.629357	1.88289	0.548346	2.22989									0.848211	1.54237				
0.631112	1.8849	0.550423	2.22989									0.849649	1.54365				
0.632869	1.88693	0.552501	2.22988									0.851088	1.54491				
0.634628	1.88886	0.554579	2.22988									0.852527	1.54619				
0.636389	1.89081	0.556656	2.22984									0.853969	1.5475				
0.638152	1.89274	0.558734	2.22986									0.855411	1.54881				
0.639916	1.89466	0.560811	2.22983									0.856855	1.55012				
0.641682	1.89657	0.562889	2.22978									0.8583	1.55148				
0.64345	1.89844	0.564966	2.22979									0.859746	1.55285				
0.64522	1.90036	0.567044	2.2298									0.861193	1.55419				
0.646991	1.9022	0.569121	2.2298									0.862642	1.5556				
0.648764	1.90404	0.571199	2.22976									0.864092	1.557				
0.650539	1.90587	0.573276	2.22975									0.865543	1.55839				
0.652315	1.9077	0.575354	2.22974									0.866996	1.55986				
0.654094	1.90954	0.577431	2.22973									0.86845	1.56129				
0.655874	1.91129	0.579508	2.22973									0.869905	1.5627				
0.657655	1.91305	0.581586	2.22969									0.871362	1.56417				
0.659438	1.91485	0.583663	2.22967									0.87282	1.56564				
0.661223	1.91662	0.585741	2.22967									0.874279	1.56715				
0.66301	1.91835	0.587818	2.22966									0.87574	1.56863				
0.664798	1.92006	0.589895	2.22966									0.877202	1.5701				
0.666588	1.92176	0.591973	2.22966									0.878666	1.57161				
0.668379	1.92348	0.59405	2.22962									0.880131	1.57313				
0.670172	1.92519	0.596127	2.2296									0.881597	1.57466				
0.671966	1.92685	0.598205	2.22959									0.883065	1.5762				
0.673762	1.92852	0.600282	2.22959									0.884534	1.57773				
0.67556	1.93016	0.602359	2.22959									0.886005	1.57927				
0.677359	1.93179	0.604436	2.22958									0.887477	1.58084				
0.67916	1.93344	0.606514	2.22958									0.88895	1.5824				
0.680962	1.93508	0.608591	2.22955									0.890425	1.58398				
0.682765	1.93666	0.610668	2.22953									0.891902	1.58555				
0.684571	1.93822	0.612746	2.22952									0.89338	1.5871				
0.686377	1.93981	0.614823	2.22951									0.894859	1.58871				
0.688185	1.94141	0.6169	2.22948									0.89634	1.59029				
0.689995	1.94298	0.618977	2.22949									0.897823	1.59188				
0.691806	1.94449	0.621054	2.2295									0.899307	1.59352				
0.693618	1.94602	0.623132	2.22943									0.900792	1.59511				
0.695432	1.94755	0.625209	2.22943									0.902279	1.59668				
0.697247	1.94905	0.627286	2.22947									0.903767	1.5983				
0.699064	1.95057	0.629363	2.22945									0.905257	1.59995				
0.700882	1.95206	0.63144	2.22941									0.906749	1.60159				
0.702701	1.9535	0.633517	2.22942									0.908242	1.60321				
0.704522	1.95499	0.635595	2.22939									0.909736	1.60483				
0.706344	1.95647	0.637672	2.22938									0.911232	1.60644				
0.708168	1.95791	0.639749	2.22941									0.912729	1.60805				
0.709992	1.95936	0.641826	2.22939									0.914228	1.6097				
0.711819	1.96078	0.643903	2.22934									0.915729	1.61137				
0.713646	1.96218	0.64598	2.22931									0.917231	1.61301				
0.715475	1.96358	0.648057	2.22934									0.918735	1.61467				
0.717305	1.96498	0.650134	2.22935									0.92024	1.6163				
0.719136	1.96637	0.652211	2.22932									0.921746	1.61793				
0.720969	1.96773	0.654288	2.22931									0.923255	1.61958				
0.722803	1.9691	0.656365	2.2293									0.924764	1.62125				
0.724638	1.97045	0.658442	2.22929									0.926276	1.62289				
0.726475	1.97178	0.660519	2.22929									0.927788	1.62456				
0.728313	1.97314	0.662596	2.22925									0.929303	1.62623				
0.730152	1.97448	0.664673	2.22924									0.930819	1.62783				
0.731992	1.97581	0.66675	2.22926									0.932336	1.62948				
0.733833	1.9771	0.668827	2.22924									0.933855	1.63118				
0.735676	1.97836	0.670904	2.22923									0.935376	1.63284				
0.73752	1.97965	0.672981	2.22922									0.936898	1.63447				
0.739365	1.98096	0.675058	2.22918									0.938421	1.63613				
0.741211	1.98224	0.677135	2.2292									0.939946	1.6378				
0.743058	1.9835	0.679212	2.22921									0.941473	1.63948				
0.744907	1.98475	0.681289	2.22918									0.943001	1.64113				
0.746757	1.98596	0.683366	2.22916									0.944531	1.64275				
0.748608	1.98723	0.685443	2.22919									0.946063	1.64441				
0.75046	1.98844	0.68752	2.22917									0.947595	1.64608				
0.752313	1.98964	0.689596	2.22912									0.94913	1.64772				
0.754167	1.99086	0.691673	2.22913									0.950666	1.64938				
0.756023	1.99206	0.69375	2.22914									0.952203	1.65102				
0.757879	1.99328	0.695827	2.2291									0.953742	1.65268				
0.759737	1.99444	0.697904	2.22909									0.955283	1.65435				
0.761596	1.9956	0.699981	2.22908									0.956825	1.65596				
0.763455	1.99681	0.702058	2.22907									0.958369	1.65764				
0.765316	1.99796	0.704134	2.22907									0.959914	1.65929				
0.767178	1.99908	0.706211	2.22907									0.96146	1.66092				
0.769042	2.00023	0.708288	2.22907									0.963009	1.66257				
0.770906	2.00136	0.710365	2.22907									0.964558	1.66421				
0.772771	2.00247	0.712442	2.22903									0.96611	1.66583				
0.774637	2.00361	0.714518	2.22902									0.967663	1.66748				
0.776504	2.00473	0.716595	2.22901									0.969217	1.66912				
0.778373	2.00584	0.718672	2.229									0.970773	1.67074				
0.780242	2.00694	0.720749	2.22904									0.97233	1.67239				
0.782112	2.00801	0.722825	2.22902									0.973889	1.67399				
0.783984	2.00909	0.724902	2.22897									0.975449	1.67563				
0.785856	2.01014	0.726979	2.22895									0.977011	1.67725				
0.787729	2.01122	0.729056	2.22897									0.978575	1.67887				
0.789604	2.01231	0.731132	2.22898									0.98014	1.68052				
0.791479	2.01333	0.733209	2.22895									0.981706	1.68212				
0.793355	2.01438	0.735286	2.22894									0.983274	1.68372				
0.795233	2.01543	0.737362	2.22893									0.984844	1.68537				
0.797111	2.01646	0.739439	2.22889									0.986415	1.68696				
0.79899	2.01749	0.741516	2.22891									0.987987	1.68852				
0.80087	2.01848	0.743592	2.22892									0.989561	1.69015				
0.802751	2.01949	0.745669	2.22888									0.991137	1.69176				
0.804633	2.02047	0.747746	2.2289									0.992714	1.69338				
0.806516	2.02147	0.749822	2.22888									0.994292	1.69495				
0.8084	2.02249	0.751899	2.22886									0.995872	1.69651				
0.810285	2.02347	0.753976	2.22886									0.997453	1.69813				
0.812171	2.02444	0.756052	2.22885									0.999036	1.69971				
0.814057	2.0254	0.758129	2.22885									1.00062	1.70048				
0.815945	2.02639	0.760205	2.22885														
0.817833	2.02733	0.762282	2.22881														
0.819722	2.02827	0.764359	2.2288														
0.821613	2.02922	0.766435	2.22882														
0.823504	2.03013	0.768512	2.2288														
0.825396	2.03106	0.770588	2.22879														
0.827288	2.03201	0.772665	2.22878														
0.829182	2.03295	0.774741	2.22878														
0.831077	2.03383	0.776818	2.22878														
0.832972	2.03471	0.778894	2.22878														
0.834868	2.03566	0.780971	2.22874														
0.836765	2.03654	0.783047	2.22872														
0.838663	2.03742	0.785124	2.22875														
0.840562	2.03833	0.7872	2.22873														
0.842461	2.03916	0.789277	2.22872														
0.844361	2.04004	0.791353	2.22871														
0.846262	2.04093	0.79343	2.22871														
0.848164	2.04177	0.795506	2.22871														
0.850067	2.04263	0.797583	2.2287														
0.851971	2.04347	0.799659	2.22867														
0.853875	2.04432	0.801736	2.22865														
0.85578	2.04516	0.803812	2.22868														
0.857686	2.04597	0.805889	2.22865														
0.859592	2.04682	0.807965	2.22864														
0.8615	2.04765	0.810041	2.22864														
0.863408	2.04843	0.812118	2.22863														
0.865317	2.04926	0.814194	2.22863														
0.867227	2.05008	0.816271	2.22863														
0.869137	2.05085	0.818347	2.22859														
0.871048	2.05164	0.820423	2.22858														
0.87296	2.05244	0.8225	2.2286														
0.874873	2.05324	0.824576	2.22862														
0.876786	2.05401	0.826653	2.22859														
0.8787	2.05479	0.828729	2.22854														
0.880615	2.05555	0.830805	2.22855														
0.88253	2.0563	0.832882	2.22855														
0.884446	2.05708	0.834958	2.22855														
0.886363	2.05783	0.837034	2.22856														
0.888281	2.05857	0.839111	2.22852														
0.890199	2.05935	0.841187	2.2285														
0.892118	2.0601	0.843263	2.22853														
0.894038	2.06081	0.845339	2.22851														
0.895958	2.06153	0.847416	2.2285														
0.89788	2.06225	0.849492	2.22849														
0.899801	2.06298	0.851568	2.22849														
0.901724	2.06371	0.853645	2.22849														
0.903647	2.06441	0.855721	2.22845														
0.90557	2.06512	0.857797	2.22847														
0.907495	2.06584	0.859873	2.22848														
0.90942	2.0665	0.86195	2.22844														
0.911346	2.06719	0.864026	2.22843														
0.913272	2.06794	0.866102	2.22842														
0.915199	2.06861	0.868178	2.22841														
0.917127	2.06927	0.870254	2.22845														
0.919055	2.06997	0.872331	2.22843														
0.920984	2.07065	0.874407	2.22838														
0.922913	2.07132	0.876483	2.22836														
0.924843	2.07195	0.878559	2.22839														
0.926774	2.07263	0.880635	2.2284														
0.928705	2.0733	0.882711	2.22837														
0.930637	2.07392	0.884788	2.22835														
0.93257	2.0746	0.886864	2.22835														
0.934503	2.07524	0.88894	2.22834														
0.936437	2.07588	0.891016	2.22834														
0.938371	2.07653	0.893092	2.22834														
0.940306	2.07715	0.895168	2.22834														
0.942242	2.07779	0.897244	2.22834														
0.944178	2.07841	0.899321	2.2283														
0.946115	2.07904	0.901397	2.22828														
0.948052	2.07965	0.903473	2.22831														
0.94999	2.08025	0.905549	2.22829														
0.951929	2.08088	0.907625	2.22828														
0.953868	2.08149	0.909701	2.22831														
0.955807	2.08208	0.911777	2.22829														
0.957747	2.08268	0.913853	2.22824														
0.959688	2.0833	0.915929	2.22825														
0.961629	2.08391	0.918005	2.22826														
0.963571	2.08447	0.920081	2.22822														
0.965513	2.08504	0.922157	2.22824														
0.967456	2.08562	0.924233	2.22822														
0.9694	2.08624	0.926309	2.2282														
0.971344	2.0868	0.928385	2.22823														
0.973288	2.08734	0.930461	2.22821														
0.975233	2.08794	0.932537	2.2282														
0.977179	2.0885	0.934613	2.22816														
0.979125	2.08907	0.936689	2.22818														
0.981072	2.08965	0.938765	2.22818														
0.983019	2.09019	0.940841	2.22815														
0.984967	2.09072	0.942917	2.22817														
0.986915	2.09128	0.944993	2.22814														
0.988863	2.09181	0.947069	2.22813														
0.990813	2.09234	0.949145	2.22816														
0.992762	2.09293	0.951221	2.22814														
0.994712	2.09344	0.953297	2.22813														
0.996663	2.09396	0.955373	2.22812														
0.998614	2.09451	0.957449	2.22808														
1.00057	2.09477	0.959525	2.2281														
		0.961601	2.22811														
		0.963677	2.22808														
		0.965753	2.2281														
		0.967828	2.22807														
		0.969904	2.22806														
		0.97198	2.22809														
		0.974056	2.22807														
		0.976132	2.22802														
		0.978208	2.22803														
		0.980284	2.22804														
		0.982359	2.228														
		0.984435	2.22802														
		0.986511	2.22803														
		0.988587	2.228														
		0.990663	2.22799														
		0.992739	2.22802														
		0.994814	2.22799														
		0.99689	2.22795														
		0.998966	2.22796														
		1.00104	2.22799														
