Sym0		Asym0		Sym1		Sym2		Sym3		Sym4		Asym1		Asym2		Asym3	
477  Points		496  Points		248  Points		175  Points		152  Points		116  Points		384  Points		195  Points		155  Points	
Freq (MHz)	Vgr (m/ms)	Freq (MHz)	Vgr (m/ms)	Freq (MHz)	Vgr (m/ms)	Freq (MHz)	Vgr (m/ms)	Freq (MHz)	Vgr (m/ms)	Freq (MHz)	Vgr (m/ms)	Freq (MHz)	Vgr (m/ms)	Freq (MHz)	Vgr (m/ms)	Freq (MHz)	Vgr (m/ms)
0.00149191	6.0158	6.42541e-005	0.230321	0.27952	0.0838197	0.435041	0.0460417	0.559029	0.0628304	0.83854	0.0471671	0.13977	0.221903	0.419268	0.0580737	0.698777	0.0388815
0.0070968	6.0153	0.000278843	0.310037	0.279598	0.123609	0.435084	0.0719478	0.559087	0.0890735	0.838584	0.063058	0.139976	0.350907	0.419322	0.0898628	0.698813	0.0568148
0.0127008	6.01378	0.000641974	0.46752	0.27975	0.203061	0.435175	0.123812	0.559195	0.141582	0.838657	0.0948373	0.140423	0.607183	0.419435	0.153443	0.698883	0.0926705
0.0183028	6.01141	0.00115001	0.6204	0.279976	0.282276	0.435315	0.175757	0.559351	0.194012	0.83876	0.126609	0.141108	0.859139	0.419608	0.216883	0.698986	0.128493
0.0239023	6.0082	0.00179802	0.767444	0.280276	0.361166	0.435503	0.227867	0.559556	0.246356	0.838893	0.158364	0.142024	1.10524	0.419839	0.280188	0.699122	0.16425
0.0294984	6.00405	0.00258006	0.907578	0.280649	0.439552	0.435739	0.280229	0.55981	0.298676	0.839056	0.190089	0.143167	1.34402	0.42013	0.343371	0.699292	0.200021
0.0350902	5.99906	0.00348919	1.0399	0.281095	0.517368	0.436025	0.332879	0.560113	0.350874	0.839247	0.221824	0.144529	1.57431	0.420479	0.406381	0.699495	0.235749
0.040677	5.99316	0.00451779	1.16391	0.281613	0.594557	0.43636	0.385812	0.560464	0.402903	0.839469	0.253506	0.146101	1.79532	0.420887	0.469195	0.699731	0.271388
0.0462578	5.98629	0.005658	1.27929	0.282203	0.671006	0.436744	0.439089	0.560864	0.454813	0.83972	0.285158	0.147874	2.00634	0.421354	0.531687	0.700001	0.306998
0.0518318	5.97847	0.00690161	1.38583	0.282864	0.746634	0.437178	0.492835	0.561312	0.506557	0.84	0.316747	0.149839	2.20697	0.421878	0.593903	0.700303	0.342548
0.0573981	5.96972	0.00824035	1.48364	0.283594	0.821425	0.437662	0.547006	0.561808	0.558116	0.84031	0.348284	0.151987	2.39699	0.42246	0.655859	0.700639	0.378053
0.0629557	5.95998	0.0096662	1.57297	0.284394	0.895275	0.438197	0.601663	0.562352	0.609526	0.840649	0.379865	0.154306	2.57643	0.4231	0.717442	0.701008	0.413467
0.0685038	5.94914	0.0111714	1.65407	0.285263	0.968048	0.438783	0.656925	0.562943	0.66071	0.841018	0.411313	0.156787	2.74546	0.423797	0.778646	0.701409	0.448774
0.0740413	5.93721	0.0127484	1.72737	0.286198	1.03984	0.439421	0.712735	0.563583	0.711662	0.841416	0.442714	0.159422	2.90429	0.424551	0.839456	0.701844	0.48401
0.0795672	5.92418	0.0143902	1.7934	0.2872	1.11055	0.440112	0.769132	0.56427	0.76237	0.841843	0.474095	0.162199	3.05329	0.425361	0.899847	0.702311	0.51918
0.0850803	5.90999	0.0160902	1.85258	0.288268	1.18011	0.440855	0.826187	0.565003	0.812809	0.842299	0.505364	0.165111	3.19285	0.426228	0.959763	0.702811	0.554218
0.0905798	5.89457	0.0178423	1.90546	0.289399	1.24855	0.441651	0.883902	0.565784	0.863004	0.842784	0.536553	0.168149	3.32344	0.42715	1.01917	0.703344	0.589136
0.0960642	5.87787	0.0196408	1.95256	0.290594	1.31586	0.442502	0.94235	0.566611	0.912929	0.843299	0.567731	0.171304	3.44553	0.428127	1.07807	0.703909	0.623964
0.101533	5.85985	0.0214806	1.9944	0.291851	1.38207	0.443407	1.00153	0.567485	0.962535	0.843842	0.598811	0.174569	3.55964	0.429159	1.13648	0.704507	0.658683
0.106983	5.84043	0.0233571	2.03148	0.293169	1.44718	0.444368	1.06144	0.568405	1.01187	0.844415	0.629772	0.177937	3.66635	0.430245	1.19434	0.705137	0.693257
0.112416	5.81954	0.0252661	2.06418	0.294548	1.51119	0.445385	1.12216	0.569371	1.06088	0.845016	0.660711	0.18095	3.75359	0.431384	1.25161	0.705799	0.727688
0.117827	5.7971	0.0272035	2.09304	0.295985	1.57417	0.446459	1.18361	0.570382	1.10954	0.845646	0.691535	0.183573	3.82399	0.432577	1.30828	0.706493	0.76198
0.123218	5.77302	0.0291662	2.1184	0.297481	1.63618	0.44759	1.2458	0.571438	1.15785	0.846305	0.722275	0.185778	3.87957	0.433822	1.36434	0.707218	0.79614
0.128585	5.74721	0.0311509	2.14061	0.299034	1.6973	0.44878	1.3088	0.572539	1.20585	0.846992	0.75292	0.187543	3.92183	0.435119	1.41979	0.707976	0.830183
0.133927	5.71959	0.033155	2.16007	0.300644	1.75765	0.450029	1.37262	0.573685	1.25351	0.847707	0.783449	0.188853	3.95191	0.436468	1.47457	0.708765	0.864066
0.139243	5.69007	0.035176	2.17701	0.302309	1.81725	0.451338	1.43719	0.574875	1.30078	0.848452	0.81389	0.189697	3.97076	0.437867	1.52869	0.709586	0.897773
0.14453	5.65849	0.0372116	2.19185	0.30403	1.87626	0.452707	1.50253	0.576109	1.34771	0.849224	0.844231	0.190917	3.99733	0.439316	1.58214	0.710438	0.93135
0.149787	5.62477	0.0389961	2.20316	0.305806	1.93488	0.454138	1.56862	0.577387	1.39426	0.850025	0.874445	0.192252	4.02552	0.440815	1.63492	0.711322	0.964738
0.155011	5.58884	0.0405241	2.21169	0.307636	1.99316	0.45563	1.63539	0.578707	1.4404	0.850854	0.904549	0.194082	4.06279	0.442363	1.68702	0.712236	0.997897
0.160201	5.55051	0.0417918	2.21812	0.30952	2.05127	0.457185	1.70286	0.580071	1.48617	0.85171	0.934582	0.19642	4.10803	0.443959	1.73841	0.713181	1.03096
0.165354	5.50967	0.0427967	2.22284	0.311458	2.10941	0.458803	1.77102	0.581476	1.53158	0.852595	0.964472	0.199282	4.16017	0.445602	1.78911	0.714157	1.06384
0.170468	5.46616	0.0435369	2.22593	0.31345	2.16775	0.460485	1.8398	0.582924	1.57655	0.853507	0.994223	0.202684	4.21805	0.447292	1.83909	0.715163	1.09649
0.175539	5.41985	0.0440111	2.2279	0.315497	2.22651	0.462232	1.90909	0.584414	1.62115	0.854448	1.02384	0.206644	4.28035	0.449029	1.8883	0.7162	1.12899
0.180567	5.37066	0.0446936	2.23067	0.317599	2.28586	0.464043	1.97899	0.585945	1.66539	0.855415	1.05334	0.21066	4.33849	0.450811	1.93685	0.717267	1.16131
0.185547	5.31836	0.0454363	2.23335	0.319757	2.34596	0.465919	2.04934	0.587517	1.70918	0.85641	1.08276	0.214728	4.39258	0.452638	1.98465	0.718364	1.19343
0.190477	5.26291	0.0464478	2.23692	0.321683	2.39908	0.467861	2.12011	0.58913	1.75259	0.857433	1.11199	0.218845	4.44298	0.454509	2.03176	0.719491	1.22537
0.195354	5.20414	0.0477293	2.24101	0.323359	2.44503	0.46987	2.19125	0.590783	1.79561	0.858482	1.14109	0.223007	4.48983	0.456424	2.07815	0.720648	1.2571
0.200174	5.14191	0.0492819	2.24536	0.324769	2.48367	0.471945	2.26264	0.592476	1.83823	0.859559	1.17008	0.227211	4.53335	0.458382	2.12377	0.721833	1.28862
0.204935	5.07619	0.0511069	2.24993	0.3259	2.51447	0.474086	2.33429	0.594209	1.88047	0.860663	1.19889	0.231455	4.57376	0.460381	2.16873	0.723049	1.31996
0.209633	5.00685	0.0532055	2.25434	0.326741	2.53741	0.476294	2.40604	0.59598	1.92232	0.861793	1.22758	0.235734	4.61117	0.462423	2.213	0.724293	1.35107
0.214265	4.9338	0.0553077	2.25805	0.327283	2.55229	0.478569	2.47791	0.597791	1.96376	0.86295	1.2561	0.240047	4.64581	0.464505	2.25651	0.725566	1.382
0.218827	4.85705	0.0574131	2.26111	0.328067	2.57366	0.480912	2.5498	0.599639	2.00482	0.864134	1.28452	0.244391	4.67778	0.466627	2.29936	0.726868	1.41275
0.223316	4.77667	0.059521	2.2636	0.328928	2.5971	0.483321	2.62159	0.601526	2.04548	0.865344	1.31278	0.248763	4.70724	0.46879	2.34155	0.728199	1.44325
0.227728	4.69265	0.061631	2.26564	0.33011	2.62947	0.485797	2.69324	0.603451	2.08579	0.86658	1.34081	0.253162	4.73434	0.470991	2.38302	0.729558	1.47358
0.23206	4.6051	0.0637428	2.26722	0.331627	2.67095	0.488339	2.76461	0.605413	2.12576	0.867842	1.36874	0.257585	4.75914	0.47323	2.42384	0.730945	1.50369
0.236309	4.51416	0.0658557	2.26841	0.333493	2.72211	0.490948	2.83573	0.607412	2.16535	0.869131	1.39656	0.26203	4.78176	0.475507	2.46402	0.73236	1.53358
0.240471	4.42003	0.0679697	2.26929	0.335728	2.78352	0.493623	2.90648	0.609448	2.20454	0.870445	1.42415	0.266496	4.80233	0.477822	2.50359	0.733802	1.56327
0.244545	4.32304	0.0700843	2.26988	0.338354	2.85582	0.496364	2.97671	0.61152	2.24344	0.871784	1.45157	0.270979	4.82086	0.480172	2.54252	0.735273	1.59276
0.248527	4.22345	0.0721994	2.27025	0.341049	2.93013	0.49917	3.04643	0.613628	2.28198	0.873149	1.47888	0.275479	4.83752	0.482559	2.58082	0.73677	1.62207
0.252415	4.12161	0.0743147	2.2704	0.343814	3.00654	0.502041	3.11554	0.615772	2.32017	0.87454	1.50602	0.279993	4.85233	0.484982	2.61854	0.738295	1.65112
0.256207	4.01799	0.07643	2.2704	0.346651	3.08503	0.504976	3.18398	0.617952	2.35809	0.875956	1.53297	0.284521	4.86537	0.487439	2.65575	0.739847	1.67998
0.259902	3.91307	0.0785453	2.27025	0.349563	3.16536	0.507974	3.25171	0.620166	2.3957	0.877397	1.55979	0.289059	4.87673	0.48993	2.69237	0.741426	1.70871
0.263499	3.8073	0.0806604	2.26992	0.35255	3.24742	0.511035	3.31861	0.622416	2.43298	0.878862	1.5864	0.293608	4.88637	0.492456	2.72847	0.743031	1.73716
0.266996	3.70123	0.0827751	2.26954	0.355614	3.33104	0.514158	3.38459	0.6247	2.46997	0.880353	1.61281	0.298165	4.89448	0.494684	2.75954	0.744663	1.76542
0.270396	3.59536	0.0848894	2.26905	0.358757	3.41592	0.517342	3.44968	0.627018	2.50675	0.881868	1.63912	0.302728	4.90102	0.496603	2.78567	0.746321	1.79352
0.273696	3.49018	0.0870032	2.26848	0.361979	3.50165	0.520586	3.51388	0.629371	2.54324	0.883407	1.66523	0.307297	4.90598	0.498203	2.80716	0.748005	1.82138
0.276899	3.38626	0.0891165	2.26783	0.365282	3.58787	0.523461	3.56893	0.631757	2.57945	0.884971	1.69114	0.31187	4.90952	0.499477	2.82394	0.749715	1.84904
0.280006	3.28403	0.0912291	2.26714	0.368665	3.67423	0.525947	3.6152	0.634177	2.61548	0.886558	1.7169	0.316445	4.91166	0.500419	2.83631	0.75145	1.87654
0.283019	3.18394	0.093341	2.26646	0.372128	3.76025	0.528027	3.65308	0.636631	2.65136	0.88817	1.74249	0.321022	4.91233	0.501024	2.84417	0.753211	1.90386
0.285939	3.08637	0.0954524	2.26572	0.375672	3.84553	0.529687	3.68265	0.639118	2.68701	0.889805	1.76789	0.325599	4.91163	0.501896	2.85534	0.754998	1.93095
0.28877	2.99165	0.097563	2.26491	0.379294	3.92955	0.530916	3.70425	0.641638	2.72248	0.891464	1.79313	0.330175	4.90957	0.502848	2.86752	0.756809	1.95788
0.291513	2.90005	0.0996728	2.26414	0.382994	4.01184	0.531707	3.71804	0.644191	2.75784	0.893146	1.81818	0.334747	4.90615	0.50415	2.88398	0.758646	1.98463
0.294174	2.81185	0.101782	2.26335	0.38677	4.09206	0.532848	3.73765	0.646777	2.79303	0.894852	1.84302	0.339317	4.90144	0.505806	2.9047	0.760507	2.0112
0.296753	2.72715	0.10389	2.26252	0.390619	4.16985	0.534095	3.75882	0.649395	2.82811	0.896581	1.86773	0.343881	4.89542	0.507825	2.92944	0.762394	2.0376
0.299255	2.64608	0.105998	2.26173	0.39454	4.24482	0.535803	3.7874	0.652047	2.86319	0.898332	1.89225	0.348439	4.88813	0.510215	2.95824	0.764304	2.06381
0.301684	2.56875	0.108105	2.26094	0.398529	4.3167	0.53798	3.82308	0.654731	2.89819	0.900107	1.91659	0.352989	4.8795	0.512987	2.991	0.766239	2.08987
0.304042	2.49517	0.110211	2.2601	0.402583	4.38526	0.540641	3.86559	0.657447	2.93311	0.901904	1.94075	0.357531	4.86966	0.515789	3.02346	0.768199	2.11576
0.306333	2.42529	0.112316	2.25932	0.4067	4.45023	0.5438	3.91459	0.660196	2.96809	0.903723	1.96467	0.362063	4.85859	0.518621	3.05562	0.770182	2.14148
0.308561	2.35906	0.114421	2.25856	0.410876	4.51157	0.547473	3.96966	0.662978	3.0031	0.905565	1.98849	0.366585	4.84624	0.521483	3.08745	0.772189	2.16705
0.310729	2.29648	0.116525	2.25778	0.415107	4.5692	0.551197	4.02337	0.665429	3.03367	0.907428	2.01211	0.371094	4.83267	0.524374	3.11907	0.77422	2.19241
0.31284	2.23738	0.118628	2.25702	0.41939	4.62302	0.55497	4.07576	0.667537	3.05973	0.909314	2.03554	0.37559	4.81786	0.527295	3.15049	0.776274	2.21765
0.314898	2.18165	0.120731	2.25628	0.423722	4.67304	0.558792	4.12678	0.669295	3.08141	0.911221	2.05881	0.380071	4.80181	0.530244	3.18161	0.778352	2.24278
0.316906	2.12923	0.122832	2.25557	0.428098	4.71929	0.56266	4.17635	0.670693	3.09855	0.91315	2.08186	0.384537	4.7846	0.533223	3.21262	0.780453	2.26771
0.318866	2.07998	0.124934	2.25486	0.432515	4.76194	0.566574	4.2245	0.671726	3.11107	0.915101	2.10473	0.388987	4.76618	0.536231	3.24348	0.782578	2.2925
0.320781	2.03362	0.127034	2.25413	0.436971	4.80091	0.570532	4.2712	0.672389	3.11919	0.917072	2.12747	0.393419	4.74649	0.539267	3.27417	0.784725	2.3172
0.322417	1.99551	0.129134	2.25344	0.441461	4.83636	0.574533	4.31646	0.673346	3.13093	0.919065	2.15003	0.397831	4.72567	0.542332	3.30479	0.786896	2.34169
0.323787	1.9647	0.131233	2.2528	0.445983	4.86852	0.578575	4.36018	0.67439	3.14357	0.921079	2.17237	0.402224	4.70368	0.545425	3.33526	0.789089	2.36606
0.324904	1.94031	0.133332	2.25215	0.450533	4.89738	0.582657	4.40236	0.675816	3.16087	0.923113	2.19456	0.406596	4.68049	0.548547	3.3657	0.791305	2.39033
0.325778	1.92165	0.13543	2.2515	0.455109	4.92309	0.586778	4.44301	0.677632	3.18287	0.925168	2.2166	0.410946	4.65615	0.551697	3.39608	0.793543	2.41441
0.326415	1.90837	0.137527	2.25092	0.459707	4.9459	0.590936	4.48212	0.679844	3.20951	0.927243	2.23841	0.415272	4.63065	0.554875	3.42639	0.795804	2.43839
0.326821	1.9001	0.139624	2.25033	0.464325	4.96588	0.59513	4.51962	0.682462	3.24103	0.929339	2.26008	0.419575	4.60402	0.558082	3.45667	0.798087	2.46227
0.327401	1.88845	0.14172	2.24975	0.46896	4.98316	0.599358	4.55551	0.685499	3.2775	0.931455	2.28157	0.423852	4.57628	0.561316	3.4869	0.800094	2.48299
0.328027	1.87598	0.143816	2.24916	0.473611	4.99791	0.603619	4.58975	0.68857	3.3143	0.93359	2.30289	0.428102	4.54743	0.564579	3.51717	0.801819	2.5005
0.328872	1.85944	0.145911	2.24861	0.478273	5.01023	0.607911	4.62232	0.691675	3.35149	0.935746	2.32406	0.432325	4.51748	0.56787	3.54744	0.803254	2.515
0.32993	1.83944	0.148006	2.24812	0.482947	5.02031	0.612232	4.65326	0.694815	3.38919	0.937921	2.34501	0.43652	4.4865	0.571189	3.57762	0.804395	2.52644
0.331195	1.81626	0.150101	2.24761	0.487628	5.0282	0.616582	4.68242	0.69799	3.42735	0.940116	2.36583	0.440685	4.45446	0.574537	3.60783	0.805237	2.53485
0.332659	1.79052	0.152194	2.24707	0.492316	5.03406	0.620957	4.70986	0.701201	3.46606	0.94233	2.38651	0.44482	4.42141	0.577912	3.63807	0.805777	2.54016
0.334314	1.76283	0.154288	2.24658	0.497009	5.03805	0.625358	4.73555	0.704449	3.5054	0.944563	2.407	0.448924	4.38745	0.581316	3.66823	0.806556	2.54774
0.335944	1.73694	0.156381	2.24615	0.501704	5.04019	0.629782	4.75942	0.707733	3.54537	0.946815	2.42733	0.452996	4.35249	0.584747	3.69837	0.807405	2.55613
0.337551	1.71282	0.158473	2.24568	0.5064	5.04063	0.634227	4.78143	0.711055	3.58604	0.949086	2.44748	0.457034	4.31666	0.588207	3.72849	0.808564	2.56744
0.339136	1.69029	0.160565	2.24522	0.511097	5.03947	0.638691	4.80162	0.714415	3.6275	0.951375	2.46749	0.461039	4.27996	0.591695	3.75853	0.810038	2.58167
0.3407	1.66932	0.162657	2.24481	0.515791	5.03676	0.643174	4.81992	0.717815	3.66977	0.953684	2.48736	0.46501	4.24239	0.595211	3.78849	0.811831	2.5989
0.342246	1.64986	0.164748	2.24438	0.520482	5.03258	0.647673	4.83625	0.721254	3.71288	0.95601	2.50705	0.468945	4.20412	0.598754	3.81837	0.813949	2.61898
0.343775	1.63175	0.166839	2.24399	0.525169	5.02709	0.652186	4.85068	0.724733	3.75688	0.958355	2.52657	0.472844	4.16513	0.602326	3.84807	0.8164	2.64189
0.345287	1.61493	0.16893	2.24357	0.529849	5.02032	0.656711	4.86316	0.728254	3.80184	0.960413	2.54352	0.476706	4.12539	0.605925	3.87764	0.818872	2.6647
0.346784	1.5993	0.17102	2.24318	0.534523	5.01224	0.661248	4.87365	0.731818	3.84776	0.962179	2.55785	0.480531	4.08508	0.609551	3.90704	0.821365	2.68738
0.348267	1.58486	0.17311	2.24287	0.539189	5.00304	0.665793	4.88216	0.735424	3.8947	0.963646	2.56959	0.484318	4.04424	0.613205	3.93617	0.823879	2.71
0.349737	1.57145	0.175199	2.2425	0.543846	4.99276	0.670345	4.88865	0.739075	3.94271	0.964811	2.57896	0.488067	4.00283	0.616886	3.96505	0.826415	2.73248
0.351195	1.55907	0.177288	2.24213	0.548493	4.98144	0.674902	4.89313	0.742771	3.99177	0.96567	2.58584	0.491777	3.961	0.620594	3.99363	0.828971	2.75482
0.352642	1.54765	0.179377	2.2418	0.553128	4.96911	0.679463	4.89563	0.746513	4.04189	0.966221	2.59007	0.495448	3.91877	0.624328	4.02191	0.831548	2.77712
0.354079	1.5371	0.181466	2.24145	0.557752	4.95584	0.684025	4.89615	0.750303	4.09307	0.967015	2.59623	0.499079	3.87623	0.628088	4.04981	0.834146	2.79926
0.355506	1.52743	0.183554	2.24117	0.562363	4.94162	0.688586	4.89473	0.75414	4.14531	0.96788	2.60307	0.502671	3.83347	0.631874	4.07728	0.836764	2.82124
0.356925	1.51849	0.185642	2.24088	0.56696	4.92653	0.693146	4.89138	0.758027	4.19861	0.96906	2.61226	0.506222	3.79044	0.635686	4.10427	0.839403	2.84314
0.358336	1.51036	0.187729	2.24055	0.571543	4.91068	0.697701	4.88622	0.761964	4.25287	0.970559	2.62377	0.509734	3.74725	0.639522	4.13077	0.842062	2.86497
0.35974	1.50293	0.189817	2.24024	0.576111	4.89399	0.70225	4.87929	0.765952	4.30805	0.972379	2.63763	0.513205	3.70405	0.643383	4.15676	0.844742	2.88669
0.361136	1.49614	0.191904	2.23998	0.580663	4.87653	0.706793	4.87058	0.769991	4.3641	0.974528	2.65386	0.516636	3.6608	0.647268	4.18221	0.847441	2.90824
0.362527	1.48999	0.193991	2.23973	0.585198	4.85839	0.711326	4.86034	0.774084	4.42094	0.977009	2.67229	0.520026	3.61757	0.651176	4.20698	0.850161	2.92967
0.363913	1.48443	0.196077	2.23943	0.589716	4.83954	0.715849	4.84862	0.778229	4.47844	0.979507	2.69065	0.523377	3.57442	0.655107	4.23112	0.8529	2.95101
0.365294	1.47942	0.198164	2.23917	0.594216	4.82001	0.720361	4.83555	0.782429	4.53649	0.982023	2.70885	0.526687	3.53143	0.65906	4.25458	0.85566	2.97226
0.36667	1.47493	0.20025	2.23896	0.598697	4.79985	0.72486	4.82125	0.786682	4.59495	0.984555	2.72692	0.529957	3.48865	0.663035	4.2773	0.858439	2.99336
0.368042	1.47093	0.202336	2.23868	0.60316	4.77907	0.729345	4.80589	0.790991	4.65367	0.987104	2.74492	0.533188	3.4461	0.66703	4.29931	0.861237	3.01435
0.369411	1.46739	0.204421	2.23843	0.607602	4.7577	0.733815	4.78965	0.795354	4.71254	0.98967	2.76279	0.536379	3.40384	0.671046	4.32054	0.864056	3.03524
0.370776	1.46434	0.206507	2.23823	0.612025	4.73573	0.73827	4.77266	0.799772	4.77138	0.992252	2.78051	0.53953	3.36194	0.675081	4.34093	0.866893	3.05598
0.372139	1.46168	0.208592	2.23802	0.616427	4.71325	0.742709	4.75513	0.804245	4.82999	0.994851	2.79816	0.542643	3.32041	0.679135	4.36046	0.86975	3.0766
0.3735	1.45936	0.210677	2.2378	0.620808	4.69025	0.747131	4.73724	0.808772	4.88826	0.997466	2.8157	0.545718	3.27929	0.683207	4.3792	0.872626	3.09713
0.374859	1.45747	0.212762	2.23755	0.625167	4.6667	0.751536	4.71918	0.813354	4.946	1.0001	2.82443	0.548754	3.23862	0.687295	4.3971	0.875521	3.11754
0.376216	1.4559	0.214846	2.23735	0.629504	4.6427	0.755924	4.70103	0.817989	5.00303			0.551752	3.19844	0.6914	4.41407	0.878435	3.13778
0.377571	1.45468	0.216931	2.23717	0.633818	4.61824	0.760296	4.68302	0.822676	5.05923			0.554714	3.15875	0.69552	4.4301	0.881368	3.15793
0.378926	1.45377	0.219015	2.23698	0.638109	4.59331	0.764651	4.66529	0.827416	5.11443			0.557638	3.11961	0.699655	4.44526	0.88432	3.17797
0.38028	1.45314	0.221099	2.23677	0.642377	4.56795	0.768989	4.64797	0.832207	5.16854			0.560527	3.08104	0.703804	4.45954	0.88729	3.19787
0.381634	1.45282	0.223183	2.23659	0.646621	4.54224	0.773312	4.63122	0.837047	5.22142			0.56338	3.04303	0.707965	4.47287	0.890279	3.21768
0.382988	1.4527	0.225267	2.23639	0.650841	4.51609	0.777619	4.61515	0.841936	5.27294			0.566197	3.00561	0.712138	4.48524	0.893286	3.23732
0.384341	1.45286	0.22735	2.23622	0.655036	4.48957	0.781911	4.5998	0.846873	5.32305			0.56898	2.96885	0.716323	4.49671	0.896311	3.25685
0.385695	1.45326	0.229434	2.23606	0.659207	4.46276	0.78619	4.58527	0.851855	5.3717			0.571729	2.9327	0.720517	4.50723	0.899355	3.27628
0.387049	1.45387	0.231517	2.23587	0.663352	4.43559	0.790456	4.57163	0.856882	5.4188			0.574445	2.89716	0.724721	4.51686	0.902416	3.29559
0.388404	1.45469	0.2336	2.23574	0.667472	4.40809	0.794709	4.55888	0.861952	5.46428			0.577128	2.86225	0.728934	4.52551	0.905496	3.31476
0.38976	1.45572	0.235683	2.23557	0.671566	4.38031	0.798951	4.54709	0.867064	5.50812			0.579778	2.82803	0.733154	4.53328	0.908593	3.33376
0.391117	1.45693	0.237766	2.2354	0.675634	4.35225	0.803182	4.53632	0.872216	5.55036			0.582398	2.79447	0.737381	4.54017	0.911708	3.35271
0.392475	1.45831	0.239849	2.23529	0.679676	4.32393	0.807403	4.5265	0.877407	5.59096			0.584986	2.76154	0.741614	4.54607	0.91484	3.37153
0.393834	1.45983	0.241931	2.23512	0.683691	4.29542	0.811616	4.51764	0.882634	5.62994			0.587543	2.7293	0.745852	4.5511	0.91799	3.3902
0.395195	1.46151	0.244013	2.23496	0.68768	4.2667	0.815822	4.50973	0.887897	5.66727			0.590071	2.69768	0.750095	4.55531	0.921157	3.40876
0.396557	1.46334	0.246096	2.23481	0.691642	4.23777	0.82002	4.50288	0.893195	5.70299			0.59257	2.66671	0.754341	4.55858	0.924342	3.4272
0.397922	1.46532	0.248178	2.2347	0.695577	4.20865	0.828399	4.49153	0.898524	5.73715			0.59504	2.63643	0.758589	4.56099	0.927544	3.44554
0.399288	1.46744	0.25026	2.23457	0.699484	4.17941	0.832581	4.48696	0.903885	5.76976			0.597483	2.60679	0.76284	4.56259	0.930762	3.46371
0.400656	1.46968	0.252342	2.23439	0.703365	4.15003	0.83676	4.48326	0.909276	5.80086			0.599898	2.57776	0.767091	4.56332	0.933998	3.48181
0.402026	1.472	0.254423	2.23431	0.707217	4.12051	0.840935	4.48027	0.914694	5.83043			0.602286	2.54941	0.771343	4.56325	0.93725	3.49979
0.403399	1.47445	0.256505	2.23419	0.711043	4.09091	0.845108	4.47794	0.92014	5.85863			0.604648	2.52168	0.775594	4.56233	0.940519	3.51761
0.404774	1.47702	0.258587	2.23406	0.71484	4.06125	0.849279	4.47618	0.925611	5.88539			0.606985	2.49459	0.779844	4.56063	0.943805	3.53535
0.406151	1.47963	0.260668	2.23392	0.71861	4.03151	0.853449	4.47498	0.931107	5.91075			0.609297	2.46809	0.784092	4.5582	0.947107	3.55297
0.407531	1.48236	0.262749	2.23378	0.722353	4.00177	0.857618	4.47426	0.936625	5.93478			0.611584	2.4422	0.788338	4.55497	0.950426	3.57046
0.408913	1.48519	0.26483	2.2337	0.726067	3.97204	0.861786	4.47402	0.942166	5.95756			0.613848	2.41691	0.79258	4.55098	0.95376	3.58788
0.410298	1.48807	0.266911	2.23359	0.729754	3.94227	0.865955	4.47411	0.947727	5.97903			0.616088	2.39222	0.796818	4.54627	0.957111	3.60512
0.411686	1.49105	0.268992	2.23347	0.733413	3.91247	0.870123	4.47456	0.953307	5.99921			0.618305	2.36812	0.801052	4.54084	0.960478	3.62224
0.413077	1.49408	0.271073	2.23337	0.737045	3.88278	0.874293	4.47534	0.958905	6.01819			0.620501	2.34457	0.80528	4.53469	0.963861	3.6393
0.41447	1.49717	0.273154	2.23324	0.740648	3.85314	0.878463	4.47631	0.964521	6.036			0.622674	2.32159	0.809501	4.52787	0.967259	3.65621
0.415867	1.50032	0.275235	2.23314	0.744224	3.82356	0.882634	4.47746	0.970153	6.05263			0.624827	2.29919	0.813717	4.5204	0.970674	3.67302
0.417266	1.50355	0.277315	2.23306	0.747773	3.79405	0.886806	4.47876	0.9758	6.06813			0.626958	2.27733	0.817925	4.51227	0.974104	3.6897
0.418668	1.50681	0.279396	2.23298	0.751294	3.76465	0.890979	4.48018	0.98146	6.08243			0.62907	2.256	0.822125	4.50352	0.977549	3.70624
0.420074	1.51009	0.281476	2.23287	0.754788	3.73537	0.895154	4.4817	0.987133	6.09555			0.631162	2.23519	0.826317	4.49409	0.98101	3.72264
0.421482	1.51345	0.283556	2.23274	0.758255	3.7062	0.899331	4.48319	0.992819	6.10756			0.633235	2.21486	0.830499	4.4841	0.984486	3.73897
0.422894	1.51685	0.285637	2.23267	0.761694	3.67722	0.903508	4.48471	0.998514	6.11844			0.635289	2.19507	0.834672	4.47354	0.987977	3.75519
0.424309	1.52027	0.287717	2.2326	0.765107	3.64837	0.907687	4.4862	1.00422	6.12361			0.637325	2.17579	0.838835	4.46232	0.991483	3.77122
0.425727	1.52374	0.289797	2.2325	0.768493	3.6197	0.911868	4.48756					0.639344	2.157	0.842987	4.4506	0.995004	3.78714
0.427148	1.52723	0.291877	2.2324	0.771852	3.59119	0.916049	4.48887					0.641345	2.13867	0.847128	4.43837	0.99854	3.80297
0.428573	1.53077	0.293957	2.23232	0.775184	3.56284	0.920232	4.49004					0.643329	2.12079	0.851258	4.42562	1.00209	3.81086
0.43	1.5343	0.296036	2.23221	0.778491	3.53475	0.924416	4.49106					0.645297	2.10335	0.855375	4.41233		
0.431432	1.53786	0.298116	2.23215	0.781771	3.50686	0.928601	4.49193					0.647248	2.08639	0.85948	4.39854		
0.432866	1.54147	0.300196	2.23209	0.785025	3.47915	0.932786	4.49256					0.649184	2.0699	0.863571	4.38432		
0.434304	1.54511	0.302275	2.23198	0.788254	3.4517	0.936972	4.49298					0.651105	2.05381	0.867649	4.36963		
0.435745	1.54872	0.304355	2.23189	0.791457	3.42447	0.941159	4.49319					0.653011	2.03811	0.871713	4.35449		
0.43719	1.55232	0.306434	2.23181	0.794635	3.39745	0.945345	4.49311					0.654903	2.02287	0.875763	4.33893		
0.438638	1.55602	0.308514	2.23177	0.797788	3.37072	0.949531	4.49278					0.656781	2.00799	0.879799	4.32295		
0.440089	1.55971	0.310593	2.23168	0.800916	3.34424	0.953717	4.49217					0.658645	1.99352	0.883819	4.30661		
0.441544	1.56334	0.312672	2.23159	0.80402	3.31797	0.957902	4.49125					0.660496	1.97944	0.887823	4.28995		
0.443002	1.56703	0.314751	2.23155	0.807099	3.29198	0.962086	4.49005					0.662333	1.96574	0.891813	4.27286		
0.444464	1.57074	0.31683	2.23149	0.810154	3.26627	0.966268	4.48854					0.664158	1.9524	0.895785	4.25542		
0.445929	1.57439	0.318909	2.23139	0.813185	3.24082	0.970449	4.48665					0.665971	1.9394	0.899742	4.23773		
0.447398	1.57808	0.320988	2.2313	0.816193	3.21565	0.974629	4.48446					0.667772	1.92678	0.903682	4.21969		
0.44887	1.58183	0.323067	2.23126	0.819177	3.19068	0.978806	4.48197					0.669562	1.9145	0.907605	4.20137		
0.450345	1.5855	0.325146	2.2312	0.822138	3.16604	0.98298	4.47908					0.67134	1.90258	0.911511	4.18279		
0.451824	1.5892	0.327225	2.23113	0.825077	3.14167	0.987152	4.47584					0.673107	1.89094	0.915399	4.16395		
0.453307	1.59292	0.329303	2.23107	0.827992	3.11758	0.991321	4.47231					0.674863	1.87963	0.91927	4.14486		
0.454793	1.59658	0.331382	2.23103	0.830886	3.09375	0.995486	4.46839					0.676609	1.8687	0.923123	4.12557		
0.456282	1.60027	0.333461	2.23098	0.833757	3.07019	0.999647	4.46409					0.678345	1.85799	0.926957	4.10608		
0.457774	1.60395	0.335539	2.23088	0.836607	3.04694	1.0038	4.46184					0.680072	1.84759	0.930774	4.08637		
0.459271	1.60762	0.337618	2.23083	0.839435	3.02393							0.681788	1.83755	0.934572	4.06652		
0.46077	1.61129	0.339696	2.23076	0.842242	3.00122							0.683496	1.82777	0.938351	4.04649		
0.462273	1.61495	0.341775	2.2307	0.845027	2.97877							0.685194	1.81823	0.942112	4.02633		
0.463779	1.61861	0.343853	2.23066	0.847792	2.95659							0.686884	1.80896	0.945854	4.00603		
0.465289	1.62224	0.345931	2.23061	0.850537	2.93466							0.688565	1.8	0.949577	3.98563		
0.466802	1.62588	0.348009	2.23055	0.853261	2.91304							0.690238	1.79131	0.953281	3.9651		
0.468319	1.6295	0.350088	2.23048	0.855965	2.89172							0.691903	1.78286	0.956965	3.94451		
0.469839	1.6331	0.352166	2.23044	0.858649	2.87059							0.69356	1.77465	0.960631	3.92385		
0.471362	1.6367	0.354244	2.23039	0.861314	2.84977							0.69521	1.7667	0.964277	3.90312		
0.472888	1.64025	0.356322	2.23033	0.863959	2.82925							0.696852	1.75898	0.967904	3.88239		
0.474418	1.64386	0.3584	2.23026	0.866586	2.80892							0.698487	1.75147	0.971511	3.86155		
0.475952	1.64743	0.360478	2.23022	0.869193	2.78887							0.700116	1.74419	0.975099	3.84073		
0.477488	1.65093	0.362555	2.23021	0.871783	2.76914							0.701737	1.73715	0.978668	3.81992		
0.479028	1.65447	0.364633	2.23013	0.874353	2.7496							0.703353	1.73033	0.982217	3.79904		
0.480571	1.65797	0.366711	2.23008	0.876906	2.73032							0.704962	1.72374	0.985747	3.77824		
0.482117	1.66147	0.368789	2.23006	0.879441	2.71133							0.706565	1.71729	0.989258	3.75744		
0.483667	1.66498	0.370867	2.22998	0.881958	2.69261							0.708162	1.71106	0.992749	3.73667		
0.48522	1.66842	0.372944	2.22994	0.884458	2.6741							0.709753	1.70509	0.996221	3.71596		
0.486776	1.67186	0.375022	2.22992	0.886941	2.6558							0.711339	1.69929	0.999673	3.69524		
0.488335	1.67531	0.377099	2.22983	0.889407	2.63782							0.712919	1.69364	1.00311	3.68489		
0.489898	1.67871	0.379177	2.22979	0.891857	2.62004							0.714495	1.68818				
0.491463	1.6821	0.381254	2.22977	0.894289	2.60247							0.716065	1.68288				
0.493032	1.68548	0.383332	2.22972	0.896706	2.58523							0.717631	1.67778				
0.494604	1.68881	0.385409	2.2297	0.899107	2.56818							0.719192	1.67289				
0.496179	1.69217	0.387487	2.22965	0.901492	2.55131							0.720748	1.66814				
0.497757	1.69549	0.389564	2.22959	0.903861	2.53471							0.7223	1.66352				
0.499338	1.6988	0.391641	2.22956	0.906215	2.51839							0.723848	1.6591				
0.500923	1.7021	0.393718	2.22951	0.908553	2.50224							0.725392	1.65479				
0.50251	1.70533	0.395796	2.22948	0.910877	2.48634							0.726931	1.65063				
0.5041	1.70859	0.397873	2.22943	0.913187	2.47065							0.728467	1.64668				
0.505694	1.71183	0.39995	2.22937	0.915481	2.45512							0.73	1.64283				
0.50729	1.71503	0.402027	2.22938	0.917761	2.43989							0.731529	1.63912				
0.50889	1.7182	0.404104	2.22934	0.920028	2.42487							0.733054	1.63558				
0.510492	1.72136	0.406181	2.22929	0.92228	2.41004							0.734576	1.63212				
0.512097	1.72452	0.408258	2.22923	0.924518	2.39545							0.736095	1.62882				
0.513705	1.72767	0.410335	2.2292	0.926743	2.38101							0.737611	1.62567				
0.515316	1.73078	0.412412	2.22918	0.928955	2.36679							0.739125	1.62259				
0.51693	1.73384	0.414489	2.22914	0.931154	2.35284							0.740635	1.61966				
0.518547	1.73691	0.416566	2.22911	0.933339	2.33905							0.742143	1.61687				
0.520167	1.73998	0.418643	2.22907	0.935512	2.32542							0.743648	1.61416				
0.52179	1.74302	0.420719	2.22904	0.937673	2.31205							0.74515	1.61156				
0.523415	1.746	0.422796	2.22903	0.939821	2.29884							0.746651	1.60909				
0.525043	1.749	0.424873	2.22895	0.941956	2.28583							0.748149	1.60676				
0.526674	1.75196	0.42695	2.22891	0.94408	2.27303							0.749645	1.60449				
0.528308	1.7549	0.429026	2.22893	0.946192	2.26036							0.751139	1.6023				
0.529944	1.75784	0.431103	2.2289	0.948292	2.24795							0.75263	1.60025				
0.531583	1.76077	0.43318	2.22881	0.950381	2.2357							0.75412	1.59827				
0.533225	1.76367	0.435256	2.22881	0.952458	2.22361							0.755609	1.5964				
0.53487	1.76651	0.437333	2.2288	0.954524	2.21174							0.757095	1.59463				
0.536517	1.76936	0.439409	2.22873	0.956579	2.20006							0.75858	1.59293				
0.538167	1.77221	0.441486	2.22869	0.958624	2.1885							0.760063	1.59135				
0.539819	1.77503	0.443562	2.22867	0.960657	2.17712							0.761545	1.58987				
0.541474	1.77779	0.445639	2.22866	0.96268	2.16597							0.763026	1.58843				
0.543132	1.78056	0.447715	2.22862	0.964693	2.15494							0.764505	1.58705				
0.544792	1.78334	0.449791	2.2286	0.966696	2.14408							0.765983	1.58577				
0.546455	1.78605	0.451868	2.22859	0.968689	2.13345							0.76746	1.58459				
0.54812	1.78876	0.453944	2.22855	0.970671	2.12293							0.768936	1.58348				
0.549788	1.79147	0.45602	2.22849	0.972644	2.11259							0.770411	1.58242				
0.551458	1.79414	0.458097	2.22846	0.974608	2.1024							0.771885	1.58144				
0.553131	1.7968	0.460173	2.22845	0.976562	2.09236							0.773358	1.58059				
0.554806	1.79944	0.462249	2.2284	0.978507	2.0825							0.77483	1.57976				
0.556484	1.80205	0.464325	2.22842	0.980442	2.07278							0.776301	1.57894				
0.558164	1.80463	0.466402	2.22839	0.982369	2.06323							0.777772	1.57824				
0.559847	1.80724	0.468478	2.22834	0.984287	2.05384							0.779242	1.57764				
0.561532	1.80979	0.470554	2.22831	0.986196	2.04457							0.780712	1.57708				
0.563219	1.81231	0.47263	2.22826	0.988097	2.03546							0.782181	1.57658				
0.564909	1.81485	0.474706	2.22824	0.989989	2.02655							0.78365	1.57611				
0.566601	1.81737	0.476782	2.22822	0.991873	2.01774							0.785118	1.57569				
0.568295	1.81984	0.478858	2.22822	0.993749	2.00901							0.786586	1.57533				
0.569992	1.82231	0.480934	2.22818	0.995617	2.00051							0.788053	1.57505				
0.571691	1.82476	0.48301	2.22816	0.997477	1.99216							0.789521	1.57483				
0.573392	1.82719	0.485086	2.22815	0.999329	1.98388							0.790988	1.57468				
0.575096	1.82962	0.487162	2.22811	1.00117	1.97978							0.792455	1.57454				
0.576802	1.832	0.489238	2.22809									0.793922	1.57443				
0.57851	1.83437	0.491314	2.22804									0.795389	1.57441				
0.58022	1.83672	0.493389	2.22802									0.796856	1.5744				
0.581932	1.83911	0.495465	2.228									0.798322	1.57447				
0.583647	1.84143	0.497541	2.228									0.799789	1.57458				
0.585364	1.8437	0.499617	2.22796									0.801256	1.5747				
0.587082	1.846	0.501693	2.22794									0.802724	1.57491				
0.588803	1.84829	0.503768	2.22793									0.804191	1.57517				
0.590526	1.85053	0.505844	2.22789									0.805659	1.5754				
0.592252	1.85278	0.50792	2.22787									0.807127	1.5757				
0.593979	1.85501	0.509996	2.22782									0.808595	1.57607				
0.595708	1.85719	0.512071	2.22783									0.810064	1.57644				
0.59744	1.85941	0.514147	2.2278									0.811532	1.57684				
0.599173	1.86158	0.516222	2.22775									0.813002	1.5773				
0.600908	1.8637	0.518298	2.22776									0.814472	1.57783				
0.602646	1.86585	0.520374	2.22773									0.815942	1.57834				
0.604385	1.86803	0.522449	2.22772									0.817413	1.57886				
0.606127	1.8701	0.524525	2.22771									0.818884	1.57944				
0.60787	1.87217	0.5266	2.22767									0.820356	1.58007				
0.609615	1.8743	0.528676	2.22765									0.821828	1.58075				
0.611362	1.87635	0.530751	2.2276									0.823301	1.58141				
0.613112	1.87837	0.532827	2.22758									0.824775	1.58208				
0.614863	1.8804	0.534902	2.2276									0.826249	1.58281				
0.616616	1.88241	0.536978	2.22758									0.827724	1.58358				
0.61837	1.88443	0.539053	2.22753									0.8292	1.58437				
0.620127	1.88644	0.541128	2.2275									0.830677	1.5852				
0.621885	1.88835	0.543204	2.22749									0.832154	1.58602				
0.623646	1.89034	0.545279	2.22749									0.833632	1.58684				
0.625408	1.89228	0.547354	2.22748									0.835111	1.58776				
0.627172	1.89417	0.54943	2.22745									0.836591	1.58865				
0.628937	1.8961	0.551505	2.22743									0.838071	1.58958				
0.630705	1.89802	0.55358	2.22742									0.839553	1.59052				
0.632474	1.89989	0.555655	2.22738									0.841035	1.59146				
0.634245	1.90175	0.557731	2.22735									0.842518	1.59249				
0.636018	1.90363	0.559806	2.22734									0.844002	1.59351				
0.637792	1.90544	0.561881	2.2273									0.845488	1.5945				
0.639568	1.90727	0.563956	2.22728									0.846974	1.59554				
0.641346	1.9091	0.566031	2.22731									0.848461	1.59665				
0.643126	1.91089	0.568107	2.22728									0.849949	1.59768				
0.644907	1.9127	0.570182	2.22724									0.851438	1.59878				
0.64669	1.91445	0.572257	2.22721									0.852928	1.59992				
0.648474	1.9162	0.574332	2.2272									0.854419	1.60103				
0.650261	1.91796	0.576407	2.22719									0.855911	1.60218				
0.652048	1.91968	0.578482	2.22719									0.857405	1.60334				
0.653838	1.92142	0.580557	2.22715									0.858899	1.6045				
0.655629	1.92309	0.582632	2.22713									0.860394	1.60571				
0.657421	1.92477	0.584707	2.22712									0.861891	1.60693				
0.659215	1.92649	0.586782	2.22708									0.863389	1.60809				
0.661011	1.92816	0.588857	2.2271									0.864887	1.60933				
0.662808	1.92983	0.590932	2.22707									0.866387	1.61058				
0.664607	1.93147	0.593007	2.22702									0.867889	1.61182				
0.666407	1.93306	0.595082	2.22703									0.869391	1.6131				
0.668209	1.9347	0.597157	2.22704									0.870894	1.6144				
0.670012	1.93633	0.599232	2.227									0.872399	1.61567				
0.671817	1.93791	0.601306	2.22698									0.873905	1.61693				
0.673624	1.9395	0.603381	2.22698									0.875412	1.61826				
0.675431	1.94107	0.605456	2.22694									0.876921	1.61958				
0.67724	1.94262	0.607531	2.22691									0.87843	1.6209				
0.679051	1.94417	0.609606	2.2269									0.879941	1.62226				
0.680863	1.94571	0.611681	2.2269									0.881453	1.62359				
0.682677	1.94725	0.613755	2.2269									0.882966	1.62492				
0.684492	1.94875	0.61583	2.22686									0.884481	1.62628				
0.686308	1.95024	0.617905	2.22684									0.885997	1.62766				
0.688126	1.95175	0.61998	2.22683									0.887514	1.62904				
0.689945	1.95324	0.622054	2.22679									0.889032	1.63043				
0.691765	1.95468	0.624129	2.22681									0.890552	1.63182				
0.693587	1.95616	0.626204	2.22678									0.892073	1.63321				
0.69541	1.9576	0.628278	2.22676									0.893595	1.6346				
0.697235	1.95902	0.630353	2.22675									0.895119	1.63603				
0.699061	1.9605	0.632428	2.22671									0.896644	1.63744				
0.700888	1.9619	0.634502	2.22673									0.89817	1.63884				
0.702717	1.96329	0.636577	2.2267									0.899698	1.64027				
0.704547	1.96468	0.638652	2.22665									0.901226	1.64172				
0.706378	1.96608	0.640726	2.22666									0.902757	1.64317				
0.70821	1.96747	0.642801	2.22667									0.904288	1.6446				
0.710044	1.96882	0.644875	2.22664									0.905821	1.64601				
0.711879	1.97016	0.64695	2.22662									0.907355	1.64748				
0.713715	1.97152	0.649024	2.22661									0.908891	1.64895				
0.715553	1.97286	0.651099	2.22657									0.910428	1.65038				
0.717391	1.97419	0.653173	2.22655									0.911966	1.65186				
0.719231	1.97552	0.655248	2.22657									0.913506	1.65334				
0.721072	1.9768	0.657322	2.22655									0.915047	1.65477				
0.722915	1.9781	0.659397	2.22654									0.91659	1.65626				
0.724758	1.97938	0.661471	2.22653									0.918134	1.65773				
0.726603	1.98067	0.663546	2.22649									0.919679	1.6592				
0.728449	1.98194	0.66562	2.22647									0.921225	1.66071				
0.730296	1.9832	0.667694	2.22646									0.922773	1.66215				
0.732145	1.98449	0.669769	2.22646									0.924322	1.66365				
0.733994	1.98572	0.671843	2.22642									0.925873	1.66516				
0.735845	1.98692	0.673917	2.2264									0.927425	1.66662				
0.737697	1.98818	0.675992	2.22643									0.928979	1.66811				
0.73955	1.9894	0.678066	2.2264									0.930534	1.66963				
0.741404	1.99059	0.68014	2.22636									0.93209	1.67108				
0.743259	1.99177	0.682215	2.22637									0.933648	1.67258				
0.745115	1.99295	0.684289	2.22638									0.935207	1.6741				
0.746972	1.99416	0.686363	2.22634									0.936767	1.67559				
0.748831	1.99535	0.688438	2.22629									0.938329	1.6771				
0.750691	1.9965	0.690512	2.2263									0.939892	1.67859				
0.752551	1.99766	0.692586	2.2263									0.941457	1.68007				
0.754413	1.99882	0.69466	2.22627									0.943023	1.68158				
0.756276	1.99995	0.696734	2.22625									0.94459	1.68306				
0.75814	2.00107	0.698809	2.22624									0.946159	1.68457				
0.760005	2.00221	0.700883	2.22624									0.947729	1.6861				
0.761871	2.00333	0.702957	2.22624									0.949301	1.68756				
0.763738	2.00444	0.705031	2.22624									0.950874	1.68906				
0.765606	2.00555	0.707105	2.2262									0.952448	1.69057				
0.767475	2.00661	0.709179	2.22618									0.954024	1.69207				
0.769345	2.00773	0.711254	2.22613									0.955601	1.69358				
0.771216	2.0088	0.713328	2.22615									0.95718	1.69507				
0.773088	2.00985	0.715402	2.22615									0.95876	1.69655				
0.774961	2.01093	0.717476	2.22612									0.960341	1.69806				
0.776835	2.01197	0.71955	2.22611									0.961924	1.69954				
0.77871	2.01305	0.721624	2.2261									0.963508	1.70105				
0.780586	2.0141	0.723698	2.22609									0.965094	1.70254				
0.782463	2.0151	0.725772	2.22605									0.966681	1.70402				
0.784341	2.01615	0.727846	2.22603									0.968269	1.70553				
0.78622	2.01715	0.72992	2.22606									0.969859	1.70701				
0.7881	2.01816	0.731994	2.22604									0.97145	1.70849				
0.789981	2.01918	0.734068	2.22599									0.973042	1.70996				
0.791862	2.02017	0.736142	2.226									0.974636	1.71146				
0.793745	2.02117	0.738216	2.22601									0.976231	1.71298				
0.795629	2.02215	0.74029	2.22598									0.977828	1.71444				
0.797513	2.02316	0.742364	2.22596									0.979426	1.7159				
0.799398	2.02413	0.744438	2.22595									0.981025	1.7174				
0.801285	2.02506	0.746511	2.22595									0.982626	1.71888				
0.803172	2.026	0.748585	2.22594									0.984228	1.72036				
0.80506	2.02698	0.750659	2.22591									0.985832	1.72179				
0.806949	2.02795	0.752733	2.22589									0.987437	1.72327				
0.808839	2.02887	0.754807	2.22588									0.989043	1.72475				
0.81073	2.02981	0.756881	2.22587									0.990651	1.72622				
0.812621	2.03072	0.758955	2.22583									0.99226	1.72769				
0.814514	2.03165	0.761028	2.22585									0.99387	1.72915				
0.816407	2.03259	0.763102	2.22586									0.995482	1.73062				
0.818301	2.03346	0.765176	2.22579									0.997095	1.73205				
0.820196	2.03438	0.76725	2.22579									0.998709	1.73353				
0.822092	2.03527	0.769324	2.22579									1.00032	1.73429				
0.823989	2.03616	0.771397	2.2258														
0.825886	2.03704	0.773471	2.22576														
0.827784	2.03792	0.775545	2.22574														
0.829684	2.0388	0.777619	2.22577														
0.831584	2.03965	0.779692	2.22571														
0.833484	2.04054	0.781766	2.22572														
0.835386	2.0414	0.78384	2.22572														
0.837288	2.04223	0.785913	2.22568														
0.839191	2.04308	0.787987	2.22567														
0.841095	2.04391	0.790061	2.22566														
0.843	2.04476	0.792134	2.22565														
0.844905	2.04556	0.794208	2.22565														
0.846812	2.04639	0.796281	2.22565														
0.848719	2.04721	0.798355	2.22561														
0.850626	2.04799	0.800429	2.22559														
0.852535	2.04885	0.802502	2.22559														
0.854444	2.04965	0.804576	2.22558														
0.856354	2.05042	0.806649	2.22558														
0.858265	2.0512	0.808723	2.22554														
0.860176	2.052	0.810796	2.22552														
0.862089	2.0528	0.81287	2.22555														
0.864001	2.05357	0.814943	2.22553														
0.865915	2.05432	0.817017	2.22548														
0.867829	2.05506	0.81909	2.22549														
0.869745	2.05583	0.821164	2.2255														
0.87166	2.05662	0.823237	2.22546														
0.873577	2.05738	0.825311	2.22545														
0.875494	2.05809	0.827384	2.22544														
0.877412	2.05881	0.829458	2.22543														
0.87933	2.05958	0.831531	2.22543														
0.88125	2.06032	0.833605	2.22543														
0.88317	2.06103	0.835678	2.22539														
0.88509	2.06174	0.837751	2.22537														
0.887011	2.06247	0.839825	2.22537														
0.888933	2.0632	0.841898	2.22536														
0.890856	2.06389	0.843971	2.22536														
0.892779	2.06461	0.846045	2.22532														
0.894703	2.06533	0.848118	2.2253														
0.896628	2.06598	0.850191	2.22533														
0.898553	2.06668	0.852265	2.22531														
0.900479	2.06735	0.854338	2.22526														
0.902405	2.06802	0.856411	2.22527														
0.904332	2.06872	0.858484	2.22528														
0.90626	2.0694	0.860558	2.22528														
0.908188	2.07007	0.862631	2.22524														
0.910117	2.07073	0.864704	2.22523														
0.912047	2.0714	0.866778	2.22522														
0.913977	2.07206	0.868851	2.22518														
0.915908	2.07272	0.870924	2.22519														
0.917839	2.07334	0.872997	2.2252														
0.919771	2.07398	0.87507	2.22517														
0.921704	2.07463	0.877143	2.22515														
0.923637	2.07528	0.879217	2.22514														
0.925571	2.07591	0.88129	2.22514														
0.927505	2.07651	0.883363	2.22514														
0.92944	2.07718	0.885436	2.2251														
0.931376	2.0778	0.887509	2.22508														
0.933312	2.07837	0.889582	2.22511														
0.935249	2.07899	0.891655	2.22509														
0.937186	2.07962	0.893728	2.22504														
0.939124	2.08024	0.895802	2.22505														
0.941062	2.08083	0.897875	2.22506														
0.943001	2.08143	0.899948	2.22502														
0.944941	2.08202	0.902021	2.22501														
0.946881	2.0826	0.904094	2.225														
0.948822	2.08319	0.906167	2.22499														
0.950763	2.08378	0.90824	2.22499														
0.952705	2.08436	0.910313	2.22499														
0.954647	2.08495	0.912386	2.22495														
0.95659	2.08553	0.914459	2.22494														
0.958533	2.08608	0.916532	2.22496														
0.960477	2.08665	0.918605	2.22494														
0.962421	2.08719	0.920678	2.22489														
0.964366	2.08775	0.922751	2.2249														
0.966311	2.08833	0.924823	2.22491														
0.968257	2.08887	0.926896	2.22488														
0.970204	2.08944	0.928969	2.22486														
0.972151	2.08998	0.931042	2.22485														
0.974098	2.09054	0.933115	2.22485														
0.976046	2.09108	0.935188	2.22485														
0.977995	2.0916	0.937261	2.22481														
0.979944	2.09212	0.939334	2.22479														
0.981893	2.09264	0.941406	2.22482														
0.983843	2.09322	0.943479	2.22479														
0.985794	2.09374	0.945552	2.22478														
0.987745	2.09421	0.947625	2.22478														
0.989696	2.09474	0.949698	2.22477														
0.991648	2.09527	0.951771	2.22474														
0.9936	2.09578	0.953843	2.22472														
0.995553	2.0963	0.955916	2.22474														
0.997507	2.09681	0.957989	2.22472														
0.99946	2.09729	0.960062	2.22471														
1.00141	2.0975	0.962134	2.22467														
		0.964207	2.22468														
		0.96628	2.22469														
		0.968353	2.22466														
		0.970425	2.22464														
		0.972498	2.22463														
		0.974571	2.22463														
		0.976643	2.22459														
		0.978716	2.22461														
		0.980789	2.22462														
		0.982861	2.22458														
		0.984934	2.22457														
		0.987006	2.22456														
		0.989079	2.22452														
		0.991152	2.22453														
		0.993224	2.22454														
		0.995297	2.22451														
		0.997369	2.22449														
		0.999442	2.22449														
		1.00151	2.22451														
