Sym0		Asym0		Sym1		Sym2		Sym3		Sym4		Sym5		Sym6		Asym1		Asym2		Asym3		Asym4		Asym5		Asym6		Asym7	
378  Points		429  Points		379  Points		367  Points		322  Points		301  Points		270  Points		219  Points		378  Points		375  Points		348  Points		301  Points		272  Points		215  Points		146  Points	
Freq (MHz)	Vgr (m/ms)	Freq (MHz)	Vgr (m/ms)	Freq (MHz)	Vgr (m/ms)	Freq (MHz)	Vgr (m/ms)	Freq (MHz)	Vgr (m/ms)	Freq (MHz)	Vgr (m/ms)	Freq (MHz)	Vgr (m/ms)	Freq (MHz)	Vgr (m/ms)	Freq (MHz)	Vgr (m/ms)	Freq (MHz)	Vgr (m/ms)	Freq (MHz)	Vgr (m/ms)	Freq (MHz)	Vgr (m/ms)	Freq (MHz)	Vgr (m/ms)	Freq (MHz)	Vgr (m/ms)	Freq (MHz)	Vgr (m/ms)
0.279332	-0.355176	1.85107e-005	0.117972	1.40148	2.20023	0.292811	0.307473	0.559022	0.0127473	0.838524	-0.00534896	0.878254	0.031865	1.11804	0.00719368	0.13978	0.126606	0.419263	0.00245429	0.585496	0.0151962	0.698773	0.0108586	0.97828	0.0026708	1.171	0.0155865	1.25779	0.00422342
0.278726	-0.449948	0.000219986	0.182399	1.39772	2.20001	0.293336	0.438934	0.559044	0.0176647	0.838515	-0.00780318	0.878308	0.0458812	1.11805	0.00966228	0.139996	0.190101	0.419267	0.00462929	0.585522	0.027594	0.698791	0.0169581	0.978284	0.00471241	1.17103	0.0217159	1.2578	0.00727321
0.277795	-0.605756	0.000641522	0.310128	1.39397	2.19953	0.29431	0.666681	0.559083	0.0275269	0.838497	-0.0126279	0.87841	0.0738785	1.11807	0.0145921	0.14043	0.315961	0.419279	0.00904965	0.585591	0.0524073	0.698831	0.0291906	0.978296	0.00885643	1.17107	0.0339758	1.25781	0.0133894
0.276656	-0.702514	0.00127927	0.435035	1.39021	2.19902	0.295613	0.830374	0.559138	0.0374089	0.838472	-0.0172634	0.878561	0.101708	1.1181	0.0194995	0.141076	0.438929	0.419298	0.0135573	0.585701	0.0771495	0.698891	0.041399	0.978315	0.0129971	1.17114	0.0462393	1.25784	0.0195556
0.275396	-0.757311	0.00212745	0.556097	1.38646	2.19849	0.297146	0.94544	0.55921	0.0472687	0.838438	-0.0217062	0.878758	0.129264	1.11814	0.0244243	0.141929	0.557967	0.419325	0.0181158	0.585854	0.101812	0.698972	0.0536215	0.97834	0.0171311	1.17123	0.0584478	1.25788	0.0256978
0.27407	-0.784701	0.0031787	0.672499	1.3827	2.19799	0.298842	1.02806	0.5593	0.0572081	0.838398	-0.0258253	0.879002	0.156521	1.11818	0.0293836	0.142981	0.672303	0.41936	0.0227758	0.586049	0.126376	0.699074	0.0659338	0.978373	0.0213136	1.17134	0.0706086	1.25793	0.0318541
0.272715	-0.794478	0.00442447	0.783605	1.37895	2.19749	0.300658	1.08987	0.559406	0.0671827	0.83835	-0.0296068	0.879293	0.183426	1.11824	0.0343502	0.144225	0.781196	0.419403	0.0275771	0.586286	0.150744	0.699197	0.0782401	0.978413	0.0254693	1.17147	0.0827976	1.25799	0.0380385
0.271356	-0.792737	0.00585523	0.888888	1.3752	2.19697	0.302565	1.13827	0.559529	0.0771658	0.838296	-0.0330222	0.879629	0.209939	1.1183	0.0392695	0.14565	0.884219	0.419454	0.0325372	0.586564	0.174967	0.699341	0.0905344	0.97846	0.0296333	1.17162	0.094981	1.25806	0.0442171
0.270008	-0.783191	0.0074606	0.988031	1.37144	2.19643	0.304546	1.17776	0.559669	0.0872279	0.838237	-0.0359534	0.88001	0.235975	1.11837	0.0442178	0.147245	0.981132	0.419514	0.0376909	0.586884	0.199024	0.699507	0.102929	0.978514	0.033814	1.1718	0.107092	1.25814	0.0504462
0.268681	-0.768183	0.00922999	1.0809	1.36769	2.19584	0.306588	1.21105	0.559827	0.0973242	0.838174	-0.038473	0.880435	0.261491	1.11845	0.0492243	0.149001	1.07183	0.419583	0.0430463	0.587244	0.222811	0.699693	0.115399	0.978576	0.0380281	1.17199	0.119118	1.25823	0.0566524
0.267384	-0.749123	0.0111526	1.16753	1.36394	2.1953	0.308682	1.23999	0.560002	0.107489	0.838106	-0.0405411	0.880903	0.286527	1.11854	0.0541614	0.150653	1.14585	0.419661	0.0486192	0.587645	0.246368	0.699901	0.127897	0.978644	0.0422469	1.1722	0.131162	1.25833	0.0628747
0.266122	-0.726975	0.0132179	1.24801	1.3602	2.19476	0.310823	1.26568	0.560194	0.117728	0.838035	-0.0420774	0.881413	0.311032	1.11864	0.0591454	0.152145	1.20527	0.419749	0.0544416	0.588085	0.269649	0.70013	0.140451	0.97872	0.0464754	1.17244	0.14318	1.25845	0.0691292
0.264901	-0.702425	0.0154154	1.3225	1.35645	2.19417	0.313005	1.28885	0.560404	0.127993	0.837962	-0.0431072	0.881965	0.334973	1.11874	0.0641613	0.153435	1.25177	0.419847	0.0605154	0.588566	0.292628	0.70038	0.153055	0.978803	0.050723	1.17269	0.155083	1.25857	0.0753861
0.263723	-0.675919	0.0177351	1.3913	1.3527	2.19356	0.315225	1.31004	0.560631	0.138371	0.837888	-0.0436194	0.882557	0.358342	1.11886	0.0691173	0.154488	1.28694	0.419955	0.0669062	0.589085	0.31531	0.700653	0.165759	0.978893	0.0550091	1.17297	0.166942	1.2587	0.08171
0.262592	-0.647666	0.0201676	1.45469	1.34896	2.19295	0.31748	1.32966	0.560877	0.148851	0.837813	-0.0436534	0.883189	0.381187	1.11898	0.0741392	0.155281	1.31208	0.420075	0.0736214	0.589643	0.337647	0.700947	0.178539	0.978991	0.05931	1.17326	0.178775	1.25885	0.0880437
0.261511	-0.617965	0.0227038	1.51301	1.34521	2.19235	0.319767	1.34796	0.56114	0.159351	0.837739	-0.0431643	0.883859	0.403477	1.11911	0.0791688	0.155796	1.32765	0.420207	0.0806761	0.590238	0.359604	0.701262	0.191409	0.979096	0.0635787	1.17358	0.190557	1.259	0.0943973
0.260481	-0.586975	0.0253355	1.56664	1.34147	2.19172	0.322084	1.36508	0.561421	0.170013	0.837666	-0.0421241	0.884567	0.425154	1.11925	0.0842142	0.156547	1.34936	0.420351	0.0880383	0.590871	0.381171	0.7016	0.204398	0.979208	0.0679069	1.17391	0.202235	1.25917	0.100791
0.259506	-0.554768	0.0280549	1.61589	1.33772	2.19107	0.32443	1.38117	0.56172	0.180752	0.837595	-0.0406627	0.885312	0.446348	1.1194	0.0892909	0.157377	1.37238	0.420508	0.0957678	0.59154	0.402393	0.701961	0.21744	0.979328	0.072292	1.17427	0.21383	1.25935	0.107201
0.258586	-0.521429	0.0308548	1.66109	1.33398	2.19046	0.326802	1.39638	0.562038	0.191582	0.837527	-0.0387303	0.886092	0.467008	1.11955	0.0943065	0.158529	1.40256	0.420678	0.103923	0.592245	0.423172	0.702343	0.230585	0.979455	0.0766675	1.17464	0.225382	1.25954	0.113647
0.257725	-0.487064	0.0337286	1.7026	1.33024	2.18978	0.329199	1.41078	0.562375	0.202535	0.837463	-0.0362892	0.886907	0.487097	1.11972	0.0993857	0.16002	1.43897	0.420863	0.112433	0.592986	0.443498	0.702748	0.243877	0.97959	0.0810852	1.17504	0.23685	1.25974	0.120163
0.256923	-0.451699	0.0366703	1.74066	1.3265	2.18911	0.33162	1.42441	0.56273	0.213607	0.837403	-0.0334499	0.887756	0.506724	1.11989	0.10453	0.161872	1.48042	0.421062	0.121344	0.59376	0.463413	0.703176	0.257275	0.979732	0.0855258	1.17545	0.248209	1.25995	0.126696
0.256182	-0.415323	0.0396741	1.77564	1.32277	2.18845	0.334064	1.43738	0.563104	0.224795	0.837348	-0.0301853	0.888638	0.525859	1.12008	0.109619	0.164111	1.52572	0.421277	0.130685	0.594568	0.482877	0.703627	0.270762	0.979882	0.0900119	1.17589	0.259476	1.26017	0.133261
0.255504	-0.377979	0.0427352	1.80776	1.31903	2.18775	0.33653	1.4497	0.563498	0.23609	0.8373	-0.0265037	0.889552	0.544508	1.12027	0.114722	0.166759	1.57363	0.421508	0.140455	0.595409	0.501872	0.704101	0.284366	0.980039	0.0945274	1.17634	0.270682	1.2604	0.139892
0.254891	-0.339689	0.0458488	1.83727	1.31529	2.18703	0.339016	1.46139	0.563911	0.247539	0.837258	-0.0224829	0.890497	0.562739	1.12047	0.119913	0.169486	1.61742	0.421757	0.150648	0.596283	0.520365	0.704598	0.298142	0.980205	0.0990395	1.17681	0.281765	1.26065	0.146529
0.254344	-0.300434	0.0490107	1.86442	1.31156	2.18632	0.341522	1.47252	0.564343	0.259109	0.837223	-0.0180937	0.891474	0.580508	1.12068	0.125095	0.172283	1.65739	0.422023	0.161314	0.597187	0.538347	0.705119	0.312014	0.980378	0.103607	1.1773	0.292729	1.2609	0.153244
0.253865	-0.260179	0.052217	1.88939	1.30783	2.1856	0.34372	1.48179	0.564796	0.270858	0.837196	-0.0133387	0.89248	0.597846	1.1209	0.130259	0.175147	1.69378	0.422308	0.172433	0.598121	0.555863	0.705664	0.326015	0.980558	0.108223	1.17781	0.303638	1.26117	0.160049
0.253455	-0.218976	0.0554642	1.91239	1.30409	2.18484	0.345605	1.48935	0.565269	0.282719	0.837178	-0.00828569	0.893516	0.614819	1.12112	0.13545	0.178069	1.72693	0.422612	0.184023	0.599085	0.572883	0.706233	0.340214	0.980747	0.112874	1.17834	0.314437	1.26145	0.166851
0.253117	-0.176744	0.058749	1.93357	1.30036	2.18411	0.347171	1.49542	0.565762	0.294743	0.837168	-0.00294598	0.89458	0.631371	1.12136	0.140694	0.181045	1.75708	0.422936	0.196063	0.600078	0.589406	0.706826	0.354499	0.980944	0.117533	1.17888	0.325079	1.26174	0.173706
0.252852	-0.133445	0.0620686	1.95308	1.29663	2.18335	0.348413	1.50009	0.566275	0.306904	0.837167	0.00271946	0.895672	0.647575	1.1216	0.145983	0.18407	1.78448	0.423282	0.208566	0.601099	0.605366	0.707444	0.368954	0.981149	0.122272	1.17945	0.335593	1.26204	0.180671
0.252661	-0.0890617	0.0654201	1.97112	1.29291	2.18256	0.349329	1.50339	0.56681	0.319219	0.837177	0.00860305	0.896792	0.663457	1.12186	0.151236	0.18714	1.80939	0.423649	0.221563	0.602146	0.62082	0.708086	0.383566	0.981362	0.127044	1.18003	0.346035	1.26236	0.187667
0.252547	-0.043503	0.0688012	1.98777	1.28918	2.18178	0.349916	1.50548	0.567366	0.331715	0.837197	0.0147373	0.897939	0.67894	1.12212	0.156544	0.190251	1.83196	0.424038	0.235054	0.603219	0.635758	0.708754	0.398304	0.981583	0.131823	1.18063	0.356334	1.26268	0.194725
0.252512	0.00323147	0.0722096	2.00313	1.28545	2.18097	0.350762	1.50843	0.567943	0.344389	0.837227	0.0211251	0.899111	0.694121	1.12239	0.161899	0.193398	1.85241	0.424397	0.247185	0.604317	0.65016	0.709447	0.413234	0.981812	0.136676	1.18125	0.36647	1.26302	0.201848
0.252558	0.0512651	0.0756432	2.01736	1.28173	2.18016	0.351683	1.51154	0.568542	0.357234	0.837269	0.0277107	0.900309	0.709009	1.12267	0.167222	0.196578	1.87089	0.424717	0.257755	0.60544	0.664044	0.710165	0.428301	0.982049	0.141553	1.18188	0.376529	1.26337	0.209037
0.252688	0.100721	0.0791002	2.03054	1.27801	2.17934	0.352939	1.51577	0.569163	0.370233	0.837322	0.034506	0.901533	0.723556	1.12296	0.172606	0.199788	1.8876	0.424992	0.266795	0.606586	0.67739	0.71091	0.443515	0.982295	0.14648	1.18253	0.386434	1.26374	0.216296
0.252902	0.151598	0.0825789	2.04274	1.27428	2.1785	0.354532	1.52096	0.569807	0.383419	0.837387	0.0414732	0.902781	0.737856	1.12326	0.178052	0.203025	1.90266	0.425217	0.274013	0.607754	0.690217	0.71168	0.458902	0.98255	0.151442	1.1832	0.396154	1.26411	0.223634
0.253205	0.204078	0.0860775	2.05399	1.27057	2.17763	0.356465	1.52695	0.570473	0.39679	0.837464	0.0485987	0.904053	0.751909	1.12357	0.183496	0.206287	1.91617	0.425385	0.279504	0.608943	0.7025	0.712477	0.474448	0.982813	0.156478	1.18389	0.405751	1.2645	0.231067
0.253544	0.251148	0.0895946	2.06444	1.26685	2.17676	0.358743	1.53368	0.571162	0.410349	0.837553	0.0559166	0.905349	0.765655	1.12389	0.188938	0.20957	1.92825	0.425495	0.283002	0.610153	0.714314	0.713301	0.490126	0.983084	0.161534	1.18459	0.415227	1.2649	0.238568
0.253888	0.292343	0.0931289	2.07412	1.26313	2.17588	0.361368	1.54096	0.571874	0.424095	0.837655	0.0633719	0.906668	0.779094	1.12422	0.194434	0.212873	1.93902	0.425655	0.287938	0.611383	0.725561	0.714151	0.506008	0.983364	0.166634	1.18531	0.424522	1.26532	0.24614
0.254213	0.32725	0.0966791	2.0831	1.25941	2.175	0.364006	1.54782	0.57261	0.438032	0.837769	0.0709783	0.90801	0.792356	1.12455	0.199981	0.216193	1.94856	0.425833	0.293536	0.612631	0.736295	0.715029	0.522049	0.983653	0.171818	1.18604	0.433643	1.26574	0.253795
0.254496	0.355475	0.100244	2.09144	1.2557	2.17409	0.366655	1.55426	0.57337	0.452163	0.837897	0.0787009	0.909375	0.805384	1.1249	0.205565	0.219529	1.95698	0.426079	0.301263	0.613898	0.746558	0.715934	0.538222	0.983951	0.176988	1.18679	0.442659	1.26618	0.261552
0.254719	0.376387	0.103823	2.09917	1.25199	2.17313	0.369315	1.56029	0.574155	0.466497	0.838038	0.0865325	0.910761	0.818131	1.12525	0.211162	0.222878	1.96434	0.426401	0.311115	0.615181	0.756313	0.716867	0.554536	0.984258	0.182251	1.18755	0.45147	1.26664	0.269392
0.254869	0.389944	0.107414	2.10632	1.24828	2.17222	0.371985	1.56587	0.574858	0.479105	0.838193	0.0945198	0.912169	0.830688	1.12562	0.216786	0.226238	1.97069	0.426803	0.323285	0.616481	0.765549	0.717828	0.571007	0.984574	0.187578	1.18833	0.460115	1.2671	0.277333
0.255093	0.40984	0.110553	2.11216	1.24457	2.17126	0.374663	1.57108	0.575473	0.489997	0.838361	0.102571	0.913598	0.842989	1.126	0.222461	0.229609	1.97609	0.427295	0.337987	0.617796	0.774302	0.718818	0.58767	0.984899	0.192909	1.18912	0.468616	1.26758	0.285354
0.25535	0.4316	0.113236	2.11686	1.24086	2.17028	0.377351	1.57588	0.575992	0.499105	0.838543	0.110751	0.915048	0.855088	1.12638	0.228178	0.232988	1.98061	0.427887	0.355214	0.619126	0.782646	0.719836	0.604407	0.985233	0.198308	1.18993	0.47689	1.26808	0.293473
0.25572	0.46172	0.115459	2.1205	1.23716	2.16929	0.380046	1.58029	0.576409	0.506371	0.838739	0.119001	0.916519	0.867028	1.12677	0.233919	0.236374	1.98433	0.428508	0.372927	0.620469	0.790483	0.720882	0.621291	0.985576	0.203784	1.19075	0.485018	1.26859	0.301725
0.256225	0.500722	0.117219	2.1233	1.23345	2.16832	0.382749	1.58436	0.576719	0.51163	0.83895	0.12733	0.91801	0.878714	1.12718	0.239704	0.239766	1.98721	0.42916	0.391192	0.621651	0.796965	0.721958	0.638345	0.985929	0.209288	1.19159	0.492981	1.26911	0.310058
0.25689	0.549042	0.118515	2.12525	1.22975	2.16729	0.385458	1.588	0.57692	0.515115	0.839174	0.135755	0.91952	0.8902	1.12759	0.245518	0.243161	1.98937	0.429844	0.409858	0.622665	0.802239	0.723063	0.655492	0.986291	0.214848	1.19243	0.500735	1.26964	0.318492
0.25775	0.607615	0.119344	2.12643	1.22605	2.16624	0.388173	1.59127	0.57721	0.520165	0.839413	0.144248	0.921051	0.901536	1.12802	0.25139	0.246561	1.99084	0.43056	0.429033	0.623509	0.806321	0.724197	0.672765	0.986663	0.220459	1.1933	0.50832	1.2702	0.327065
0.258846	0.677394	0.120538	2.12827	1.22235	2.16523	0.390893	1.59418	0.577529	0.525511	0.839667	0.152816	0.9226	0.912633	1.12845	0.257315	0.249961	1.99161	0.43131	0.448679	0.624179	0.809562	0.725361	0.690163	0.987044	0.226111	1.19417	0.515691	1.27076	0.33573
0.260064	0.74992	0.121837	2.13011	1.21865	2.16416	0.393618	1.59675	0.577968	0.532954	0.839935	0.16141	0.924168	0.923561	1.1289	0.263221	0.253363	1.99172	0.432093	0.468778	0.624674	0.811878	0.726554	0.707627	0.987435	0.231844	1.19506	0.52288	1.27134	0.344456
0.261408	0.825304	0.123605	2.13243	1.21496	2.16306	0.396347	1.59899	0.578532	0.542438	0.840218	0.170118	0.925754	0.934335	1.12935	0.269216	0.256764	1.99119	0.432911	0.489381	0.624991	0.813286	0.727778	0.725161	0.987836	0.237614	1.19596	0.529892	1.27194	0.353366
0.262883	0.90351	0.125843	2.13543	1.21127	2.16197	0.399079	1.60089	0.579228	0.553968	0.840516	0.178868	0.927359	0.944866	1.12982	0.275263	0.260164	1.99011	0.433764	0.510392	0.625448	0.815262	0.729031	0.742772	0.988246	0.243459	1.19687	0.536674	1.27255	0.362397
0.264494	0.984365	0.128555	2.13878	1.20757	2.16085	0.401815	1.60239	0.580062	0.567651	0.840829	0.18764	0.928982	0.955218	1.13029	0.281353	0.263562	1.98846	0.434654	0.531885	0.625946	0.817408	0.730148	0.758198	0.988667	0.24933	1.19779	0.543244	1.27318	0.371482
0.266245	1.06766	0.131741	2.14243	1.20389	2.15973	0.404553	1.60358	0.581045	0.583532	0.841157	0.196517	0.930622	0.965462	1.13078	0.287466	0.266956	1.98621	0.435581	0.553835	0.626625	0.820274	0.731118	0.771407	0.989098	0.255255	1.19872	0.549636	1.27382	0.380739
0.26814	1.15288	0.135403	2.14638	1.2002	2.15859	0.407292	1.60448	0.582055	0.599612	0.8415	0.205419	0.932279	0.975489	1.13127	0.293627	0.270346	1.98348	0.436546	0.576169	0.627488	0.823648	0.731933	0.782285	0.989539	0.261285	1.19967	0.555859	1.27448	0.390153
0.270183	1.23957	0.139072	2.15002	1.19651	2.15744	0.410033	1.60505	0.583093	0.615916	0.841859	0.214372	0.933954	0.985328	1.13178	0.299882	0.273731	1.98023	0.437549	0.598942	0.628535	0.82764	0.732586	0.790952	0.989991	0.267341	1.20062	0.561804	1.27515	0.399635
0.272374	1.32705	0.142747	2.15333	1.19283	2.15624	0.412774	1.60531	0.584159	0.632363	0.842233	0.223363	0.935645	0.995041	1.1323	0.306139	0.27711	1.97646	0.438592	0.622183	0.62977	0.832044	0.73307	0.797274	0.990452	0.273449	1.20159	0.567567	1.27584	0.409251
0.274716	1.41446	0.146427	2.15638	1.18915	2.15502	0.415516	1.60525	0.585253	0.649067	0.842622	0.232371	0.937353	1.00456	1.13283	0.312464	0.280482	1.97226	0.439674	0.645812	0.631195	0.836746	0.733382	0.80133	0.990925	0.279598	1.20256	0.573151	1.27655	0.419012
0.277206	1.50097	0.150112	2.1592	1.18547	2.15381	0.418257	1.60488	0.586376	0.66593	0.843026	0.241411	0.939076	1.01389	1.13336	0.318862	0.283847	1.96759	0.440798	0.669791	0.632628	0.841171	0.733833	0.807261	0.991407	0.285831	1.20354	0.578499	1.27727	0.428878
0.279842	1.58567	0.153802	2.16176	1.18179	2.15259	0.420998	1.60427	0.587528	0.682966	0.843391	0.249365	0.940816	1.02307	1.13391	0.325281	0.287203	1.96247	0.441962	0.694191	0.634068	0.84524	0.734328	0.813638	0.991901	0.292106	1.20454	0.583625	1.27801	0.438891
0.282622	1.66769	0.157496	2.16406	1.17812	2.15131	0.423737	1.60337	0.588709	0.700243	0.843712	0.25617	0.942571	1.03208	1.13448	0.331744	0.29055	1.95697	0.443169	0.718957	0.635515	0.849008	0.735006	0.822237	0.992405	0.298466	1.20554	0.588552	1.27877	0.449014
0.285539	1.74631	0.161194	2.16617	1.17444	2.15004	0.426474	1.60218	0.58992	0.717702	0.843984	0.261767	0.944341	1.04094	1.13505	0.338295	0.293887	1.95103	0.444418	0.74406	0.636968	0.852532	0.735875	0.833167	0.99292	0.304872	1.20655	0.59327	1.27955	0.459293
0.288587	1.82091	0.164895	2.16806	1.17077	2.14876	0.429209	1.60075	0.59116	0.735284	0.844203	0.266276	0.946126	1.04962	1.13563	0.344897	0.297214	1.94469	0.44571	0.769549	0.638427	0.85578	0.73694	0.846452	0.993446	0.311309	1.20756	0.597752	1.28034	0.4697
0.291758	1.89095	0.168599	2.16975	1.1671	2.14742	0.431942	1.59904	0.592431	0.75305	0.844366	0.269609	0.947926	1.05813	1.13623	0.351539	0.300529	1.93802	0.447046	0.795355	0.639891	0.858797	0.738211	0.862009	0.993984	0.317868	1.20859	0.602075	1.28115	0.480237
0.295045	1.95611	0.172306	2.17127	1.16344	2.14612	0.434671	1.5971	0.593732	0.771002	0.844472	0.271647	0.94974	1.06649	1.13683	0.358261	0.303833	1.931	0.448427	0.821443	0.641361	0.861605	0.739699	0.879795	0.994532	0.324424	1.20962	0.606141	1.28198	0.490913
0.29844	2.0163	0.176015	2.17259	1.15977	2.14475	0.437397	1.59496	0.595065	0.789108	0.844625	0.274648	0.951569	1.07467	1.13745	0.365021	0.307125	1.92362	0.449852	0.847795	0.642834	0.864185	0.741216	0.89754	0.995092	0.331038	1.21066	0.61	1.28283	0.50168
0.301932	2.07153	0.179727	2.17372	1.15611	2.14337	0.440119	1.59259	0.596428	0.807384	0.844794	0.277959	0.953173	1.08168	1.13808	0.371855	0.310404	1.91597	0.451323	0.874435	0.644312	0.86659	0.742764	0.915264	0.995663	0.337765	1.2117	0.613694	1.28369	0.512567
0.305515	2.12186	0.18344	2.17471	1.15245	2.14197	0.442837	1.59001	0.597822	0.825746	0.845026	0.2824	0.954549	1.08759	1.13872	0.378776	0.313669	1.90803	0.452839	0.901342	0.645794	0.868844	0.744343	0.932886	0.996245	0.344535	1.21275	0.617122	1.28458	0.523632
0.30918	2.16749	0.187155	2.17552	1.14879	2.14053	0.44555	1.58723	0.599248	0.844273	0.845325	0.288123	0.955693	1.09236	1.13937	0.385747	0.316921	1.89979	0.454401	0.928445	0.64728	0.870931	0.745951	0.950455	0.99684	0.351389	1.21381	0.620388	1.28548	0.534805
0.312919	2.20875	0.190871	2.1762	1.14514	2.13915	0.448258	1.58427	0.600706	0.862946	0.845695	0.295004	0.956601	1.0961	1.14004	0.392756	0.320158	1.89137	0.45601	0.955769	0.648769	0.872965	0.747589	0.967906	0.997367	0.357366	1.21487	0.623452	1.28641	0.546072
0.316724	2.2459	0.194588	2.17676	1.14149	2.13768	0.450961	1.58118	0.602196	0.881692	0.84614	0.303119	0.95727	1.0989	1.14071	0.39984	0.323381	1.8827	0.457666	0.983235	0.650262	0.874879	0.749257	0.985236	0.997824	0.362467	1.21594	0.6263	1.28735	0.557462
0.32059	2.27928	0.198306	2.17713	1.13784	2.13616	0.453659	1.57793	0.603718	0.900535	0.846666	0.312475	0.957699	1.10058	1.1414	0.407014	0.326589	1.87381	0.459369	1.01083	0.651757	0.876672	0.750954	1.00247	0.998206	0.366813	1.21701	0.628963	1.28831	0.568978
0.324509	2.30918	0.202024	2.17738	1.13419	2.13467	0.456351	1.57451	0.605272	0.91949	0.847208	0.321858	0.958318	1.10299	1.1421	0.414245	0.329781	1.86482	0.461119	1.03859	0.653256	0.878466	0.752681	1.01954	0.998512	0.370207	1.21809	0.631441	1.28929	0.580618
0.328477	2.33595	0.205743	2.1775	1.13055	2.13317	0.459037	1.57097	0.606858	0.938531	0.847765	0.331223	0.958991	1.10572	1.14282	0.421524	0.332958	1.85565	0.462916	1.0664	0.654758	0.880199	0.754437	1.03646	0.998738	0.372635	1.21917	0.633736	1.29029	0.592324
0.332488	2.35989	0.209462	2.17747	1.12691	2.13161	0.461717	1.56738	0.608477	0.957615	0.848339	0.340641	0.95991	1.10933	1.14354	0.428903	0.33612	1.84639	0.464761	1.09426	0.656263	0.88187	0.756221	1.05319	0.998884	0.374248	1.22025	0.63585	1.29131	0.60416
0.336538	2.38124	0.213181	2.17736	1.12327	2.13002	0.464391	1.56369	0.610129	0.976782	0.848929	0.350116	0.961076	1.11381	1.14428	0.436357	0.339265	1.83706	0.466654	1.12215	0.65777	0.883572	0.758034	1.06975	0.999095	0.376634	1.22134	0.637788	1.29236	0.61607
0.340622	2.40033	0.216899	2.17712	1.11963	2.12846	0.467058	1.55993	0.611814	0.99593	0.849535	0.35962	0.962493	1.1192	1.14503	0.443899	0.342394	1.82766	0.468594	1.14999	0.659281	0.885321	0.759875	1.08614	0.999325	0.379209	1.22243	0.639559	1.29342	0.628068
0.344736	2.41737	0.220617	2.17676	1.116	2.12683	0.469719	1.55613	0.613531	1.0151	0.850157	0.369139	0.964163	1.12536	1.1457	0.450516	0.345508	1.81825	0.470582	1.17781	0.660794	0.887061	0.761744	1.10233	0.999641	0.382621	1.22353	0.641181	1.2945	0.64018
0.348879	2.43248	0.224334	2.17629	1.11237	2.12517	0.472373	1.55228	0.615281	1.03434	0.850796	0.378695	0.966091	1.13229	1.14628	0.456136	0.348605	1.80888	0.472617	1.20555	0.66231	0.88886	0.76364	1.11828	1.00005	0.386999	1.22462	0.64263	1.29561	0.652393
0.353045	2.44592	0.22805	2.17572	1.10874	2.12352	0.475021	1.54844	0.617064	1.05352	0.851451	0.388302	0.96803	1.13906	1.14676	0.460919	0.351686	1.79955	0.474699	1.23314	0.66383	0.890719	0.765563	1.13396	1.00054	0.39238	1.22572	0.64392	1.29673	0.664626
0.357233	2.45787	0.231766	2.17503	1.10511	2.12183	0.477662	1.54463	0.618879	1.07268	0.852122	0.397902	0.969981	1.14567	1.14714	0.464707	0.354752	1.79027	0.476829	1.26058	0.665353	0.89267	0.767513	1.14945	1.00113	0.398675	1.22682	0.645075	1.29788	0.676897
0.36144	2.46845	0.235479	2.17423	1.10149	2.12012	0.480297	1.54087	0.620728	1.09179	0.85281	0.407531	0.971944	1.15213	1.14742	0.467368	0.357801	1.78111	0.479005	1.28782	0.666879	0.894698	0.76949	1.16468	1.00182	0.406029	1.22792	0.646148	1.29904	0.689305
0.365664	2.4778	0.239192	2.17336	1.09787	2.11837	0.482925	1.53713	0.622609	1.11082	0.853514	0.417235	0.973917	1.15839	1.14761	0.469179	0.360835	1.77211	0.481228	1.31482	0.668409	0.896826	0.771492	1.17963	1.00251	0.413389	1.22889	0.646959	1.30023	0.701743
0.369903	2.486	0.242903	2.1724	1.09425	2.11661	0.485547	1.53346	0.624522	1.1298	0.854235	0.426978	0.9759	1.16449	1.14787	0.471867	0.363854	1.7633	0.483496	1.34156	0.669942	0.899066	0.773519	1.19435	1.00323	0.420815	1.22971	0.647572	1.30144	0.714177
0.374156	2.49317	0.246612	2.1713	1.09064	2.11482	0.488163	1.52993	0.626468	1.1487	0.854972	0.436708	0.977894	1.17046	1.14816	0.474629	0.366858	1.75469	0.48581	1.36799	0.67148	0.901424	0.775571	1.2088	1.00395	0.428334	1.23039	0.648015	1.30267	0.726664
0.378419	2.49941	0.250319	2.17013	1.08703	2.11298	0.490773	1.52655	0.628445	1.1675	0.855727	0.446495	0.979898	1.17622	1.14856	0.478437	0.369847	1.7463	0.488169	1.39408	0.673021	0.903965	0.777648	1.22295	1.00469	0.435901	1.23093	0.648388	1.30392	0.739195
0.382693	2.50479	0.254025	2.16886	1.08342	2.11115	0.493377	1.52329	0.630455	1.18612	0.856497	0.45634	0.981912	1.18183	1.14906	0.483346	0.372823	1.73817	0.490572	1.41982	0.674567	0.906659	0.779748	1.23684	1.00544	0.443522	1.23132	0.648654	1.30519	0.751754
0.386975	2.50934	0.257727	2.16749	1.07982	2.1093	0.495976	1.5202	0.632497	1.20459	0.857285	0.466184	0.983935	1.18732	1.14968	0.489278	0.375784	1.73033	0.493018	1.44516	0.676118	0.909492	0.781872	1.25041	1.00621	0.451232	1.23157	0.648722	1.30632	0.76266
0.391264	2.51316	0.261428	2.16606	1.07622	2.10737	0.498569	1.51736	0.63457	1.22296	0.85809	0.476089	0.985967	1.19261	1.15041	0.496308	0.378733	1.72282	0.495508	1.47003	0.677674	0.912456	0.784019	1.26366	1.00698	0.459018	1.23194	0.648888	1.30729	0.772025
0.395559	2.51628	0.265126	2.16454	1.07262	2.10545	0.501158	1.5147	0.636674	1.24112	0.858911	0.486024	0.988008	1.19767	1.15126	0.504435	0.381669	1.71567	0.498039	1.49444	0.679235	0.915609	0.786188	1.27666	1.00777	0.466873	1.23233	0.64912	1.30811	0.77971
0.399859	2.51871	0.268821	2.16294	1.06903	2.10352	0.503743	1.51231	0.638809	1.25905	0.85975	0.495975	0.990058	1.20264	1.15213	0.512677	0.384593	1.70887	0.500612	1.51837	0.680801	0.918981	0.78838	1.28938	1.00858	0.474793	1.23287	0.649359	1.30876	0.785794
0.404162	2.52054	0.272514	2.16122	1.06544	2.10152	0.506324	1.51019	0.640974	1.2768	0.860605	0.506026	0.992116	1.20742	1.15302	0.521007	0.387506	1.70243	0.503225	1.54176	0.682374	0.922524	0.790593	1.30175	1.00939	0.482745	1.23355	0.649679	1.30924	0.790271
0.408468	2.52179	0.276203	2.15942	1.06185	2.0995	0.508901	1.50839	0.64317	1.29435	0.861478	0.516097	0.994182	1.212	1.15391	0.529382	0.390408	1.6964	0.505878	1.56463	0.683952	0.926276	0.792826	1.31381	1.01023	0.490807	1.23438	0.649971	1.30955	0.793148
0.412775	2.52245	0.27989	2.1576	1.05827	2.0975	0.511476	1.50693	0.645395	1.3116	0.862368	0.526177	0.996256	1.21646	1.15482	0.537902	0.3933	1.69082	0.50857	1.58692	0.685538	0.930226	0.79508	1.32557	1.01107	0.498923	1.23535	0.650285	1.30999	0.797243
0.417084	2.52253	0.283573	2.15567	1.05469	2.09543	0.514049	1.5058	0.64765	1.32865	0.863275	0.536324	0.998337	1.22074	1.15575	0.546495	0.396183	1.68564	0.511299	1.60863	0.68713	0.934336	0.797354	1.33702	1.01193	0.507129	1.23646	0.650561	1.31048	0.801667
0.421391	2.52208	0.287253	2.15362	1.05111	2.09332	0.516619	1.50511	0.649934	1.3454	0.8642	0.546504	1.00043	1.22485	1.15669	0.555156	0.399058	1.68092	0.514064	1.62972	0.688729	0.938713	0.799647	1.34819	1.0128	0.51541	1.23757	0.650823	1.31115	0.80782
0.425698	2.52108	0.290929	2.15154	1.04754	2.09121	0.519189	1.5048	0.652246	1.36186	0.865142	0.556732	1.00252	1.22874	1.15765	0.563912	0.401925	1.67667	0.516865	1.65021	0.690336	0.943315	0.801959	1.35901	1.01369	0.523698	1.23868	0.651015	1.312	0.815509
0.430003	2.51959	0.294601	2.14939	1.04397	2.08902	0.521759	1.50492	0.654585	1.37804	0.866102	0.567046	1.00462	1.23248	1.15862	0.572778	0.404785	1.67284	0.519701	1.67007	0.691951	0.948093	0.804289	1.36952	1.01459	0.532113	1.23979	0.651143	1.31304	0.82476
0.434304	2.51754	0.29827	2.1471	1.0404	2.08682	0.52433	1.50557	0.656952	1.3939	0.867079	0.577371	1.00673	1.23608	1.1596	0.581761	0.407639	1.6695	0.52257	1.68929	0.693574	0.953081	0.806636	1.37973	1.01551	0.540623	1.2409	0.651268	1.31428	0.835589
0.438602	2.51497	0.301935	2.14482	1.03684	2.08465	0.526902	1.50667	0.659346	1.40947	0.868074	0.587734	1.00884	1.23949	1.1606	0.590833	0.410487	1.66666	0.525471	1.70782	0.695206	0.95833	0.809001	1.38963	1.01644	0.54918	1.24202	0.651362	1.31571	0.847974
0.442894	2.51189	0.305596	2.14243	1.03328	2.08241	0.529476	1.50833	0.661767	1.42469	0.869086	0.598145	1.01096	1.24274	1.16162	0.59998	0.413331	1.66428	0.528403	1.72571	0.696848	0.963802	0.811383	1.39923	1.01738	0.557791	1.24313	0.651409	1.31717	0.860295
0.447181	2.50822	0.309253	2.13994	1.02973	2.08009	0.532054	1.51055	0.664213	1.43954	0.870117	0.608644	1.01309	1.24579	1.16265	0.609228	0.416172	1.66234	0.531365	1.74296	0.698498	0.969478	0.813781	1.40851	1.01834	0.566492	1.24424	0.651494	1.31865	0.872552
0.451462	2.504	0.312906	2.13743	1.02618	2.0778	0.534636	1.51337	0.666684	1.45408	0.871165	0.619186	1.01522	1.24865	1.1637	0.618618	0.419009	1.66088	0.534356	1.7595	0.700159	0.975411	0.816194	1.41752	1.01932	0.575268	1.24535	0.651599	1.32015	0.884778
0.455734	2.49922	0.316554	2.13484	1.02263	2.07546	0.537223	1.51682	0.669179	1.46829	0.872232	0.629749	1.01735	1.25137	1.16477	0.628079	0.421845	1.65993	0.537375	1.77542	0.70183	0.981597	0.818622	1.42617	1.02031	0.584144	1.24647	0.651651	1.32168	0.896896
0.459998	2.49387	0.320197	2.13219	1.01909	2.07307	0.539816	1.52093	0.671699	1.48211	0.873316	0.640416	1.01949	1.25395	1.16585	0.637607	0.424679	1.6594	0.54042	1.79065	0.703512	0.988001	0.821065	1.43455	1.02131	0.59307	1.24758	0.65177	1.32322	0.908928
0.464252	2.48788	0.323837	2.12946	1.01555	2.07069	0.542418	1.52577	0.674242	1.49558	0.874419	0.651104	1.02164	1.25628	1.16694	0.647261	0.427513	1.65928	0.543491	1.80517	0.705205	0.994608	0.823522	1.44264	1.02233	0.602082	1.24869	0.651891	1.32478	0.920886
0.468496	2.48129	0.327471	2.12668	1.01201	2.06824	0.545028	1.53128	0.676807	1.50866	0.87554	0.661833	1.02378	1.25847	1.16806	0.657041	0.430347	1.65969	0.546586	1.81905	0.706909	1.00147	0.825993	1.4504	1.02337	0.611169	1.24981	0.652014	1.32636	0.932715
0.472728	2.47404	0.331101	2.12383	1.00848	2.06575	0.547648	1.5376	0.679395	1.52132	0.87668	0.672676	1.02594	1.2605	1.16919	0.666913	0.433182	1.66051	0.549704	1.83227	0.708625	1.00858	0.828476	1.4579	1.02442	0.620325	1.25092	0.65223	1.32797	0.944448
0.476946	2.46608	0.334725	2.12089	1.00496	2.06324	0.55028	1.54475	0.682003	1.53366	0.877838	0.683545	1.02809	1.26234	1.17034	0.676863	0.436018	1.66173	0.552845	1.84483	0.710354	1.01595	0.830973	1.46511	1.02549	0.629607	1.25203	0.652462	1.32959	0.956072
0.481151	2.45739	0.338345	2.11794	1.00144	2.0607	0.552924	1.55269	0.684633	1.54562	0.879015	0.694489	1.03025	1.26404	1.1715	0.686945	0.438857	1.66339	0.556006	1.85677	0.712095	1.02353	0.833481	1.47204	1.02657	0.63889	1.25315	0.652733	1.33123	0.967547
0.48534	2.44797	0.341959	2.11491	0.997919	2.05815	0.555583	1.56152	0.687283	1.55717	0.88021	0.705501	1.03241	1.26551	1.17268	0.697124	0.4417	1.66543	0.559187	1.86803	0.71385	1.03135	0.836	1.47865	1.02767	0.648298	1.25426	0.653054	1.33289	0.978949
0.489512	2.43782	0.345569	2.11182	0.994406	2.05553	0.558258	1.57132	0.689952	1.56836	0.881424	0.716547	1.03457	1.26683	1.17388	0.707382	0.444546	1.66787	0.562386	1.87862	0.715618	1.03943	0.838531	1.48499	1.02879	0.6578	1.25538	0.653462	1.33457	0.990221
0.493667	2.42683	0.349173	2.10873	0.990898	2.05289	0.56095	1.58207	0.69264	1.57913	0.882658	0.727672	1.03673	1.26802	1.1751	0.717742	0.447397	1.6707	0.565603	1.88861	0.7174	1.04774	0.841073	1.49107	1.02992	0.667379	1.2565	0.653913	1.33628	1.0013
0.497801	2.41502	0.352771	2.10554	0.987394	2.0502	0.563662	1.59375	0.695346	1.58952	0.88391	0.738867	1.0389	1.26901	1.17633	0.728214	0.450253	1.67388	0.568837	1.89797	0.719197	1.0563	0.843624	1.49687	1.03107	0.677027	1.25761	0.654449	1.33799	1.01229
0.501915	2.4023	0.356364	2.10231	0.983895	2.0475	0.566394	1.6065	0.698069	1.59955	0.885181	0.750129	1.04107	1.26985	1.17759	0.738805	0.453114	1.67739	0.572086	1.90674	0.721008	1.06509	0.846185	1.50237	1.03223	0.686711	1.25873	0.655057	1.33973	1.02317
0.506007	2.38864	0.359952	2.09905	0.9804	2.04476	0.569149	1.62033	0.700809	1.60914	0.886472	0.761455	1.04324	1.27052	1.17886	0.749486	0.455982	1.68125	0.57535	1.91487	0.722835	1.07413	0.848756	1.50762	1.03341	0.696536	1.25985	0.65567	1.34149	1.03384
0.510074	2.37411	0.363534	2.09572	0.976911	2.04193	0.571929	1.63523	0.703565	1.61836	0.887782	0.772874	1.04541	1.27101	1.18015	0.760273	0.458857	1.68544	0.578627	1.9224	0.724677	1.08342	0.851335	1.51263	1.03461	0.706462	1.26097	0.656441	1.34326	1.04438
0.514116	2.35864	0.36711	2.09235	0.973426	2.03913	0.574734	1.65126	0.706337	1.62722	0.889112	0.784341	1.04758	1.27134	1.18145	0.771114	0.461739	1.68988	0.581916	1.92938	0.726535	1.09295	0.853922	1.51737	1.03583	0.716439	1.26209	0.657291	1.34506	1.05481
0.51813	2.34217	0.370681	2.08897	0.969946	2.0363	0.577569	1.6684	0.709123	1.63567	0.890461	0.795862	1.04975	1.27151	1.18278	0.782075	0.464629	1.69465	0.585217	1.93572	0.72841	1.10273	0.856518	1.52184	1.03706	0.726473	1.26322	0.658149	1.34687	1.06505
0.522116	2.32472	0.374245	2.08551	0.966471	2.03338	0.580433	1.68669	0.711924	1.64376	0.89183	0.807472	1.05192	1.27154	1.18412	0.793157	0.467527	1.69972	0.588528	1.94152	0.730302	1.11276	0.85912	1.52605	1.03831	0.736627	1.26434	0.659167	1.34869	1.07515
0.526071	2.3063	0.377804	2.08205	0.963001	2.03045	0.58333	1.70614	0.714738	1.65149	0.893219	0.819189	1.05409	1.27139	1.18549	0.804301	0.470434	1.70501	0.591848	1.94681	0.732211	1.12304	0.86173	1.53002	1.03957	0.746842	1.26547	0.660263	1.35054	1.08509
0.529994	2.28691	0.381357	2.07858	0.959535	2.02749	0.586261	1.72673	0.717565	1.65882	0.894628	0.830959	1.05627	1.2711	1.18687	0.815536	0.473351	1.71053	0.595178	1.95149	0.734138	1.13356	0.864347	1.53377	1.04086	0.75715	1.2666	0.66143	1.3524	1.09485
0.533882	2.26657	0.384904	2.07506	0.956075	2.02448	0.589228	1.74842	0.720404	1.66577	0.896057	0.842786	1.05844	1.27068	1.18827	0.826849	0.476277	1.7163	0.598514	1.9556	0.736083	1.1443	0.866969	1.53725	1.04216	0.767565	1.26773	0.662695	1.35428	1.10447
0.537735	2.24535	0.388445	2.0715	0.95262	2.02143	0.592233	1.77114	0.723254	1.67237	0.897507	0.854704	1.06061	1.2701	1.1897	0.838262	0.479213	1.72228	0.601857	1.95923	0.738046	1.1553	0.869597	1.54048	1.04348	0.778003	1.26886	0.664039	1.35617	1.11392
0.541552	2.22329	0.391979	2.06795	0.949171	2.01836	0.595277	1.79495	0.726116	1.67864	0.898977	0.866668	1.06277	1.26934	1.19114	0.849756	0.48216	1.72848	0.605206	1.96235	0.740029	1.16656	0.872231	1.54348	1.04482	0.788546	1.26999	0.665516	1.35808	1.12323
0.545329	2.20043	0.395508	2.06439	0.945726	2.01525	0.598364	1.81973	0.728988	1.68453	0.900467	0.878747	1.06494	1.26847	1.1926	0.861291	0.485117	1.73484	0.60856	1.96489	0.742031	1.17804	0.874869	1.54625	1.04617	0.799202	1.27113	0.667059	1.36001	1.13234
0.549067	2.17687	0.399031	2.06075	0.942287	2.01208	0.601493	1.84533	0.73187	1.69004	0.901978	0.890914	1.06711	1.26751	1.19408	0.872939	0.488085	1.74132	0.611918	1.96697	0.744053	1.18978	0.877512	1.54879	1.04755	0.809916	1.27227	0.668697	1.36195	1.14132
0.552765	2.15275	0.402547	2.05716	0.938854	2.00888	0.604667	1.87172	0.734761	1.69524	0.90351	0.903095	1.06927	1.26638	1.19558	0.884644	0.491065	1.748	0.615278	1.96854	0.746095	1.20175	0.880159	1.5511	1.04894	0.82072	1.27342	0.670414	1.36391	1.15011
0.55642	2.12815	0.406057	2.05357	0.935426	2.00566	0.607886	1.89875	0.73766	1.7001	0.905063	0.915376	1.07143	1.2651	1.1971	0.896408	0.494056	1.75484	0.618641	1.96963	0.748158	1.21396	0.88281	1.55325	1.05035	0.831601	1.27456	0.672232	1.36588	1.15875
0.560034	2.10325	0.409561	2.04992	0.932003	2.00242	0.611152	1.92629	0.740567	1.70464	0.906637	0.927768	1.07359	1.26375	1.19864	0.908263	0.497059	1.76182	0.622006	1.97024	0.750241	1.22644	0.885465	1.55513	1.05178	0.84255	1.27571	0.674193	1.36787	1.16725
0.563604	2.07814	0.413059	2.0463	0.928586	1.99909	0.614466	1.95423	0.743482	1.70886	0.908232	0.940247	1.07575	1.26227	1.2002	0.920133	0.500074	1.7689	0.625371	1.97036	0.752347	1.23911	0.888122	1.55678	1.05323	0.853596	1.27687	0.676195	1.36987	1.17555
0.567132	2.05293	0.416551	2.0427	0.925175	1.99573	0.617827	1.98238	0.746404	1.7127	0.909848	0.95277	1.0779	1.26063	1.20178	0.932042	0.503101	1.77603	0.628736	1.97008	0.754474	1.25201	0.890782	1.55829	1.05469	0.86469	1.27802	0.67831	1.37188	1.18369
0.570617	2.02791	0.420036	2.0391	0.92177	1.99234	0.621237	2.01059	0.749332	1.71626	0.911486	0.965345	1.08005	1.25894	1.20339	0.944031	0.50614	1.78328	0.6321	1.96929	0.756623	1.26521	0.893445	1.55957	1.05618	0.87587	1.27918	0.680544	1.37391	1.19167
0.574059	2.00315	0.423515	2.03551	0.91837	1.98892	0.624695	2.03869	0.752266	1.71956	0.913146	0.978008	1.0822	1.25714	1.20501	0.956061	0.509192	1.79065	0.635462	1.96805	0.758795	1.27859	0.896109	1.56061	1.05769	0.887123	1.28035	0.682837	1.37595	1.19949
0.577459	1.97879	0.426989	2.03191	0.914976	1.98547	0.6282	2.06652	0.755206	1.72254	0.914827	0.990778	1.08435	1.25522	1.20665	0.968112	0.512256	1.79808	0.638822	1.96645	0.76099	1.29218	0.898775	1.56147	1.05921	0.898445	1.28151	0.685252	1.37801	1.20715
0.580817	1.955	0.430456	2.02835	0.911588	1.98197	0.631753	2.09398	0.75815	1.7252	0.91653	1.0036	1.08649	1.25327	1.20832	0.980172	0.515333	1.80554	0.642179	1.96438	0.763209	1.30603	0.901443	1.56218	1.06076	0.909863	1.28269	0.687729	1.38008	1.21466
0.584136	1.9319	0.433917	2.02484	0.908206	1.97844	0.635352	2.12087	0.761099	1.72756	0.918255	1.01648	1.08863	1.25121	1.21	0.992269	0.518423	1.81301	0.645532	1.96192	0.765451	1.32007	0.904111	1.56272	1.06232	0.92136	1.28386	0.690298	1.38216	1.22197
0.587416	1.90962	0.437372	2.02132	0.904831	1.97486	0.638997	2.14703	0.764051	1.72969	0.920002	1.02945	1.09076	1.24907	1.2117	1.00438	0.521526	1.82055	0.64888	1.95905	0.767718	1.33434	0.90678	1.56306	1.0639	0.932896	1.28505	0.693006	1.38425	1.22916
0.590659	1.8882	0.440821	2.01783	0.901461	1.97122	0.642686	2.17244	0.767007	1.73156	0.921771	1.04247	1.0929	1.24691	1.21343	1.01651	0.524641	1.82813	0.652223	1.95575	0.770009	1.34877	0.90945	1.56319	1.06551	0.944482	1.28623	0.695784	1.38635	1.23619
0.593866	1.86783	0.444264	2.01441	0.898098	1.96758	0.646417	2.19696	0.769965	1.73312	0.923562	1.05557	1.09502	1.24466	1.21518	1.02864	0.52777	1.8357	0.65556	1.95216	0.772325	1.36342	0.91212	1.56317	1.06713	0.956125	1.28742	0.698659	1.38847	1.24301
0.597039	1.84848	0.447701	2.011	0.89474	1.96391	0.65019	2.22052	0.772926	1.73449	0.925376	1.06874	1.09715	1.24232	1.21694	1.04073	0.530912	1.84329	0.658891	1.94816	0.774666	1.3783	0.914789	1.563	1.06877	0.967858	1.28862	0.701613	1.3906	1.24971
0.600179	1.83021	0.451133	2.00759	0.89139	1.96014	0.654002	2.24307	0.77589	1.73557	0.927213	1.08195	1.09927	1.24001	1.21873	1.05285	0.534066	1.85089	0.662215	1.94381	0.777032	1.39329	0.917458	1.56267	1.07043	0.979636	1.28982	0.704637	1.39274	1.25624
0.60329	1.81312	0.454559	2.00427	0.888045	1.95639	0.657852	2.26449	0.778854	1.73642	0.929072	1.09521	1.10138	1.23765	1.22054	1.06494	0.537234	1.85844	0.665531	1.93913	0.779425	1.40846	0.920127	1.56219	1.07212	0.991437	1.29102	0.70779	1.39489	1.2626
0.606372	1.79717	0.457979	2.00101	0.884707	1.9526	0.661737	2.28486	0.781821	1.73713	0.930954	1.10856	1.10349	1.2352	1.22237	1.07696	0.540414	1.86599	0.668838	1.9341	0.781843	1.42384	0.922794	1.56158	1.07382	1.00334	1.29224	0.711007	1.39705	1.26882
0.609428	1.78233	0.461393	1.99774	0.881376	1.94874	0.665656	2.30412	0.784788	1.73754	0.932858	1.12195	1.1056	1.2328	1.22422	1.08898	0.543607	1.8735	0.672137	1.9288	0.784288	1.43933	0.92546	1.56078	1.07554	1.01527	1.29345	0.714286	1.39922	1.27493
0.61246	1.76863	0.464802	1.99455	0.878051	1.94486	0.669607	2.32222	0.787755	1.73775	0.934786	1.13536	1.1077	1.23039	1.22609	1.10096	0.546813	1.88095	0.675426	1.9232	0.78676	1.45494	0.928125	1.55989	1.07729	1.02723	1.29468	0.71769	1.40141	1.27796
0.615469	1.75608	0.468206	1.99144	0.874733	1.94093	0.673588	2.33929	0.790723	1.73782	0.936736	1.14884	1.1098	1.22795	1.22798	1.11289	0.550032	1.88838	0.678706	1.91731	0.789258	1.4707	0.930788	1.55888	1.07905	1.03925	1.2959	0.721187		
0.618458	1.74457	0.471604	1.98837	0.871421	1.93697	0.677597	2.35526	0.793691	1.7377	0.93871	1.16236	1.1119	1.22552	1.22989	1.12477	0.553263	1.89578	0.681975	1.91118	0.791783	1.48656	0.93345	1.55773	1.08084	1.05127	1.29714	0.724762		
0.621428	1.73412	0.474998	1.98538	0.868117	1.93301	0.681632	2.37014	0.796659	1.73737	0.940707	1.17587	1.11399	1.22313	1.23182	1.13653	0.556507	1.90311	0.685234	1.90477	0.794335	1.50251	0.936109	1.55647	1.08264	1.06331	1.29838	0.728406		
0.624381	1.72468	0.478386	1.98243	0.864819	1.92899	0.685693	2.38405	0.799625	1.73689	0.942726	1.18943	1.11608	1.22076	1.23377	1.14826	0.559764	1.91039	0.688481	1.89816	0.796915	1.51853	0.938766	1.55507	1.08447	1.07543	1.29963	0.732116		
0.627319	1.71622	0.481769	1.9795	0.861528	1.92491	0.689776	2.39695	0.802591	1.73634	0.944769	1.20305	1.11816	1.21836	1.23574	1.15991	0.563032	1.91759	0.691717	1.89136	0.799522	1.53462	0.941421	1.55363	1.08632	1.08752	1.30088	0.735921		
0.630243	1.70864	0.485147	1.97671	0.858244	1.92079	0.69388	2.40888	0.805556	1.7356	0.946836	1.21667	1.12024	1.21605	1.23773	1.17143	0.566313	1.92469	0.694941	1.88431	0.802157	1.55077	0.944073	1.5521	1.08818	1.09964	1.30214	0.739836		
0.633155	1.70194	0.488521	1.97398	0.854967	1.91667	0.698003	2.41995	0.80852	1.7347	0.948925	1.23029	1.12231	1.21378	1.23974	1.18288	0.569606	1.9317	0.698153	1.87713	0.804819	1.56696	0.946722	1.55044	1.09007	1.11179	1.30341	0.743805		
0.636057	1.69609	0.49189	1.97125	0.851697	1.91254	0.702145	2.43012	0.811481	1.73376	0.951038	1.24394	1.12438	1.21157	1.24177	1.19424	0.572911	1.93867	0.701353	1.86982	0.807509	1.58313	0.949369	1.54871	1.09198	1.12393	1.30468	0.747863		
0.638949	1.69096	0.495254	1.96865	0.848435	1.90829	0.706304	2.43948	0.814441	1.7327	0.953174	1.25757	1.12645	1.20944	1.24382	1.20547	0.576228	1.94557	0.70454	1.86237	0.810226	1.59926	0.952012	1.54692	1.09391	1.13607	1.30596	0.751996		
0.641832	1.68661	0.498614	1.96614	0.845179	1.90407	0.710478	2.44806	0.8174	1.73155	0.955333	1.2712	1.12852	1.20732	1.24589	1.21658	0.579557	1.95232	0.707714	1.85477	0.812971	1.61541	0.954652	1.5451	1.09586	1.14818	1.30725	0.756199		
0.644709	1.68291	0.501969	1.96368	0.841931	1.89983	0.714666	2.45585	0.820356	1.73039	0.957516	1.28482	1.13058	1.2053	1.24798	1.22759	0.582897	1.95901	0.710875	1.8471	0.815744	1.6315	0.95729	1.54319	1.09783	1.16026	1.30854	0.760498		
0.647581	1.67983	0.505321	1.96128	0.83869	1.8955	0.718866	2.46293	0.82331	1.72913	0.959722	1.29838	1.13263	1.20342	1.25008	1.23845	0.586248	1.96561	0.714023	1.8394	0.818544	1.64749	0.959923	1.54125	1.09983	1.17237	1.30985	0.764875		
0.650447	1.67739	0.508668	1.95896	0.835457	1.89117	0.723078	2.46938	0.826262	1.72785	0.961951	1.31194	1.13469	1.20159	1.25221	1.2492	0.589611	1.97209	0.717158	1.83165	0.821371	1.66345	0.962554	1.53929	1.10184	1.18446	1.31116	0.769293		
0.65331	1.67548	0.512012	1.95672	0.832231	1.88684	0.727301	2.47515	0.829212	1.72659	0.964203	1.32549	1.13674	1.1998	1.25435	1.25978	0.592984	1.97849	0.720279	1.82384	0.824226	1.67925	0.965181	1.53729	1.10387	1.19648	1.31247	0.773792		
0.65617	1.67407	0.515352	1.95454	0.829012	1.88246	0.731532	2.48029	0.832159	1.72528	0.966478	1.33899	1.13878	1.1982	1.25651	1.27017	0.596368	1.98479	0.723388	1.81601	0.827107	1.69493	0.967805	1.53526	1.10593	1.20847	1.3138	0.778424		
0.659028	1.67318	0.518688	1.95247	0.825801	1.87803	0.735772	2.48484	0.835105	1.724	0.968776	1.35239	1.14083	1.19669	1.25869	1.28048	0.599763	1.99094	0.726482	1.80822	0.830015	1.71047	0.970425	1.53323	1.108	1.2204	1.31513	0.783093		
0.661885	1.6727	0.522021	1.95047	0.822597	1.87357	0.74002	2.48878	0.838048	1.72278	0.971097	1.36575	1.14287	1.19525	1.26089	1.29061	0.603169	1.99698	0.729564	1.80049	0.832949	1.72582	0.973042	1.53119	1.11009	1.23231	1.31648	0.78781		
0.664741	1.67265	0.52535	1.94854	0.819401	1.8691	0.744273	2.49224	0.840989	1.72161	0.973441	1.37908	1.14491	1.19397	1.2631	1.30054	0.606584	2.00295	0.732632	1.79279	0.83591	1.74099	0.975655	1.52919	1.11221	1.24414	1.31782	0.792645		
0.667598	1.67302	0.528676	1.94665	0.816213	1.86462	0.748532	2.49515	0.843928	1.7205	0.975808	1.3923	1.14695	1.19284	1.26533	1.31033	0.61001	2.00881	0.735687	1.78516	0.838896	1.75597	0.978265	1.52722	1.11434	1.25588	1.31918	0.797539		
0.670456	1.67374	0.531999	1.94487	0.813033	1.86012	0.752796	2.4975	0.846866	1.71945	0.978197	1.40545	1.14899	1.19181	1.26757	1.31993	0.613446	2.01455	0.73873	1.77763	0.841908	1.7707	0.980871	1.52525	1.1165	1.2676	1.32055	0.802461		
0.673315	1.67474	0.535319	1.94317	0.80986	1.85558	0.757063	2.49936	0.849801	1.71855	0.980608	1.41849	1.15102	1.19089	1.26984	1.32934	0.616891	2.02018	0.741759	1.77018	0.844944	1.78519	0.983475	1.5233	1.11867	1.27921	1.32192	0.807492		
0.676176	1.67608	0.538637	1.94152	0.806695	1.851	0.761333	2.50075	0.852736	1.71782	0.983042	1.43142	1.15305	1.19015	1.27211	1.33863	0.620346	2.02569	0.744776	1.76287	0.848005	1.79946	0.986074	1.5214	1.12087	1.29072	1.32331	0.812607		
0.67904	1.67774	0.541951	1.93995	0.803537	1.84644	0.765605	2.50169	0.855669	1.71721	0.985498	1.44426	1.15509	1.18957	1.27441	1.3477	0.62381	2.0311	0.74778	1.75572	0.85109	1.8134	0.988671	1.51955	1.12308	1.30216	1.3247	0.817795		
0.681907	1.67962	0.545263	1.93845	0.800388	1.84184	0.769878	2.50213	0.858601	1.71675	0.987975	1.45696	1.15712	1.18909	1.27672	1.35657	0.627284	2.03638	0.750773	1.74873	0.854199	1.82703	0.991265	1.51782	1.12531	1.31349	1.3261	0.823051		
0.684777	1.68177	0.548572	1.93705	0.797246	1.83721	0.774151	2.50204	0.861533	1.71652	0.990474	1.46953	1.15915	1.18879	1.27904	1.36524	0.630766	2.04156	0.753753	1.74187	0.857331	1.84037	0.993856	1.51612	1.12757	1.32472	1.32751	0.828371		
0.687651	1.68418	0.551879	1.9357	0.794112	1.83259	0.778424	2.50154	0.864464	1.71653	0.992994	1.48201	1.16118	1.18867	1.28138	1.37372	0.634257	2.04662	0.756722	1.73519	0.860485	1.85342	0.996443	1.5145	1.12984	1.33585	1.32893	0.833755		
0.69053	1.68677	0.555184	1.93441	0.790987	1.82794	0.782695	2.5006	0.867396	1.71675	0.995536	1.49431	1.16321	1.18864	1.28373	1.38202	0.637756	2.05157	0.75968	1.72875	0.863662	1.86613	0.999029	1.51301	1.13213	1.3468	1.33036	0.839202		
0.693413	1.68952	0.558486	1.93321	0.787869	1.82328	0.786965	2.49917	0.870328	1.71726	0.998098	1.50644	1.16524	1.18881	1.2861	1.39013	0.641264	2.05645	0.762627	1.72247	0.866859	1.87846	1.00161	1.51158	1.13444	1.35766	1.3318	0.844742		
0.6963	1.69248	0.561787	1.93205	0.784759	1.8186	0.791232	2.49725	0.873261	1.71808	1.00068	1.51841	1.16727	1.18921	1.28848	1.39802	0.64478	2.06116	0.765564	1.71642	0.870078	1.89042	1.00419	1.51028	1.13677	1.36841	1.33324	0.850328		
0.699193	1.69563	0.565085	1.93094	0.781657	1.81395	0.795495	2.49487	0.876196	1.71923	1.00328	1.53022	1.1693	1.18971	1.29088	1.40568	0.648304	2.06577	0.76849	1.71061	0.873316	1.90203	1.00677	1.5091	1.13911	1.37899	1.3347	0.856		
0.702092	1.69894	0.568382	1.92993	0.778563	1.80928	0.799753	2.492	0.879134	1.72073	1.00591	1.54188	1.17133	1.19037	1.29328	1.4132	0.651836	2.07033	0.771406	1.70498	0.876574	1.91331	1.00935	1.50805	1.14148	1.38941	1.33617	0.861776		
0.704996	1.70235	0.571677	1.92898	0.775477	1.80459	0.804006	2.48862	0.882074	1.7226	1.00855	1.55331	1.17336	1.19119	1.2957	1.42048	0.655376	2.07475	0.774314	1.6996	0.879851	1.92415	1.01192	1.50712	1.14386	1.3997	1.33764	0.867573		
0.707907	1.70592	0.574971	1.92811	0.772399	1.79991	0.808254	2.48474	0.885017	1.72489	1.01121	1.56457	1.1754	1.19222	1.29814	1.42756	0.658923	2.07903	0.777212	1.69446	0.883147	1.93458	1.01449	1.50632	1.14626	1.40986	1.33913	0.873443		
0.710823	1.70962	0.578263	1.92724	0.769329	1.79521	0.812493	2.48035	0.887965	1.72759	1.0139	1.57564	1.17744	1.19345	1.30058	1.43444	0.662477	2.08325	0.780101	1.68954	0.886459	1.94469	1.01707	1.5057	1.14868	1.41983	1.34063	0.87938		
0.713746	1.71339	0.581554	1.92643	0.766268	1.79056	0.816726	2.47546	0.890918	1.73079	1.0166	1.58647	1.17948	1.19481	1.30304	1.4411	0.666039	2.08737	0.782983	1.68488	0.889789	1.95436	1.01964	1.50523	1.15111	1.42961	1.34213	0.885413		
0.716676	1.71729	0.584843	1.92575	0.763213	1.7859	0.820949	2.46998	0.893877	1.73453	1.01931	1.59712	1.18152	1.19635	1.3055	1.44756	0.669607	2.09135	0.785856	1.68051	0.893135	1.96358	1.02221	1.50494	1.15356	1.43924	1.34365	0.891524		
0.719612	1.72128	0.588131	1.92507	0.760168	1.78123	0.825162	2.4639	0.896843	1.73878	1.02205	1.60755	1.18356	1.19808	1.30798	1.45382	0.673182	2.09525	0.788723	1.67634	0.896496	1.97241	1.02478	1.50485	1.15602	1.44869	1.34518	0.897675		
0.722555	1.72538	0.591419	1.92442	0.757129	1.7766	0.829365	2.45727	0.899816	1.74357	1.02481	1.61774	1.18561	1.19997	1.31047	1.45986	0.676764	2.0991	0.791582	1.6724	0.899872	1.98084	1.02735	1.5049	1.15851	1.45797	1.34672	0.903876		
0.725505	1.72953	0.594705	1.92388	0.754099	1.77198	0.833555	2.45002	0.902798	1.749	1.02758	1.6277	1.18766	1.20206	1.31297	1.4657	0.680352	2.10281	0.794435	1.66876	0.903262	1.98887	1.02992	1.50515	1.161	1.46707	1.34827	0.910196		
0.728462	1.73372	0.59799	1.92336	0.751077	1.76738	0.837733	2.44216	0.90579	1.75505	1.03036	1.63742	1.18972	1.20431	1.31547	1.47137	0.683946	2.10644	0.797282	1.66536	0.906665	1.99647	1.03249	1.50561	1.16352	1.47595	1.34983	0.916575		
0.731427	1.73804	0.601274	1.92285	0.748063	1.76282	0.841897	2.43362	0.908793	1.76173	1.03317	1.64692	1.19177	1.20677	1.31799	1.4768	0.687547	2.10995	0.800123	1.66218	0.910081	2.00361	1.03506	1.50624	1.16605	1.48466	1.3514	0.922983		
0.734399	1.74239	0.604558	1.92245	0.745056	1.75829	0.846045	2.42436	0.911808	1.76916	1.03599	1.65615	1.19384	1.20939	1.32052	1.482	0.691153	2.11338	0.802959	1.65922	0.913509	2.01034	1.03763	1.50711	1.16859	1.49316	1.35298	0.929529		
0.737378	1.74677	0.607841	1.92206	0.742057	1.75374	0.850178	2.41447	0.914836	1.77733	1.03883	1.66517	1.19591	1.21218	1.32305	1.48704	0.694765	2.11676	0.805791	1.65654	0.916948	2.01671	1.04021	1.50823	1.17115	1.50144	1.35457	0.936115		
0.740365	1.75122	0.611123	1.92168	0.739066	1.74928	0.854292	2.40383	0.917878	1.78621	1.04168	1.67392	1.19798	1.21519	1.3256	1.49188	0.698383	2.12003	0.808617	1.65408	0.920397	2.02262	1.04278	1.50956	1.17372	1.50954	1.35618	0.94275		
0.74336	1.7557	0.614404	1.92139	0.736082	1.74488	0.858388	2.39245	0.920937	1.79591	1.04454	1.68241	1.20006	1.21831	1.32815	1.4965	0.702006	2.12319	0.81144	1.65183	0.923856	2.02808	1.04536	1.51113	1.1763	1.51745	1.35779	0.949472		
0.746362	1.76023	0.617686	1.92113	0.733106	1.74048	0.862464	2.38029	0.924013	1.80643	1.04742	1.69064	1.20214	1.22166	1.33071	1.50092	0.705635	2.12628	0.814259	1.64984	0.927324	2.03313	1.04795	1.5129	1.1789	1.52513	1.35942	0.956268		
0.749372	1.76482	0.620966	1.9209	0.730137	1.73614	0.866519	2.36737	0.927107	1.81772	1.05032	1.6986	1.20423	1.22519	1.33328	1.50513	0.709269	2.12934	0.817076	1.64807	0.930801	2.03779	1.05053	1.5149	1.18151	1.53258	1.36106	0.963102		
0.75239	1.7694	0.624247	1.9207	0.727176	1.7319	0.87055	2.35366	0.930221	1.8299	1.05323	1.70632	1.20632	1.22888	1.33585	1.50919	0.712908	2.13226	0.819889	1.64654	0.934285	2.04201	1.05312	1.51717	1.18413	1.53987	1.36271	0.970047		
0.755416	1.77398	0.627527	1.92053	0.724221	1.7277	0.874558	2.3391	0.933357	1.84295	1.05615	1.71377	1.20843	1.23276	1.33843	1.51305	0.716552	2.13512	0.8227	1.64518	0.937775	2.04579	1.05571	1.51973	1.18677	1.54692	1.36437	0.977048		
0.758449	1.7786	0.630807	1.92042	0.721274	1.72358	0.87854	2.32378	0.936516	1.85684	1.05908	1.72097	1.21054	1.23681	1.34102	1.51668	0.720201	2.13791	0.825508	1.64404	0.941272	2.0492	1.05831	1.52252	1.18942	1.55376	1.36605	0.984108		
0.761491	1.78326	0.634086	1.9203	0.718334	1.71955	0.882495	2.30767	0.939699	1.87162	1.06202	1.72788	1.21265	1.24103	1.34361	1.52014	0.723854	2.1406	0.828315	1.64313	0.944775	2.05217	1.06091	1.52556	1.19208	1.56039	1.36773	0.991259		
0.76454	1.78794	0.637366	1.92024	0.715401	1.71556	0.886422	2.29076	0.942909	1.88724	1.06498	1.73449	1.21477	1.24543	1.34621	1.52344	0.727512	2.14325	0.83112	1.64236	0.948282	2.05474	1.06352	1.52891	1.19475	1.56678	1.36943	0.998456		
0.767598	1.7926	0.640645	1.92021	0.712475	1.71174	0.890319	2.27308	0.946146	1.90365	1.06795	1.74089	1.21691	1.24998	1.34881	1.52652	0.731175	2.14584	0.833925	1.64182	0.951793	2.05692	1.06614	1.5325	1.19743	1.57294	1.37114	1.00577		
0.770663	1.79725	0.643924	1.9202	0.709554	1.708	0.894186	2.25465	0.949411	1.92087	1.07093	1.747	1.21904	1.25474	1.35142	1.52939	0.734842	2.14835	0.836728	1.64149	0.955308	2.05863	1.06876	1.53634	1.20012	1.57893	1.37287	1.01311		
0.773737	1.80193	0.647204	1.92019	0.706641	1.70436	0.898021	2.23553	0.952707	1.93885	1.07392	1.75284	1.22119	1.25968	1.35404	1.53212	0.738513	2.15074	0.839531	1.6413	0.958825	2.05998	1.07138	1.54048	1.20282	1.58471	1.3746	1.02049		
0.776818	1.80665	0.650483	1.92022	0.703733	1.70085	0.901822	2.21578	0.956034	1.95753	1.07691	1.75842	1.22335	1.26475	1.35666	1.53467	0.742188	2.15312	0.842334	1.64129	0.962344	2.06093	1.07402	1.54494	1.20553	1.59023	1.37635	1.02799		
0.779908	1.8113	0.653762	1.92026	0.700831	1.69748	0.905589	2.19545	0.959393	1.97684	1.07992	1.76372	1.22551	1.27001	1.35928	1.53702	0.745867	2.15545	0.845138	1.64144	0.965864	2.06144	1.07666	1.54965	1.20825	1.59553	1.37812	1.03558		
0.783005	1.81595	0.657042	1.92034	0.697935	1.69426	0.909321	2.17461	0.962786	1.99674	1.08294	1.76875	1.22768	1.27546	1.36191	1.53925	0.74955	2.15767	0.847941	1.64177	0.969385	2.0616	1.07931	1.55463	1.21098	1.60063	1.37989	1.04318		
0.78611	1.82066	0.660322	1.92045	0.695044	1.69118	0.913017	2.15332	0.966213	2.01709	1.08596	1.77352	1.22987	1.28106	1.36454	1.54126	0.753237	2.15986	0.850745	1.64227	0.972906	2.06137	1.08197	1.55994	1.21372	1.60552	1.38168	1.05088		
0.789224	1.82533	0.663602	1.92056	0.692158	1.68829	0.916676	2.13169	0.969675	2.03784	1.089	1.77808	1.23206	1.2868	1.36717	1.5431	0.756928	2.16198	0.85355	1.64292	0.976426	2.0607	1.08464	1.5655	1.21647	1.61023	1.38348	1.05866		
0.792345	1.82996	0.666882	1.92068	0.689277	1.68561	0.920298	2.10979	0.973174	2.05887	1.09204	1.78231	1.23426	1.29274	1.36981	1.5448	0.760622	2.16403	0.856357	1.64368	0.979944	2.05969	1.08732	1.57138	1.21922	1.61466	1.38529	1.06645		
0.795474	1.83459	0.670162	1.92083	0.686401	1.6831	0.923882	2.08777	0.976708	2.08006	1.09508	1.78631	1.23648	1.29883	1.37245	1.54633	0.764319	2.16607	0.859165	1.64459	0.983461	2.05828	1.09001	1.57753	1.22198	1.61892	1.38712	1.07434		
0.798611	1.83923	0.673443	1.92103	0.683529	1.68079	0.927429	2.0657	0.980278	2.1014	1.09814	1.79004	1.2387	1.30506	1.37509	1.54768	0.76802	2.16803	0.861974	1.64569	0.986975	2.05646	1.09271	1.58399	1.22475	1.62297	1.38896	1.08234		
0.801756	1.84381	0.676724	1.92119	0.68066	1.67879	0.930938	2.04368	0.983885	2.12268	1.1012	1.79352	1.24093	1.31149	1.37773	1.54888	0.771725	2.16993	0.864786	1.64686	0.990485	2.05428	1.09542	1.59074	1.22753	1.62678	1.39082	1.09036		
0.804909	1.84839	0.680005	1.92137	0.677794	1.677	0.934409	2.02184	0.987529	2.14378	1.10426	1.7968	1.24318	1.31805	1.38038	1.54995	0.775432	2.17175	0.867599	1.64816	0.993991	2.05174	1.09814	1.59777	1.23031	1.63043	1.39269	1.09842		
0.80807	1.853	0.683286	1.92155	0.674932	1.67547	0.937844	2.00027	0.991208	2.16467	1.10734	1.79978	1.24544	1.32473	1.38303	1.55085	0.779142	2.17356	0.870415	1.64958	0.997493	2.04886	1.10087	1.60509	1.2331	1.63386	1.39457	1.10657		
0.811238	1.85757	0.686568	1.92176	0.672072	1.67426	0.941242	1.97909	0.994922	2.18524	1.11041	1.80253	1.2477	1.33163	1.38568	1.55158	0.782856	2.17533	0.873234	1.65113	1.00099	2.04559	1.10362	1.61268	1.23589	1.63709	1.39647	1.1148		
0.814414	1.86208	0.68985	1.92202	0.669213	1.67334	0.944604	1.95835	0.998672	2.20536	1.11349	1.80506	1.24998	1.33864	1.38833	1.5522	0.786573	2.17702	0.876055	1.65283	1.00448	2.04195	1.10638	1.62056	1.23869	1.64013	1.39838	1.12308		
0.817598	1.86656	0.693133	1.92225	0.666356	1.6728	0.947931	1.9381	1.00246	2.22502	1.11658	1.80734	1.25228	1.3458	1.39098	1.55269	0.790292	2.1787	0.878879	1.65458	1.00796	2.03796	1.10916	1.62875	1.24149	1.64295	1.4003	1.12723		
0.82079	1.87106	0.696416	1.92248	0.663499	1.67263	0.951223	1.91851	1.00627	2.24407	1.11967	1.80941	1.25458	1.35312	1.39363	1.55303	0.794014	2.18028	0.881706	1.65641	1.01144	2.03364	1.11195	1.6372	1.2443	1.6456				
0.823989	1.87554	0.6997	1.92276	0.660643	1.67287	0.954484	1.89958	1.01012	2.26248	1.12276	1.81125	1.2569	1.36056	1.39628	1.55323	0.797739	2.18184	0.884537	1.65838	1.01491	2.02901	1.11475	1.64591	1.24711	1.64807				
0.827196	1.87995	0.702983	1.92302	0.657786	1.67352	0.957712	1.88133	1.014	2.28026	1.12585	1.81285	1.25923	1.36818	1.39894	1.5533	0.801467	2.1834	0.887371	1.66045	1.01837	2.02403	1.11757	1.65488	1.24993	1.65032				
0.830411	1.88435	0.706268	1.92327	0.654927	1.67463	0.960909	1.86385	1.01791	2.29732	1.12895	1.81427	1.26157	1.37589	1.40159	1.55332	0.805197	2.18486	0.890209	1.6626	1.02182	2.01872	1.1204	1.6641	1.25275	1.65241				
0.833633	1.88872	0.709553	1.92352	0.652066	1.67625	0.964078	1.84712	1.02185	2.31359	1.13205	1.81547	1.26393	1.38374			0.808929	2.1863	0.89305	1.66479	1.02527	2.01313	1.12325	1.67357	1.25557	1.65432				
0.836862	1.89307	0.712838	1.9238	0.649201	1.67836	0.967219	1.83123	1.02581	2.32909	1.13515	1.81645	1.2663	1.39171			0.812664	2.18773	0.895895	1.66709	1.0287	2.00721	1.12612	1.68329	1.2584	1.65608				
0.840099	1.89738	0.716124	1.92409	0.646333	1.6811	0.970333	1.81617	1.0298	2.34383	1.13825	1.81731	1.26868	1.39982			0.816402	2.18907	0.898744	1.66951	1.03212	2.001	1.129	1.69326	1.26123	1.65764				
0.843343	1.90167	0.71941	1.9244	0.643459	1.68442	0.973422	1.80186	1.03382	2.3578	1.14136	1.81792	1.27108	1.40808			0.820142	2.19039	0.901597	1.67196	1.03553	1.99455	1.1319	1.70341	1.26406	1.65904				
0.846594	1.90595	0.722697	1.92467	0.64058	1.68839	0.976487	1.78837	1.03786	2.37097	1.14446	1.81835	1.27349	1.41642			0.823884	2.19173	0.904455	1.67445	1.03894	1.98783	1.13482	1.71375	1.2669	1.6603				
0.849853	1.91013	0.725984	1.92493	0.637692	1.69312	0.97953	1.77567	1.04192	2.38337	1.14757	1.81866	1.27592	1.42486			0.827628	2.19295	0.907317	1.67703	1.04232	1.98082	1.13776	1.7243	1.26973	1.66136				
0.853118	1.9143	0.729272	1.92525	0.634796	1.69855	0.982552	1.76376	1.046	2.39502	1.15068	1.81878	1.27836	1.43342			0.831374	2.19416	0.910183	1.67971	1.0457	1.97359	1.14071	1.73505	1.27257	1.66229				
0.856391	1.91849	0.73256	1.92556	0.631891	1.70476	0.985555	1.7526	1.0501	2.40592	1.15378	1.81875	1.28081	1.44209			0.835122	2.19538	0.913054	1.68241	1.04907	1.96615	1.14368	1.74597	1.27541	1.66313				
0.859671	1.92262	0.735849	1.92584	0.628974	1.71181	0.988539	1.74219	1.05421	2.41611	1.15689	1.81858	1.28328	1.45088			0.838873	2.19651	0.915929	1.68515	1.05242	1.95849	1.14667	1.75703	1.27825	1.66377				
0.862958	1.92667	0.739138	1.92611	0.626044	1.71977	0.991506	1.73247	1.05835	2.42557	1.15999	1.81825	1.28577	1.4597			0.842625	2.19764	0.91881	1.68798	1.05576	1.95067	1.14968	1.7682	1.28109	1.66424				
0.866252	1.93071	0.742428	1.92642	0.623099	1.72869	0.994456	1.7234	1.0625	2.43435	1.1631	1.81783	1.28827	1.46863			0.846379	2.19876	0.921695	1.69085	1.05908	1.94265	1.15271	1.7795	1.28393	1.66463				
0.869553	1.93474	0.745718	1.92674	0.620139	1.73855	0.997392	1.71502	1.06666	2.44252	1.1662	1.81732	1.29078	1.47768			0.850135	2.19978	0.924585	1.69377	1.06239	1.93445	1.15576	1.79092	1.28678	1.66492				
0.87286	1.93873	0.749009	1.92702	0.617161	1.74943	1.00031	1.70725	1.07084	2.45004	1.16931	1.81666	1.29332	1.48678			0.853893	2.20082	0.92748	1.69671	1.06569	1.92615	1.15883	1.80241	1.28962	1.66506				
0.876175	1.94265	0.7523	1.92731	0.614164	1.7614	1.00322	1.70008	1.07503	2.45692	1.17241	1.81593	1.29586	1.49595			0.857652	2.20183	0.930381	1.69973	1.06897	1.91769	1.16192	1.81394	1.29247	1.66507				
0.879496	1.94653	0.755592	1.92762	0.611145	1.77444	1.00612	1.69346	1.07923	2.46321	1.17551	1.81513	1.29843	1.50517			0.861413	2.2028	0.933286	1.70276	1.07224	1.90913	1.16503	1.82553	1.29531	1.66498				
0.882824	1.95042	0.758884	1.92789	0.608103	1.78863	1.00901	1.68737	1.08345	2.46893	1.17861	1.81426	1.301	1.51446			0.865176	2.20378	0.936197	1.70582	1.07549	1.90052	1.16815	1.83717	1.29815	1.66479				
0.886158	1.95425	0.762177	1.92818	0.605035	1.80397	1.01188	1.68178	1.08767	2.4741	1.1817	1.81333	1.3036	1.52377			0.868941	2.20468	0.939113	1.70896	1.07873	1.89182	1.1713	1.84878	1.301	1.6645				
0.889499	1.95805	0.76547	1.92848	0.601941	1.82039	1.01475	1.67667	1.0919	2.47877	1.1848	1.81234	1.30621	1.53314			0.872707	2.20556	0.942034	1.71211	1.08195	1.88307	1.17447	1.86037	1.30384	1.66414				
0.892846	1.96178	0.768764	1.92876	0.598818	1.83802	1.01761	1.67207	1.09613	2.48289	1.18789	1.81135	1.30883	1.54255			0.876474	2.20646	0.94496	1.71526	1.08516	1.87431	1.17766	1.87192	1.30668	1.66371				
0.896199	1.9655	0.772058	1.92905	0.595663	1.85675	1.02046	1.66782	1.10038	2.48654	1.19099	1.81039	1.31148	1.552			0.880243	2.20732	0.947893	1.71848	1.08835	1.86553	1.18086	1.88346	1.30952	1.66319				
0.899559	1.96919	0.775353	1.92935	0.592476	1.87658	1.02331	1.66399	1.10463	2.48972	1.19408	1.80939	1.31414	1.56142			0.884013	2.20811	0.95083	1.72173	1.09153	1.85674	1.18409	1.89492	1.31236	1.66259				
0.902925	1.97279	0.778648	1.92962	0.589253	1.8974	1.02615	1.66059	1.10888	2.49236	1.19717	1.80842	1.31681	1.5709			0.887785	2.20892	0.953773	1.72496	1.0947	1.84799	1.18733	1.90625	1.3152	1.66195				
0.906298	1.97642	0.781944	1.92985	0.585995	1.91918	1.02898	1.6575	1.11314	2.49458	1.20026	1.80751	1.3195	1.58038			0.891558	2.20969	0.956722	1.72825	1.09784	1.83927	1.1906	1.91749	1.31804	1.66122				
0.909676	1.97997	0.78524	1.93016	0.582698	1.94187	1.03181	1.65475	1.1174	2.49637	1.20334	1.80661	1.32221	1.58982			0.895333	2.21045	0.959676	1.73157	1.10098	1.83062	1.19388	1.92862	1.32087	1.66046				
0.913061	1.98348	0.788536	1.93043	0.579362	1.96528	1.03463	1.65232	1.12167	2.49767	1.20643	1.80583	1.32493	1.59928			0.899108	2.2112	0.962636	1.73486	1.1041	1.82205	1.19719	1.93957	1.32371	1.65968				
0.916451	1.987	0.791833	1.93066	0.575985	1.98931	1.03745	1.65021	1.12593	2.49857	1.20951	1.80512	1.32767	1.60868			0.902885	2.21191	0.965602	1.73818	1.1072	1.81355	1.20051	1.95033	1.32654	1.65888				
0.919847	1.99043	0.795131	1.93096	0.572567	2.01387	1.04027	1.64838	1.1302	2.49904	1.21259	1.80453	1.33043	1.61808			0.906664	2.21258	0.968574	1.74158	1.11029	1.80519	1.20385	1.96095	1.32937	1.65802				
0.92325	1.99381	0.798429	1.9312	0.569107	2.03878	1.04308	1.64681	1.13447	2.49904	1.21567	1.80404	1.3332	1.62746			0.910443	2.21325	0.971551	1.74495	1.11337	1.79692	1.20721	1.97136	1.33221	1.65716				
0.926658	1.99719	0.801727	1.93145	0.565603	2.06389	1.04589	1.6455	1.13874	2.49863	1.21875	1.80374	1.33599	1.63676			0.914223	2.21393	0.974534	1.7483	1.11643	1.7888	1.21058	1.98155	1.33503	1.65629				
0.933491	2.00383	0.805026	1.93173	0.562057	2.08905	1.0487	1.64441	1.143	2.49781	1.22183	1.80361	1.33879	1.64605			0.918005	2.21455	0.977522	1.75171	1.11948	1.78087	1.21397	1.99154	1.33786	1.65543				
0.936916	2.00707	0.808325	1.93193	0.558468	2.11411	1.05151	1.64353	1.14727	2.49653	1.22491	1.80368	1.34161	1.65525			0.921787	2.21517	0.980517	1.75512	1.12251	1.77303	1.21738	2.00127	1.34069	1.65456				
0.940346	2.01027	0.811625	1.93218	0.554836	2.13891	1.05432	1.6429	1.15153	2.49481	1.22799	1.80396	1.34444	1.66436			0.925571	2.21578	0.983517	1.75853	1.12553	1.76537	1.22081	2.01071	1.34351	1.65369				
0.943782	2.01349	0.814925	1.93243	0.551162	2.16332	1.05712	1.64246	1.15579	2.49265	1.23108	1.80447	1.34729	1.67341			0.929356	2.21634	0.986523	1.76196	1.12854	1.75792	1.22425	2.01992	1.34634	1.65292				
0.947223	2.01661	0.818225	1.93265	0.547447	2.1872	1.05993	1.64218	1.16004	2.49005	1.23416	1.80528	1.35016	1.68236			0.933141	2.2169	0.989535	1.76541	1.13154	1.75063	1.22771	2.02883	1.34916	1.65213				
0.95067	2.01969	0.821526	1.93288	0.543692	2.21044	1.06273	1.64211	1.16429	2.48699	1.23724	1.80637	1.35304	1.69126			0.936928	2.21746	0.992553	1.76884	1.13452	1.74352	1.23118	2.03746	1.35198	1.65133				
0.954122	2.02274	0.824827	1.93309	0.539897	2.23297	1.06554	1.64219	1.16854	2.48344	1.24033	1.80778	1.35594	1.70004			0.940715	2.21798	0.995577	1.77229	1.13749	1.73665	1.23467	2.04583	1.3548	1.65066				
0.957579	2.02579	0.828129	1.93329	0.536064	2.25469	1.06834	1.64242	1.17278	2.47941	1.24342	1.80954	1.35885	1.70867			0.944504	2.21849	0.998607	1.77574	1.14045	1.72997	1.23817	2.05385	1.35762	1.65001				
0.961041	2.0288	0.831431	1.93351	0.532196	2.27555	1.07115	1.64281	1.17701	2.47486	1.24651	1.81168	1.36177	1.7172			0.948293	2.21896	1.00164	1.77918	1.1434	1.7235	1.24168	2.06158	1.36044	1.64941				
0.964509	2.03172	0.834733	1.93375	0.528292	2.29546	1.07395	1.64335	1.18123	2.46983	1.24961	1.81424	1.36471	1.72564			0.952083	2.21945	1.00468	1.78262	1.14634	1.71724	1.24521	2.06897	1.36325	1.64895				
0.967981	2.03464	0.838036	1.93393	0.524355	2.31443	1.07676	1.64399	1.18544	2.46428	1.25271	1.81719	1.36767	1.73392			0.955874	2.21994	1.00773	1.78608	1.14927	1.71119	1.24875	2.07604	1.36607	1.64854				
0.971458	2.03752	0.841339	1.93411	0.520387	2.33243	1.07957	1.6448	1.18965	2.45816	1.25581	1.82062	1.37063	1.74205			0.959665	2.2204	1.01078	1.78954	1.15219	1.70539	1.2523	2.08282	1.36888	1.64817				
0.974941	2.04036	0.844642	1.93433	0.516388	2.34943	1.08238	1.6457	1.19384	2.45148	1.25892	1.82456	1.37362	1.75007			0.963458	2.22082	1.01384	1.79301	1.15509	1.69979	1.25587	2.08922	1.3717	1.64793				
0.978428	2.04317	0.847946	1.9345	0.512362	2.36548	1.08519	1.64668	1.19802	2.44418	1.26204	1.82904	1.37661	1.75792			0.967251	2.22121	1.01691	1.79647	1.15799	1.69442	1.25944	2.09526	1.37451	1.64781				
0.981919	2.04594	0.85125	1.93467	0.508309	2.38057	1.088	1.64782	1.20219	2.43629	1.26517	1.83406	1.37962	1.76559			0.971045	2.22162	1.01998	1.79991	1.16088	1.68923	1.26302	2.10101	1.37733	1.64781				
0.985416	2.04868	0.854554	1.93489	0.504231	2.3947	1.09082	1.64904	1.20634	2.4278	1.26831	1.83967	1.38264	1.77311			0.974839	2.22205	1.02306	1.80336	1.16376	1.68429	1.26661	2.10636	1.38014	1.6479				
0.988917	2.05138	0.857859	1.93505	0.500129	2.40792	1.09363	1.65036	1.21048	2.41866	1.27146	1.84588	1.38568	1.78049			0.978634	2.22241	1.02614	1.80682	1.16663	1.67958	1.27022	2.11138	1.38295	1.64814				
0.992423	2.05404	0.861163	1.9352	0.496006	2.42024	1.09645	1.65177	1.2146	2.40886	1.27461	1.85273	1.38872	1.78768			0.98243	2.22275	1.02923	1.81025	1.1695	1.6751	1.27383	2.1161	1.38577	1.64856				
0.995933	2.05666	0.864469	1.93537	0.491863	2.43171	1.09928	1.65324	1.21871	2.39836	1.27778	1.86027	1.39178	1.79465			0.986227	2.22311	1.03232	1.8137	1.17235	1.67081	1.27744	2.1204	1.38859	1.64908				
0.999447	2.05927	0.867774	1.93554	0.4877	2.44233	1.1021	1.65481	1.2228	2.38713	1.28097	1.86849	1.39485	1.80147			0.990024	2.22344	1.03542	1.81712	1.1752	1.66675	1.28107	2.12435	1.3914	1.64975				
1.00297	2.06182	0.87108	1.93569	0.48352	2.45217	1.10493	1.65644	1.22686	2.37518	1.28417	1.87744	1.39794	1.80814			0.993821	2.22376	1.03853	1.82054	1.17805	1.66289	1.2847	2.12796	1.39422	1.65061				
1.00649	2.06433	0.874386	1.93583	0.479324	2.46127	1.10776	1.65815	1.23091	2.36254	1.28738	1.88714	1.40103	1.81141			0.997619	2.2241	1.04164	1.82398	1.18088	1.65923	1.28834	2.13122	1.39704	1.65162				
1.01002	2.06685	0.877692	1.93599	0.475114	2.46963	1.11059	1.65996	1.23493	2.34917	1.29061	1.89759					1.00142	2.2244	1.04476	1.8274	1.18372	1.65579	1.29198	2.13409	1.39986	1.65281				
1.01355	2.06932	0.880998	1.93613	0.470889	2.47726	1.11343	1.6618	1.23893	2.33499	1.29386	1.90879					1.00522	2.22467	1.04788	1.83082	1.18654	1.65255	1.29563	2.13664	1.40269	1.65346				
1.01709	2.07173	0.884305	1.93627	0.466652	2.48421	1.11627	1.66367	1.24291	2.3201	1.29713	1.92077					1.00902	2.22493	1.05101	1.83423	1.18936	1.64948	1.29928	2.13881						
1.02063	2.07411	0.887612	1.93639	0.462404	2.49056	1.11911	1.66566	1.24686	2.30452	1.30042	1.9335					1.01282	2.22519	1.05415	1.8376	1.19217	1.64661	1.30293	2.14061						
1.02417	2.07645	0.890919	1.93652	0.458145	2.49627	1.12196	1.66768	1.25078	2.28819	1.30374	1.94699					1.01662	2.22544	1.05729	1.84099	1.19498	1.64397	1.30659	2.14207						
1.02772	2.07879	0.894226	1.93668	0.453877	2.50138	1.12481	1.66974	1.25467	2.27114	1.30707	1.96122					1.02042	2.22569	1.06044	1.84439	1.19779	1.64148	1.31025	2.14314						
1.03127	2.08111	0.897534	1.93678	0.449601	2.50591	1.12766	1.67185	1.25854	2.25345	1.31043	1.9762					1.02422	2.2259	1.06359	1.84776	1.20059	1.63914	1.31391	2.14386						
1.03483	2.08338	0.900842	1.93687	0.445318	2.50988	1.13052	1.67399	1.26237	2.23511	1.31382	1.99183					1.02802	2.22611	1.06675	1.85112	1.20339	1.63699	1.31757	2.14422						
1.03839	2.0856	0.90415	1.93701	0.441029	2.5133	1.13338	1.67621	1.26617	2.21621	1.31724	2.00809					1.03182	2.22633	1.06991	1.85447	1.20618	1.63501	1.32123	2.14424						
1.04195	2.0878	0.907458	1.9371	0.436734	2.51613	1.13624	1.67843	1.26994	2.1968	1.32068	2.02495					1.03563	2.2265	1.07308	1.85781	1.20897	1.63322	1.3249	2.14388						
1.04552	2.08998	0.910766	1.93722	0.432434	2.5185	1.13911	1.68072	1.27367	2.17688	1.32415	2.04233					1.03943	2.22668	1.07626	1.86116	1.21176	1.63158	1.32856	2.14315						
1.04909	2.09212	0.914075	1.93733	0.428131	2.52033	1.14198	1.68307	1.27737	2.15659	1.32766	2.06018					1.04323	2.22684	1.07944	1.8645	1.21455	1.63008	1.33222	2.14207						
1.05266	2.09424	0.917383	1.93739	0.423826	2.52158	1.14486	1.68539	1.28104	2.13601	1.33119	2.07838					1.04703	2.22697	1.08263	1.86781	1.21733	1.62874	1.33587	2.14063						
1.05624	2.09633	0.920692	1.93748	0.419518	2.52234	1.14774	1.68776	1.28467	2.11523	1.33476	2.09687					1.05084	2.22714	1.08582	1.87111	1.22011	1.62755	1.33953	2.1388						
1.05982	2.09836	0.924001	1.93759	0.41521	2.52256	1.15062	1.69018	1.28827	2.09428	1.33835	2.11558					1.05464	2.22725	1.08902	1.8744	1.22289	1.62649	1.34318	2.13664						
1.06341	2.1004	0.92731	1.93771	0.410902	2.52221	1.15351	1.69263	1.29182	2.07329	1.34198	2.13441					1.05844	2.22737	1.09222	1.87768	1.22566	1.62558	1.34683	2.13417						
1.067	2.1024	0.93062	1.93776	0.406595	2.52131	1.15641	1.69509	1.29535	2.05236	1.34564	2.15326					1.06225	2.22749	1.09543	1.88096	1.22844	1.62476	1.35047	2.13126						
1.07059	2.10434	0.933929	1.93782	0.40229	2.51983	1.1593	1.69756	1.29883	2.03156	1.34934	2.17203					1.06605	2.22755	1.09865	1.88422	1.23121	1.6241	1.35411	2.12805						
1.07419	2.10629	0.937239	1.93792	0.397988	2.51772	1.1622	1.70006	1.30229	2.01097	1.35306	2.19064					1.06986	2.22764	1.10187	1.88748	1.23399	1.62359	1.35774	2.12449						
1.07778	2.10823	0.940548	1.93799	0.393691	2.515	1.16511	1.70261	1.3057	1.99068	1.35682	2.20905					1.07366	2.22772	1.10509	1.89072	1.23676	1.62314	1.36136	2.12054						
1.08139	2.1101	0.943858	1.93806	0.389398	2.5116	1.16802	1.70519	1.30909	1.97079	1.36061	2.22713					1.07747	2.22775	1.10832	1.89395	1.23953	1.62283	1.36498	2.11628						
1.08499	2.11196	0.947168	1.93813	0.385112	2.50746	1.17093	1.70775	1.31243	1.95134	1.36443	2.24478					1.08127	2.22777	1.11156	1.89721	1.2423	1.62267	1.36859	2.11167						
1.0886	2.11379	0.950478	1.93819	0.380833	2.50253	1.17385	1.71033	1.31575	1.93242	1.36828	2.26199					1.08508	2.22781	1.1148	1.90042	1.24507	1.62259	1.37219	2.10671						
1.09221	2.1156	0.953788	1.93825	0.376564	2.49681	1.17678	1.71295	1.31903	1.91405	1.37215	2.27874					1.08888	2.22783	1.11805	1.90363	1.24785	1.62258	1.37579	2.10144						
1.09583	2.11737	0.957098	1.93832	0.372305	2.4902	1.1797	1.71559	1.32229	1.89626	1.37606	2.29488					1.09269	2.22781	1.12131	1.90681	1.25062	1.6227	1.37937	2.09583						
1.09944	2.11913	0.960409	1.93835	0.368059	2.48254	1.18264	1.71821	1.32551	1.87917	1.37999	2.31041					1.09649	2.2278	1.12457	1.90998	1.25339	1.62292	1.38294	2.0899						
1.10306	2.12087	0.963719	1.93839	0.363826	2.47386	1.18557	1.72085	1.32871	1.86269	1.38395	2.32535					1.10029	2.22777	1.12783	1.91321	1.25616	1.62321	1.38651	2.08366						
1.10669	2.12255	0.96703	1.93848	0.359609	2.46404	1.18851	1.72353	1.33187	1.84691	1.38793	2.33967					1.1041	2.22775	1.1311	1.91637	1.25893	1.62361	1.39006	2.0771						
1.11031	2.12425	0.97034	1.93852	0.355409	2.45288	1.19146	1.72617	1.33502	1.83186	1.39194	2.35326					1.1079	2.22768	1.13438	1.91953	1.26171	1.62411	1.3936	2.07026						
1.11394	2.12591	0.973651	1.93854	0.351231	2.44028	1.19441	1.72885	1.33813	1.81747	1.39597	2.36618					1.11171	2.22758	1.13766	1.92269	1.26448	1.62468	1.39713	2.06313						
1.11758	2.12754	0.976962	1.93862	0.347074	2.42611	1.19736	1.73159	1.34122	1.80374	1.40002	2.37249					1.11551	2.2275	1.14094	1.92581	1.26725	1.6253	1.40065	2.05951						
1.12121	2.12913	0.980273	1.93865	0.342944	2.4102	1.20032	1.73429	1.34429	1.79075							1.11932	2.2274	1.14424	1.92899	1.27003	1.62601								
1.12485	2.1307	0.983583	1.93867	0.338842	2.39231	1.20329	1.73697	1.34734	1.77844							1.12312	2.22729	1.14753	1.93212	1.27281	1.6268								
1.12849	2.13229	0.986894	1.93871	0.334773	2.37225	1.20626	1.73967	1.35037	1.76677							1.12692	2.22711	1.15083	1.93523	1.27559	1.62766								
1.13213	2.13383	0.990205	1.93873	0.330739	2.34983	1.20923	1.74238	1.35337	1.75577							1.13073	2.22695	1.15414	1.93837	1.27837	1.62862								
1.13578	2.13534	0.993516	1.93877	0.326746	2.32469	1.21221	1.74513	1.35636	1.74538							1.13453	2.22679	1.15746	1.94152	1.28115	1.62962								
1.13943	2.13684	0.996828	1.93882	0.322799	2.29656	1.21519	1.74786	1.35934	1.73557							1.13833	2.22658	1.16077	1.94464	1.28393	1.63068								
1.14308	2.1383	1.00014	1.93885	0.318902	2.26519	1.21818	1.75059	1.36229	1.72636							1.14214	2.22635	1.1641	1.94771	1.28672	1.6318								
1.14673	2.13974	1.00345	1.93886	0.315062	2.23024	1.22117	1.75332	1.36523	1.71771							1.14594	2.22611	1.16743	1.95083	1.28951	1.63294								
1.15038	2.14117	1.00676	1.93887	0.311284	2.19136	1.22417	1.75605	1.36816	1.7096							1.14974	2.22587	1.17076	1.95397	1.2923	1.6342								
1.15404	2.1426	1.01007	1.9389	0.307577	2.14819	1.22717	1.7588	1.37107	1.70199							1.15354	2.22556	1.1741	1.95708	1.29509	1.63547								
1.1577	2.14397	1.01338	1.93892	0.303947	2.10054	1.23017	1.76154	1.37397	1.69487							1.15734	2.22522	1.17745	1.96019	1.29788	1.63679								
1.16137	2.14533	1.0167	1.93896	0.300402	2.04814	1.23319	1.76427	1.37686	1.68822							1.16114	2.2249	1.1808	1.96329	1.30068	1.63823								
1.16503	2.14669	1.02001	1.93898	0.296951	1.99077	1.2362	1.76703	1.37974	1.68195							1.16494	2.22455	1.18415	1.96642	1.30348	1.63966								
1.1687	2.14799	1.02332	1.93896	0.293602	1.92838	1.23922	1.76977	1.38261	1.67616							1.16874	2.22416	1.18751	1.96956	1.30628	1.64111								
1.17237	2.14932	1.02663	1.93901	0.290364	1.86104	1.24225	1.77251	1.38546	1.67075							1.17254	2.22375	1.19088	1.97268	1.30908	1.64265								
1.17604	2.15061	1.02994	1.939	0.287246	1.78902	1.24527	1.77526	1.38831	1.66573							1.17634	2.22326	1.19425	1.97582	1.31189	1.64422								
1.17971	2.15187	1.03325	1.939	0.284254	1.71263	1.24831	1.77797	1.39115	1.66105							1.18013	2.22277	1.19763	1.97897	1.3147	1.64581								
1.18339	2.15312	1.03656	1.93903	0.281396	1.63239	1.25135	1.78072	1.39399	1.65667							1.18393	2.22228	1.20101	1.98212	1.31751	1.64747								
1.18707	2.15433	1.03988	1.93905	0.278678	1.54911	1.25439	1.78346	1.39681	1.65265							1.18772	2.22173	1.2044	1.9853	1.32033	1.64917								
1.19075	2.15556	1.04319	1.93905	0.276105	1.46351	1.25744	1.78616	1.39963	1.64897							1.19152	2.22111	1.20779	1.98851	1.32315	1.65085								
1.19443	2.15676	1.0465	1.93906	0.273679	1.37651	1.26049	1.7889	1.40244	1.64721							1.19531	2.22049	1.21119	1.99169	1.32597	1.65259								
1.19811	2.15795	1.04981	1.93906	0.271403	1.28898	1.26355	1.79163									1.1991	2.21984	1.21459	1.99488	1.32879	1.65439								
1.2018	2.1591	1.05312	1.93906	0.269277	1.20175	1.26661	1.79436									1.20289	2.21911	1.218	1.99816	1.33162	1.65622								
1.20549	2.1602	1.05643	1.93909	0.267298	1.11563	1.26968	1.79706									1.20668	2.21835	1.22142	2.00143	1.33445	1.65803								
1.20918	2.16134	1.05975	1.93908	0.265466	1.03116	1.27275	1.79976									1.21047	2.21753	1.22484	2.00471	1.33728	1.65989								
1.21287	2.16246	1.06306	1.93907	0.263776	0.948891	1.27583	1.80248									1.21425	2.21666	1.22827	2.00802	1.34012	1.66182								
1.21657	2.16355	1.06637	1.9391	0.262225	0.86915	1.27891	1.80517									1.21804	2.21576	1.2317	2.01138	1.34296	1.66374								
1.22026	2.16462	1.06968	1.93908	0.260808	0.792181	1.28199	1.80788									1.22182	2.21478	1.23514	2.01476	1.3458	1.66569								
1.22396	2.16566	1.07299	1.93907	0.259519	0.718035	1.28508	1.81056									1.2256	2.21373	1.23858	2.01818	1.34865	1.66762								
1.22766	2.1667	1.0763	1.93906	0.258355	0.646747	1.28818	1.81323									1.22938	2.21265	1.24203	2.02163	1.3515	1.66961								
1.23136	2.16774	1.07961	1.93906	0.25731	0.578266	1.29128	1.8159									1.23316	2.2115	1.24549	2.02514	1.35435	1.67166								
1.23506	2.16876	1.08293	1.93909	0.25638	0.512429	1.29438	1.8186									1.23694	2.21027	1.24895	2.0287	1.35721	1.67367								
1.23877	2.16974	1.08624	1.93908	0.25556	0.449156	1.29749	1.82124									1.24071	2.209	1.25241	2.03227	1.36007	1.67573								
1.24247	2.17069	1.08955	1.93907	0.254846	0.388286	1.3006	1.82387									1.24448	2.20763	1.25589	2.03591	1.36293	1.67781								
1.24618	2.17169	1.09286	1.93906	0.254233	0.329624	1.30372	1.82654									1.24825	2.20613	1.25937	2.03962	1.3658	1.67988								
1.24989	2.17262	1.09617	1.93906	0.25372	0.273024	1.30684	1.82921									1.25202	2.20461	1.26286	2.0434	1.36867	1.68199								
1.2536	2.17355	1.09948	1.93906	0.253301	0.218321	1.30996	1.83181									1.25578	2.20305	1.26635	2.0472	1.37154	1.68413								
1.25732	2.17448	1.1028	1.93906	0.252974	0.165369	1.3131	1.83441									1.25954	2.20137	1.26985	2.05109	1.37442	1.68625								
1.26103	2.17538	1.10611	1.93906	0.252736	0.114061	1.31623	1.83708									1.2633	2.19957	1.27335	2.05501	1.3773	1.68837								
1.26475	2.17626	1.10942	1.93903	0.252584	0.0642461	1.31937	1.83968									1.26706	2.19771	1.27687	2.05901	1.38019	1.69054								
1.26846	2.17714	1.11273	1.93904	0.252517	0.0158402	1.32251	1.84225									1.27081	2.19576	1.28039	2.06312	1.38308	1.69274								
1.27218	2.17801	1.11604	1.93905	0.25253	-0.0312333	1.32566	1.84483									1.27456	2.19373	1.28391	2.06725	1.38597	1.69492								
1.2759	2.17885	1.11935	1.93903	0.252623	-0.0770976	1.32882	1.84745									1.2783	2.19164	1.28745	2.07145	1.38887	1.6971								
1.27962	2.1797	1.12267	1.93901	0.252794	-0.121781	1.33197	1.85003									1.28204	2.18944	1.29099	2.07571	1.39177	1.6993								
1.28335	2.18053	1.12598	1.93901	0.253039	-0.165343	1.33513	1.85256									1.28578	2.18717	1.29454	2.08004	1.39467	1.70154								
1.28707	2.18134	1.12929	1.939	0.253358	-0.207896	1.3383	1.85513									1.28951	2.18479	1.29809	2.08444	1.39758	1.70375								
1.2908	2.18212	1.1326	1.939	0.253749	-0.249363	1.34147	1.85768									1.29324	2.18237	1.30166	2.08889	1.40049	1.70484								
1.29453	2.18289	1.13591	1.93897	0.25421	-0.289833	1.34465	1.86019									1.29697	2.17989	1.30523	2.09338										
1.29825	2.18367	1.13922	1.93898	0.254739	-0.329422	1.34782	1.86272									1.30069	2.17735	1.30881	2.09788										
1.30198	2.18443	1.14253	1.93899	0.255255	-0.363098	1.35101	1.86528									1.3044	2.17475	1.31239	2.10249										
1.30572	2.18518	1.14585	1.93896	0.255734	-0.391175	1.3542	1.86777									1.30812	2.17211	1.31599	2.10708										
1.30945	2.18593	1.14916	1.93895	0.256156	-0.414046	1.35739	1.87025									1.31182	2.16944	1.31959	2.11167										
1.31318	2.18662	1.15247	1.93894	0.256507	-0.431952	1.36058	1.87276									1.31553	2.16674	1.3232	2.11628										
1.31692	2.18733	1.15578	1.93894	0.256774	-0.444922	1.36378	1.87522									1.31922	2.16409	1.32682	2.12088										
1.32065	2.18806	1.15909	1.93891	0.257027	-0.456626	1.36699	1.87769									1.32292	2.16143	1.33045	2.12547										
1.32439	2.18873	1.1624	1.93892	0.257207	-0.464734	1.3702	1.88016									1.32661	2.15874	1.33408	2.13002										
1.32813	2.18941	1.16571	1.93893	0.257495	-0.477417	1.37341	1.88264									1.33029	2.15613	1.33772	2.1345										
1.33187	2.19009	1.16902	1.9389	0.257898	-0.494394	1.37663	1.88505									1.33397	2.15358	1.34137	2.13893										
1.33561	2.19074	1.17234	1.93889	0.258428	-0.515437	1.37985	1.88746									1.33765	2.15107	1.34503	2.14328										
1.33935	2.19137	1.17565	1.93888	0.259097	-0.54041	1.38308	1.88991									1.34132	2.14864	1.34869	2.14756										
1.34309	2.192	1.17896	1.93888	0.259923	-0.568926	1.3863	1.89231									1.34499	2.14628	1.35236	2.15175										
1.34684	2.19259	1.18227	1.93888	0.260922	-0.600581	1.38954	1.89471									1.34865	2.14405	1.35604	2.15579										
1.35058	2.19322	1.18558	1.93888	0.261975	-0.631049	1.39278	1.89712									1.35231	2.14191	1.35973	2.15976										
1.35433	2.19382	1.18889	1.93884	0.263078	-0.660148	1.39602	1.89948									1.35597	2.13985	1.36342	2.1636										
1.35808	2.1944	1.1922	1.93883	0.26423	-0.687666	1.39926	1.90183									1.35962	2.13792	1.36712	2.16729										
1.36183	2.195	1.19551	1.93885	0.265427	-0.713372	1.40251	1.90302									1.36327	2.13612	1.37082	2.17083										
1.36557	2.19554	1.19883	1.93883	0.266666	-0.736934											1.36691	2.13445	1.37453	2.17428										
1.36932	2.19613	1.20214	1.93882	0.267944	-0.757814											1.37056	2.1329	1.37825	2.17755										
1.37308	2.19666	1.20545	1.93882	0.269255	-0.77528											1.3742	2.13148	1.38197	2.18067										
1.37683	2.19718	1.20876	1.93882	0.270592	-0.78816											1.37784	2.13018	1.3857	2.18368										
1.38058	2.19772	1.21207	1.93881	0.271947	-0.794632											1.38148	2.129	1.38943	2.18652										
1.38433	2.19823	1.21538	1.93878	0.273306	-0.791925											1.38511	2.12792	1.39316	2.18924										
1.38809	2.19871	1.21869	1.93877	0.274652	-0.775436											1.38874	2.12697	1.39691	2.19184										
1.39184	2.19923	1.222	1.93879	0.275955	-0.737604											1.39238	2.12616	1.40065	2.19309										
1.3956	2.19973	1.22532	1.93877	0.277171	-0.666629											1.39601	2.12544												
1.39936	2.2002	1.22863	1.93876	0.278232	-0.54612											1.39964	2.12484												
1.40312	2.20046	1.23194	1.93876	0.279036	-0.361043											1.40326	2.12455												
		1.23525	1.93872	0.279465	-0.250902																								
		1.23856	1.93874																										
		1.24187	1.93874																										
		1.24518	1.93875																										
		1.24849	1.93872																										
		1.2518	1.9387																										
		1.25511	1.93873																										
		1.25843	1.93871																										
		1.26174	1.93867																										
		1.26505	1.93868																										
		1.26836	1.93868																										
		1.27167	1.93869																										
		1.27498	1.93869																										
		1.27829	1.93866																										
		1.2816	1.93867																										
		1.28491	1.93868																										
		1.28822	1.93865																										
		1.29153	1.93864																										
		1.29485	1.93863																										
		1.29816	1.93863																										
		1.30147	1.93863																										
		1.30478	1.93863																										
		1.30809	1.93863																										
		1.3114	1.93863																										
		1.31471	1.93863																										
		1.31802	1.93863																										
		1.32133	1.93863																										
		1.32464	1.9386																										
		1.32795	1.93858																										
		1.33126	1.9386																										
		1.33458	1.93862																										
		1.33789	1.93859																										
		1.3412	1.93858																										
		1.34451	1.9386																										
		1.34782	1.93861																										
		1.35113	1.93859																										
		1.35444	1.93858																										
		1.35775	1.93857																										
		1.36106	1.93857																										
		1.36437	1.9386																										
		1.36768	1.93858																										
		1.37099	1.93857																										
		1.3743	1.93857																										
		1.37761	1.93857																										
		1.38093	1.93857																										
		1.38424	1.93857																										
		1.38755	1.93857																										
		1.39086	1.93857																										
		1.39417	1.93857																										
		1.39748	1.93853																										
		1.40079	1.93852																										
