Sym0		Asym0		Sym1		Sym2		Sym3		Sym4		Sym5		Sym6		Asym1		Asym2		Asym3		Asym4		Asym5		Asym6		Asym7	
379  Points		429  Points		379  Points		367  Points		322  Points		302  Points		270  Points		219  Points		378  Points		375  Points		348  Points		301  Points		272  Points		215  Points		146  Points	
Freq (MHz)	Vph (m/ms)	Freq (MHz)	Vph (m/ms)	Freq (MHz)	Vph (m/ms)	Freq (MHz)	Vph (m/ms)	Freq (MHz)	Vph (m/ms)	Freq (MHz)	Vph (m/ms)	Freq (MHz)	Vph (m/ms)	Freq (MHz)	Vph (m/ms)	Freq (MHz)	Vph (m/ms)	Freq (MHz)	Vph (m/ms)	Freq (MHz)	Vph (m/ms)	Freq (MHz)	Vph (m/ms)	Freq (MHz)	Vph (m/ms)	Freq (MHz)	Vph (m/ms)	Freq (MHz)	Vph (m/ms)
0.279335	191.705	2.21179e-005	0.0290159	1.4012	2.19889	0.292796	364.747	0.559022	412.691	0.838524	849.15	0.878211	823.511	1.11804	685.534	0.13978	168.529	0.419263	4780.12	0.585468	3181.6	0.698773	1055.02	0.97828	4268.6	1.17094	894.088	1.25779	4180.03
0.27873	88.0684	0.000232045	0.0939416	1.39744	2.19888	0.29332	116.834	0.559044	182.551	0.838515	311.101	0.878265	316.578	1.11805	334.873	0.139996	55.1766	0.419267	233.505	0.585493	309.483	0.698791	294.829	0.978284	505.05	1.17097	388.062	1.2578	626.165
0.277801	57.0111	0.000661777	0.158399	1.39368	2.19888	0.294293	69.7644	0.559082	117.202	0.838497	190.432	0.878367	195.973	1.11807	221.551	0.140428	33.0804	0.419278	119.679	0.585562	162.671	0.698831	171.367	0.978296	268.406	1.17101	247.818	1.25781	338.435
0.276663	42.0423	0.00130743	0.222134	1.38993	2.19888	0.295596	49.8794	0.559138	86.3126	0.838472	137.208	0.878516	141.927	1.1181	165.537	0.141074	23.6984	0.419298	80.4611	0.585672	110.348	0.698891	120.794	0.978314	182.772	1.17108	182.04	1.25784	231.887
0.275402	33.2274	0.00216312	0.284862	1.38617	2.19888	0.297129	38.9216	0.55921	68.314	0.838438	107.234	0.878714	111.262	1.11814	132.133	0.141926	18.5265	0.419324	60.6047	0.585825	83.5065	0.698972	93.2754	0.97834	138.566	1.17117	143.862	1.25788	176.366
0.274076	27.4179	0.00322154	0.34635	1.38242	2.19888	0.298825	31.9877	0.559299	56.5308	0.838397	88.0058	0.878957	91.5052	1.11818	109.949	0.142978	15.2615	0.419359	48.611	0.586019	67.1799	0.699073	75.9742	0.978373	111.581	1.17128	118.927	1.25793	142.299
0.272721	23.3014	0.00447399	0.406386	1.37867	2.19888	0.30064	27.208	0.559405	48.2182	0.83835	74.6232	0.879248	77.7176	1.11824	94.1448	0.144221	13.0206	0.419402	40.5821	0.586256	56.2034	0.699196	64.0919	0.978413	93.3945	1.17141	101.363	1.25799	119.265
0.271362	20.2329	0.00591089	0.4648	1.37491	2.19889	0.302547	23.7152	0.559528	42.0402	0.838296	64.772	0.879584	67.5501	1.1183	82.3146	0.145644	11.3925	0.419453	34.8311	0.586534	48.319	0.69934	55.4279	0.97846	80.3072	1.17157	88.3239	1.25806	102.651
0.270013	17.8583	0.00752196	0.521457	1.37116	2.19889	0.304527	21.0522	0.559668	37.2685	0.838236	57.2172	0.879964	59.7436	1.11837	73.1272	0.147239	10.16	0.419513	30.5093	0.586853	42.3824	0.699505	48.8313	0.978514	70.4383	1.17174	78.2606	1.25814	90.1019
0.268686	15.967	0.00929657	0.576257	1.36741	2.1989	0.306569	18.9554	0.559825	33.4724	0.838172	51.2396	0.880389	53.5619	1.11845	65.7861	0.148993	9.19718	0.419581	27.1431	0.587213	37.7521	0.699691	43.6414	0.978575	62.7307	1.17193	70.2593	1.25823	80.2887
0.267388	14.4258	0.0112241	0.629133	1.36366	2.19891	0.308663	17.2621	0.56	30.3806	0.838104	46.3919	0.880857	48.5463	1.11854	59.7857	0.150644	8.51668	0.419659	24.4472	0.587614	34.0404	0.699899	39.4518	0.978643	56.5447	1.17214	63.7454	1.25833	72.4047
0.266126	13.1464	0.0132937	0.68004	1.35991	2.19892	0.310803	15.8663	0.560192	27.814	0.838033	42.3815	0.881367	44.3958	1.11864	54.7895	0.152135	8.02538	0.419746	22.2397	0.588054	30.999	0.700127	35.9992	0.978719	51.4702	1.17238	58.3397	1.25844	65.9321
0.264903	12.0679	0.015495	0.728965	1.35617	2.19893	0.312984	14.6964	0.560401	25.6494	0.83796	39.0087	0.881919	40.9047	1.11874	50.565	0.153424	7.66894	0.419844	20.399	0.588534	28.462	0.700378	33.105	0.978802	47.2324	1.17263	53.7817	1.25857	60.5232
0.263725	11.147	0.0178182	0.775919	1.35242	2.19895	0.315204	13.7019	0.560628	23.7995	0.837885	36.1325	0.882511	37.9279	1.11885	46.9463	0.154476	7.41414	0.419952	18.8409	0.589053	26.3138	0.700649	30.6441	0.978892	43.6403	1.17291	49.8868	1.2587	55.9358
0.262593	10.3519	0.0202538	0.820929	1.34867	2.19896	0.317458	12.8462	0.560873	22.2004	0.83781	33.651	0.883142	35.3597	1.11898	43.8119	0.155269	7.24021	0.420072	17.505	0.58961	24.4717	0.700943	28.5262	0.978989	40.5568	1.1732	46.5202	1.25885	51.996
0.261511	9.65894	0.0227929	0.864034	1.34493	2.19898	0.319744	12.1023	0.561136	20.8044	0.837736	31.4881	0.883812	33.1217	1.11911	41.0707	0.155783	7.13436	0.420203	16.3471	0.590206	22.875	0.701258	26.6844	0.979094	37.881	1.17352	43.5814	1.259	48.5758
0.26048	9.05001	0.0254271	0.905282	1.34118	2.199	0.32206	11.4498	0.561416	19.5753	0.837662	29.5861	0.88452	31.1543	1.11925	38.6532	0.156534	6.98912	0.420346	15.3339	0.590838	21.4778	0.701596	25.0682	0.979206	35.5372	1.17385	40.9939	1.25917	45.5789
0.259504	8.51108	0.0281486	0.944734	1.33744	2.19902	0.324405	10.873	0.561715	18.485	0.837591	27.9006	0.885264	29.4113	1.11939	36.5052	0.157364	6.83989	0.420502	14.44	0.591507	20.2453	0.701955	23.6386	0.979325	33.4672	1.17421	38.6982	1.25935	42.9314
0.258583	8.03105	0.0309505	0.982459	1.3337	2.19905	0.326776	10.3595	0.562033	17.5113	0.837522	26.3967	0.886044	27.8566	1.11955	34.5842	0.158514	6.65013	0.420672	13.6455	0.592212	19.15	0.702337	22.3652	0.979452	31.6258	1.17458	36.6479	1.25953	40.5755
0.25772	7.60108	0.0338259	1.01852	1.32996	2.19907	0.329173	9.89952	0.562369	16.6365	0.837458	25.0465	0.886859	26.4615	1.11972	32.8559	0.160004	6.42966	0.420856	12.9349	0.592952	18.1705	0.702742	21.2238	0.979586	29.9771	1.17498	34.8056	1.25973	38.4656
0.256917	7.21402	0.036769	1.05299	1.32622	2.1991	0.331593	9.48514	0.562723	15.8464	0.837397	23.8276	0.887707	25.2025	1.11989	31.2928	0.161856	6.18856	0.421055	12.2956	0.593726	17.2894	0.703169	20.1951	0.979728	28.4923	1.17539	33.1412	1.25994	36.5652
0.256175	6.86402	0.0397742	1.08594	1.32248	2.19913	0.334036	9.10999	0.563097	15.1293	0.837342	22.7219	0.888589	24.0609	1.12007	29.8724	0.164093	5.9363	0.421269	11.7175	0.594534	16.4927	0.70362	19.2632	0.979878	27.1483	1.17583	31.6303	1.26016	34.8447
0.255496	6.54627	0.0428364	1.11744	1.31875	2.19916	0.336501	8.76879	0.56349	14.4757	0.837293	21.7142	0.889503	23.0211	1.12026	28.5759	0.166739	5.68105	0.4215	11.1923	0.595375	15.7689	0.704093	18.4151	0.980035	25.9259	1.17628	30.2527	1.2604	33.2795
0.254881	6.25674	0.0459508	1.14756	1.31501	2.19919	0.338986	8.45717	0.563902	13.8774	0.837251	20.7922	0.890448	22.0701	1.12046	27.3879	0.169464	5.4564	0.421747	10.713	0.596247	15.1086	0.70459	17.6402	0.9802	24.8094	1.17675	28.9914	1.26064	31.8498
0.254333	5.99207	0.0491136	1.17637	1.31127	2.19923	0.341491	8.17149	0.564334	13.3279	0.837215	19.9454	0.891424	21.197	1.12067	26.2953	0.172261	5.25734	0.422013	10.2741	0.597151	14.5039	0.70511	16.9294	0.980373	23.7856	1.17724	27.8324	1.2609	30.5386
0.253852	5.74941	0.0523205	1.20394	1.30754	2.19926	0.343689	7.94127	0.564786	12.8214	0.837188	19.165	0.89243	20.3928	1.12089	25.2871	0.175122	5.0799	0.422297	9.87059	0.598085	13.948	0.705654	16.2751	0.980553	22.8435	1.17775	26.7638	1.26116	29.3318
0.253441	5.52633	0.0555682	1.23032	1.30381	2.19931	0.345573	7.7574	0.565258	12.3532	0.837169	18.4435	0.893465	19.6496	1.12112	24.3539	0.178043	4.92084	0.4226	9.49851	0.599049	13.4354	0.706222	15.6709	0.980741	21.9736	1.17828	25.7755	1.26144	28.2175
0.253101	5.32077	0.0588535	1.25558	1.30008	2.19935	0.347138	7.61324	0.56575	11.9191	0.837159	17.7745	0.894529	18.9609	1.12135	23.4876	0.181018	4.77755	0.422923	9.15439	0.600041	12.9612	0.706814	15.1114	0.980938	21.1681	1.17882	24.8587	1.26173	27.1854
0.252833	5.13094	0.0621733	1.27978	1.29635	2.19939	0.34838	7.50396	0.566263	11.5156	0.837158	17.1526	0.895621	18.3208	1.1216	22.6814	0.184041	4.64785	0.423268	8.83523	0.601061	12.5213	0.707431	14.5918	0.981142	20.4199	1.17939	24.006	1.26204	26.2268
0.252641	4.95529	0.0655251	1.30297	1.29262	2.19944	0.349295	7.42612	0.566796	11.1395	0.837167	16.5728	0.89674	17.7245	1.12185	21.9292	0.187109	4.52996	0.423634	8.53848	0.602108	12.1122	0.708073	14.1081	0.981354	19.7233	1.17997	23.211	1.26235	25.3342
0.252525	4.79249	0.0689064	1.3252	1.28889	2.19949	0.349882	7.37737	0.567351	10.7883	0.837186	16.0312	0.897886	17.1676	1.12211	21.2257	0.190218	4.42237	0.424022	8.26193	0.603181	11.7308	0.70874	13.6566	0.981575	19.0731	1.18057	22.468	1.26268	24.501
0.252488	4.64135	0.072315	1.34653	1.28517	2.19954	0.350727	7.30872	0.567928	10.4596	0.837216	15.5241	0.899059	16.6465	1.12238	20.5665	0.193363	4.32382	0.42438	8.03587	0.604279	11.3743	0.709432	13.2345	0.981804	18.4648	1.18118	21.7721	1.26301	23.7215
0.252532	4.50085	0.0757487	1.36699	1.28144	2.1996	0.351648	7.23594	0.568526	10.1513	0.837257	15.0483	0.900256	16.1577	1.12266	19.9474	0.196542	4.23323	0.4247	7.85327	0.605401	11.0405	0.710149	12.8388	0.982041	17.8945	1.18182	21.119	1.26336	22.9906
0.252658	4.37009	0.0792057	1.38664	1.27772	2.19966	0.352903	7.13989	0.569146	9.86169	0.837309	14.6011	0.901479	15.6985	1.12295	19.3649	0.19975	4.14969	0.424974	7.7088	0.606546	10.7273	0.710893	12.4673	0.982286	17.3587	1.18247	20.5048	1.26373	22.304
0.252871	4.24827	0.0826842	1.40552	1.274	2.19972	0.354495	7.02304	0.569788	9.58907	0.837373	14.1799	0.902727	15.2662	1.12325	18.8159	0.202986	4.07242	0.425198	7.59852	0.607713	10.4328	0.711662	12.1179	0.98254	16.8545	1.18314	19.9263	1.2641	21.6578
0.253171	4.13468	0.0861828	1.42366	1.27028	2.19978	0.356428	6.8882	0.570454	9.33205	0.837449	13.7826	0.903999	14.8585	1.12356	18.2976	0.206246	4.00074	0.425366	7.51957	0.608902	10.1555	0.712458	11.7886	0.982802	16.3792	1.18382	19.3804	1.26449	21.0486
0.253507	4.04193	0.0896998	1.4411	1.26656	2.19985	0.358705	6.73839	0.571142	9.08936	0.837538	13.4072	0.905294	14.4736	1.12388	17.8075	0.209527	3.93407	0.425476	7.46995	0.610112	9.89386	0.713281	11.4779	0.983073	15.9303	1.18452	18.8644	1.26489	20.4732
0.253849	3.96714	0.0932339	1.45788	1.26285	2.19992	0.361329	6.5767	0.571853	8.85988	0.837639	13.052	0.906613	14.1094	1.1242	17.3434	0.212828	3.8719	0.425636	7.39986	0.611341	9.64663	0.714131	11.1842	0.983353	15.5057	1.18524	18.3761	1.2653	19.929
0.254172	3.90811	0.0967839	1.47402	1.25913	2.19999	0.363966	6.42497	0.572588	8.64259	0.837753	12.7154	0.907954	13.7644	1.12454	16.9032	0.216147	3.81378	0.425812	7.32526	0.612589	9.41266	0.715007	10.9062	0.983641	15.1035	1.18597	17.9131	1.26573	19.4135
0.254453	3.86316	0.100349	1.48957	1.25542	2.20007	0.366614	6.28232	0.573347	8.43657	0.83788	12.396	0.909318	13.4372	1.12489	16.4852	0.219481	3.75932	0.426059	7.22637	0.613855	9.19093	0.715911	10.6428	0.983938	14.722	1.18672	17.4737	1.26617	18.9246
0.254675	3.83106	0.103927	1.50455	1.2517	2.20015	0.369272	6.14795	0.57413	8.241	0.83802	12.0926	0.910704	13.1264	1.12524	16.0878	0.222828	3.70818	0.426379	7.10537	0.615138	8.9805	0.716844	10.3928	0.984245	14.3597	1.18748	17.056	1.26662	18.4601
0.254824	3.81092	0.107518	1.51898	1.24799	2.20023	0.371941	6.02117	0.574833	8.07851	0.838174	11.8039	0.912111	12.8309	1.12561	15.7094	0.226187	3.66005	0.426781	6.96482	0.616437	8.78055	0.717803	10.1552	0.98456	14.0151	1.18826	16.6586	1.26709	18.0184
0.255047	3.78251	0.110657	1.53113	1.24428	2.20032	0.374618	5.90137	0.575447	7.94547	0.838342	11.529	0.91354	12.5495	1.12598	15.3488	0.229556	3.61467	0.427271	6.80749	0.617751	8.5903	0.718792	9.9293	0.984884	13.687	1.18906	16.2799	1.26757	17.5979
0.255302	3.75236	0.11334	1.5412	1.24058	2.2004	0.377304	5.78797	0.575965	7.83908	0.838523	11.2668	0.914989	12.2813	1.12637	15.0047	0.232933	3.5718	0.427862	6.63632	0.61908	8.40908	0.719808	9.71417	0.985217	13.3742	1.18986	15.9187	1.26806	17.197
0.255671	3.71251	0.115562	1.54932	1.23687	2.2005	0.379998	5.68047	0.576382	7.75717	0.838718	11.0167	0.916459	12.0253	1.12676	14.6761	0.236317	3.53122	0.428482	6.47444	0.620423	8.23625	0.720854	9.50911	0.98556	13.0757	1.19068	15.5739	1.26857	16.8144
0.256173	3.66399	0.117322	1.55561	1.23317	2.20059	0.3827	5.57844	0.576692	7.69815	0.838928	10.7776	0.91795	11.7809	1.12716	14.3619	0.239707	3.49274	0.429133	6.32116	0.621604	8.09206	0.721928	9.31346	0.985912	12.7905	1.19152	15.2443	1.26909	16.449
0.256836	3.608	0.118618	1.56017	1.22946	2.20069	0.385407	5.48145	0.576892	7.6609	0.839152	10.5491	0.91946	11.5472	1.12758	14.0612	0.243101	3.45619	0.429816	6.17585	0.622618	7.97357	0.723032	9.12662	0.986273	12.5179	1.19237	14.9289	1.26962	16.0996
0.257692	3.54589	0.119448	1.56306	1.22576	2.2008	0.388121	5.38914	0.577182	7.60806	0.83939	10.3303	0.920989	11.3235	1.128	13.7731	0.246499	3.42142	0.43053	6.03795	0.623462	7.87852	0.724165	8.94802	0.986644	12.2569	1.19323	14.627	1.27018	15.7651
0.258784	3.47916	0.120641	1.56717	1.22207	2.20091	0.39084	5.30119	0.5775	7.55154	0.839643	10.1207	0.922537	11.1093	1.12843	13.497	0.249898	3.38828	0.431278	5.90696	0.624131	7.80517	0.725327	8.77717	0.987025	12.0069	1.1941	14.3375	1.27074	15.4448
0.259997	3.41701	0.12194	1.57159	1.21837	2.20102	0.393564	5.21728	0.577939	7.47618	0.83991	9.9197	0.924105	10.9039	1.12888	13.232	0.253298	3.35666	0.43206	5.78241	0.624626	7.75222	0.726519	8.61358	0.987415	11.7672	1.19499	14.0598	1.27132	15.1376
0.261336	3.35921	0.123708	1.57751	1.21467	2.20113	0.396291	5.13713	0.578502	7.38327	0.840193	9.72684	0.925691	10.7069	1.12933	12.9775	0.256697	3.32642	0.432877	5.66389	0.624943	7.71876	0.727741	8.45684	0.987815	11.5371	1.19589	13.7933	1.27192	14.8428
0.262806	3.30554	0.125946	1.58485	1.21098	2.20125	0.399022	5.0605	0.579196	7.27435	0.84049	9.54163	0.927295	10.5177	1.1298	12.733	0.260096	3.29748	0.433729	5.55099	0.625399	7.67123	0.728994	8.30654	0.988225	11.3162	1.1968	13.5371	1.27253	14.5598
0.264411	3.25579	0.128657	1.59353	1.20729	2.20138	0.401757	4.98716	0.58003	7.15115	0.840802	9.36363	0.928917	10.3358	1.13027	12.4978	0.263492	3.26974	0.434617	5.44338	0.625897	7.62032	0.730109	8.18053	0.988645	11.1039	1.19772	13.2908	1.27315	14.2878
0.266157	3.20979	0.131843	1.60343	1.2036	2.2015	0.404493	4.91689	0.581012	7.01554	0.841129	9.19244	0.930556	10.161	1.13076	12.2714	0.266884	3.24311	0.435542	5.34074	0.626576	7.55232	0.731079	8.07658	0.989075	10.8996	1.19865	13.0538	1.27379	14.0261
0.268046	3.16734	0.135505	1.61443	1.19991	2.20164	0.407231	4.8495	0.58202	6.88572	0.841471	9.02769	0.932213	9.99274	1.13125	12.0534	0.270272	3.21751	0.436505	5.24275	0.627438	7.46827	0.731893	7.99294	0.989516	10.7031	1.1996	12.8255	1.27445	13.7743
0.270082	3.12827	0.139173	1.62507	1.19623	2.20177	0.40997	4.78481	0.583057	6.76138	0.841829	8.86902	0.933886	9.83071	1.13176	11.8433	0.273656	3.19287	0.437507	5.14917	0.628485	7.36945	0.732545	7.92823	0.989966	10.5137	1.20055	12.6055	1.27512	13.5318
0.272267	3.09241	0.142848	1.63537	1.19254	2.20192	0.41271	4.72266	0.584121	6.64217	0.842201	8.71612	0.935577	9.67458	1.13227	11.6406	0.277033	3.16913	0.438548	5.05972	0.629719	7.25728	0.733029	7.88144	0.990427	10.3312	1.20152	12.3934	1.27581	13.2981
0.274602	3.05958	0.146528	1.64533	1.18886	2.20206	0.415451	4.66289	0.585214	6.52783	0.84259	8.56869	0.937284	9.52403	1.1328	11.4451	0.280403	3.14621	0.439629	4.97418	0.631144	7.13329	0.73334	7.85184	0.990898	10.1552	1.20249	12.1888	1.27652	13.0728
0.277085	3.0296	0.150212	1.65497	1.18518	2.20221	0.41819	4.60536	0.586336	6.41807	0.842993	8.42645	0.939006	9.37878	1.13334	11.2563	0.283766	3.12408	0.44075	4.89233	0.632576	7.01409	0.733791	7.80975	0.99138	9.98539	1.20347	11.9911	1.27724	12.8554
0.279715	3.00229	0.153902	1.6643	1.1815	2.20237	0.420929	4.54995	0.587486	6.31266	0.843358	8.30652	0.940745	9.23856	1.13389	11.0739	0.28712	3.10268	0.441913	4.81398	0.634015	6.8994	0.734285	7.7646	0.991873	9.82141	1.20447	11.8002	1.27798	12.6454
0.282488	2.97747	0.157595	1.67334	1.17783	2.20253	0.423667	4.49654	0.588666	6.21135	0.843678	8.20712	0.942499	9.10311	1.13445	10.8976	0.290466	3.08195	0.443118	4.73894	0.635461	6.78897	0.734963	7.70419	0.992376	9.66299	1.20547	11.6157	1.27874	12.4427
0.285399	2.95496	0.161293	1.68209	1.17416	2.2027	0.426403	4.445	0.589875	6.11393	0.843949	8.12682	0.944269	8.97221	1.13502	10.7271	0.293801	3.06186	0.444366	4.66704	0.636914	6.68256	0.73583	7.62938	0.99289	9.50985	1.20648	11.4372	1.27951	12.2467
0.28844	2.93456	0.164994	1.69058	1.17049	2.20287	0.429137	4.39525	0.591114	6.02021	0.844167	8.0645	0.946053	8.84562	1.1356	10.5622	0.297126	3.04236	0.445656	4.59812	0.638372	6.57995	0.736895	7.54122	0.993416	9.36175	1.20749	11.2645	1.28031	12.0572
0.291606	2.9161	0.168697	1.6988	1.16682	2.20304	0.431867	4.34718	0.592383	5.93	0.84433	8.01933	0.947852	8.72315	1.1362	10.4024	0.300441	3.02343	0.44699	4.53203	0.639835	6.48095	0.738165	7.44089	0.993952	9.21844	1.20852	11.0972	1.28112	11.8738
0.294887	2.89939	0.172404	1.70677	1.16315	2.20323	0.434595	4.30071	0.593683	5.84311	0.844436	7.99071	0.949666	8.6046	1.1368	10.2478	0.303743	3.00501	0.448369	4.46863	0.641303	6.38536	0.739651	7.32968	0.994499	9.0797	1.20955	10.9352	1.28194	11.6964
0.298275	2.88428	0.176113	1.7145	1.15949	2.20341	0.43732	4.25574	0.595014	5.7594	0.844588	7.94994	0.951493	8.48979	1.13742	10.0979	0.307033	2.98709	0.449792	4.40779	0.642776	6.29302	0.741167	7.22248	0.995058	8.94532	1.21059	10.7782	1.28279	11.5245
0.301763	2.87059	0.179824	1.722	1.15582	2.20361	0.44004	4.21221	0.596375	5.67871	0.844757	7.90613	0.953097	8.39265	1.13805	9.95253	0.31031	2.96963	0.451261	4.34939	0.644253	6.20375	0.742713	7.11907	0.995628	8.81511	1.21163	10.6259	1.28365	11.358
0.30534	2.85819	0.183537	1.72928	1.15216	2.20381	0.442756	4.17004	0.597768	5.60089	0.844989	7.84738	0.954472	8.31191	1.13869	9.81159	0.313574	2.95261	0.452775	4.29332	0.645734	6.11741	0.74429	7.01928	0.99621	8.68888	1.21268	10.4782	1.28454	11.1967
0.309	2.84693	0.187251	1.73633	1.14851	2.20401	0.445468	4.12916	0.599193	5.52581	0.845287	7.77441	0.955615	8.24652	1.13934	9.67483	0.316824	2.936	0.454336	4.23946	0.647219	6.03385	0.745897	6.92293	0.996803	8.56645	1.21374	10.3348	1.28544	11.0402
0.312734	2.8367	0.190967	1.74318	1.14485	2.20422	0.448174	4.08951	0.600649	5.45335	0.845656	7.6881	0.956523	8.19568	1.14	9.54209	0.32006	2.91978	0.455942	4.18772	0.648707	5.95295	0.747533	6.82986	0.997329	8.46274	1.2148	10.1956	1.28636	10.8884
0.316535	2.82738	0.194684	1.74983	1.1412	2.20444	0.450876	4.05103	0.602137	5.38339	0.8461	7.58945	0.957192	8.15878	1.14068	9.41318	0.323281	2.90392	0.457596	4.138	0.650199	5.87457	0.7492	6.73992	0.997785	8.37643	1.21587	10.0603	1.2873	10.7411
0.320396	2.81887	0.198401	1.75629	1.13755	2.20466	0.453572	4.01367	0.603657	5.31582	0.846625	7.47957	0.957621	8.13536	1.14136	9.28796	0.326487	2.88841	0.459297	4.09021	0.651694	5.7986	0.750896	6.65296	0.998167	8.30648	1.21694	9.92891	1.28826	10.5981
0.324312	2.81108	0.202119	1.76255	1.1339	2.20489	0.456262	3.97736	0.60521	5.25052	0.847166	7.37311	0.958239	8.10199	1.14207	9.16627	0.329678	2.87323	0.461045	4.04426	0.653191	5.72493	0.752621	6.56885	0.998472	8.25205	1.21802	9.80112	1.28924	10.4592
0.328275	2.80393	0.205838	1.76864	1.13026	2.20513	0.458946	3.94208	0.606794	5.18741	0.847722	7.26989	0.958912	8.06609	1.14278	9.04797	0.332854	2.85836	0.46284	4.00009	0.654692	5.65346	0.754375	6.48746	0.998698	8.21252	1.2191	9.67683	1.29024	10.3243
0.332283	2.79735	0.209556	1.77455	1.12662	2.20537	0.461625	3.90776	0.608412	5.1264	0.848295	7.16979	0.95983	8.01786	1.1435	8.93292	0.336014	2.84379	0.464683	3.9576	0.656196	5.58409	0.756158	6.40867	0.998844	8.18744	1.22018	9.55589	1.29126	10.1931
0.336328	2.79128	0.213274	1.78029	1.12298	2.20562	0.464297	3.87436	0.610062	5.06738	0.848883	7.07268	0.960996	7.95786	1.14424	8.821	0.339158	2.8295	0.466573	3.91673	0.657702	5.51674	0.757969	6.33236	0.999054	8.15167	1.22127	9.43817	1.29231	10.0656
0.340409	2.78566	0.216992	1.78587	1.11934	2.20588	0.466962	3.84186	0.611745	5.01028	0.849488	6.97842	0.962412	7.88673	1.14499	8.71209	0.342286	2.81548	0.468511	3.87741	0.659211	5.45131	0.759809	6.25844	0.999284	8.11317	1.22236	9.32354	1.29337	9.94166
0.34452	2.78045	0.22071	1.79128	1.11571	2.20614	0.469621	3.8102	0.61346	4.95502	0.850109	6.8869	0.964081	7.80522	1.14566	8.61954	0.345397	2.80172	0.470497	3.83958	0.660724	5.38772	0.761676	6.18679	0.9996	8.06144	1.22345	9.21189	1.29445	9.82105
0.348659	2.77559	0.224427	1.79655	1.11208	2.20641	0.472274	3.77935	0.615208	4.90153	0.850747	6.79801	0.966008	7.71416	1.14623	8.54232	0.348493	2.78821	0.47253	3.80316	0.662239	5.32591	0.763571	6.11732	1	7.99703	1.22455	9.10308	1.29555	9.70368
0.352822	2.77106	0.228143	1.80166	1.10845	2.20669	0.47492	3.74928	0.616989	4.84973	0.851401	6.71165	0.967947	7.62564	1.14671	8.4796	0.351573	2.77493	0.47461	3.76811	0.663758	5.2658	0.765493	6.04994	1.0005	7.92062	1.22565	8.99702	1.29667	9.58943
0.357007	2.76682	0.231858	1.80663	1.10483	2.20698	0.477559	3.71997	0.618803	4.79956	0.852071	6.6277	0.969897	7.53957	1.14709	8.43072	0.354637	2.76188	0.476737	3.73436	0.665279	5.20732	0.767441	5.98456	1.00108	7.83298	1.22675	8.89361	1.29782	9.47818
0.361212	2.76283	0.235571	1.81146	1.1012	2.20727	0.480192	3.69137	0.62065	4.75095	0.852757	6.54608	0.971858	7.45583	1.14738	8.39518	0.357685	2.74906	0.478911	3.70187	0.666804	5.1504	0.769416	5.9211	1.00177	7.73499	1.22785	8.79273	1.29898	9.36982
0.365433	2.75908	0.239283	1.81616	1.09758	2.20758	0.482819	3.66346	0.622529	4.70384	0.85346	6.4667	0.97383	7.37434	1.14756	8.3726	0.360718	2.73645	0.481131	3.67057	0.668333	5.095	0.771416	5.85948	1.00247	7.63964	1.22881	8.70683	1.30017	9.26425
0.369669	2.75553	0.242994	1.82072	1.09397	2.20789	0.485439	3.63622	0.62444	4.65817	0.85418	6.38947	0.975813	7.29501	1.14782	8.34037	0.363736	2.72405	0.483397	3.64043	0.669865	5.04105	0.773442	5.79964	1.00318	7.54684	1.22963	8.63502	1.30138	9.16137
0.373918	2.75217	0.246703	1.82516	1.09035	2.2082	0.488053	3.60963	0.626384	4.61389	0.854916	6.31431	0.977806	7.21776	1.14811	8.30566	0.366738	2.71185	0.485709	3.61139	0.671401	4.9885	0.775492	5.74149	1.0039	7.45648	1.23031	8.57661	1.30261	9.06109
0.378179	2.74898	0.25041	1.82947	1.08674	2.20853	0.490661	3.58365	0.62836	4.57095	0.855669	6.24115	0.979809	7.1425	1.14851	8.25895	0.369726	2.69985	0.488065	3.58341	0.672941	4.93729	0.777567	5.68497	1.00464	7.36849	1.23085	8.53102	1.30386	8.9633
0.38245	2.74594	0.254115	1.83365	1.08314	2.20887	0.493263	3.55827	0.630368	4.52928	0.856438	6.16991	0.981822	7.06917	1.14901	8.20071	0.3727	2.68805	0.490466	3.55644	0.674486	4.88738	0.779666	5.63002	1.00539	7.28276	1.23124	8.49784	1.30513	8.86793
0.38673	2.74303	0.257817	1.83772	1.07953	2.20921	0.49586	3.53347	0.632408	4.48886	0.857225	6.10052	0.983844	6.99768	1.14963	8.13148	0.375661	2.67643	0.49291	3.53044	0.676035	4.83873	0.781788	5.57657	1.00615	7.19923	1.2315	8.47675	1.30625	8.78673
0.391016	2.74024	0.261517	1.84168	1.07593	2.20957	0.498451	3.50924	0.634479	4.44962	0.858028	6.03291	0.985875	6.92797	1.15036	8.0519	0.378608	2.665	0.495397	3.50538	0.67759	4.79129	0.783934	5.52457	1.00693	7.1178	1.23186	8.44663	1.30723	8.71886
0.395309	2.73756	0.265215	1.84552	1.07233	2.20993	0.501038	3.48554	0.636581	4.41152	0.858848	5.96702	0.987915	6.85998	1.15121	7.96269	0.381543	2.65376	0.497926	3.48121	0.679149	4.74501	0.786102	5.47397	1.00772	7.03841	1.23226	8.41415	1.30804	8.66366
0.399606	2.73497	0.26891	1.84926	1.06874	2.2103	0.503621	3.46237	0.638714	4.37453	0.859686	5.9028	0.989964	6.79364	1.15208	7.87565	0.384466	2.6427	0.500497	3.45789	0.680714	4.69987	0.788291	5.4247	1.00852	6.96099	1.23279	8.37042	1.30869	8.6206
0.403907	2.73247	0.272602	1.85289	1.06515	2.21068	0.5062	3.43971	0.640878	4.3386	0.86054	5.84018	0.992021	6.7289	1.15296	7.79072	0.387377	2.63182	0.503107	3.43539	0.682285	4.65582	0.790502	5.37673	1.00934	6.88546	1.23348	8.31581	1.30917	8.58925
0.408211	2.73004	0.276291	1.85641	1.06156	2.21108	0.508775	3.41755	0.643071	4.3037	0.861411	5.77911	0.994086	6.66569	1.15386	7.70783	0.390278	2.62111	0.505758	3.41368	0.683862	4.61282	0.792734	5.33	1.01017	6.81176	1.2343	8.25079	1.30948	8.56933
0.412516	2.72768	0.279977	1.85984	1.05798	2.21148	0.511348	3.39588	0.645295	4.26978	0.8623	5.71954	0.996159	6.60396	1.15477	7.6269	0.393169	2.61059	0.508447	3.39272	0.685446	4.57085	0.794987	5.28446	1.01101	6.73983	1.23527	8.17592	1.30992	8.54088
0.416822	2.72537	0.28366	1.86317	1.0544	2.21189	0.513918	3.37467	0.647547	4.2368	0.863206	5.66142	0.998239	6.54366	1.15569	7.54787	0.396051	2.60024	0.511173	3.37248	0.687036	4.52987	0.797259	5.24008	1.01187	6.66962	1.23638	8.09181	1.31041	8.51021
0.421128	2.72312	0.28734	1.8664	1.05082	2.21231	0.516486	3.35392	0.649829	4.20475	0.864129	5.6047	1.00033	6.48475	1.15663	7.47068	0.398924	2.59006	0.513936	3.35293	0.688634	4.48985	0.79955	5.1968	1.01274	6.60106	1.23749	8.00955	1.31108	8.46892
0.425432	2.72091	0.291015	1.86953	1.04725	2.21275	0.519054	3.33363	0.652139	4.17357	0.865069	5.54933	1.00242	6.42717	1.15759	7.39526	0.40179	2.58006	0.516735	3.33404	0.69024	4.45075	0.80186	5.1546	1.01363	6.5341	1.2386	7.9291	1.31193	8.41737
0.429735	2.71873	0.294688	1.87258	1.04368	2.21319	0.521622	3.31377	0.654477	4.14325	0.866028	5.49527	1.00452	6.37087	1.15855	7.32157	0.404649	2.57023	0.519568	3.31578	0.691853	4.41256	0.804189	5.11343	1.01453	6.46868	1.23971	7.85038	1.31297	8.35602
0.434035	2.71658	0.298356	1.87554	1.04011	2.21365	0.52419	3.29434	0.656842	4.11375	0.867003	5.44248	1.00663	6.31583	1.15954	7.24955	0.407502	2.56057	0.522434	3.29813	0.693475	4.37525	0.806535	5.07326	1.01544	6.40477	1.24082	7.77336	1.3142	8.2854
0.43833	2.71445	0.302021	1.87841	1.03655	2.21411	0.526759	3.27534	0.659234	4.08503	0.867997	5.39092	1.00874	6.26199	1.16054	7.17915	0.410349	2.55109	0.525333	3.28106	0.695105	4.33879	0.808898	5.03404	1.01637	6.34232	1.24193	7.69796	1.31564	8.2061
0.442621	2.71234	0.305682	1.88119	1.03299	2.21459	0.529331	3.25674	0.661652	4.05708	0.869008	5.34056	1.01086	6.20931	1.16155	7.11031	0.413192	2.54178	0.528263	3.26453	0.696745	4.30315	0.811278	4.99576	1.01732	6.28126	1.24305	7.62415	1.31709	8.1286
0.446906	2.71023	0.309338	1.8839	1.02944	2.21508	0.531906	3.23856	0.664096	4.02987	0.870037	5.29135	1.01298	6.15776	1.16259	7.043	0.416032	2.53263	0.531222	3.24854	0.698394	4.26831	0.813674	4.95837	1.01827	6.22158	1.24416	7.55186	1.31857	8.05285
0.451185	2.70813	0.31299	1.88652	1.02589	2.21558	0.534485	3.22077	0.666565	4.00336	0.871084	5.24325	1.01511	6.1073	1.16363	6.97715	0.418868	2.52366	0.534211	3.23305	0.700053	4.23426	0.816086	4.92184	1.01925	6.16322	1.24527	7.48106	1.32007	7.97879
0.455456	2.70603	0.316638	1.88906	1.02234	2.2161	0.53707	3.20338	0.669059	3.97754	0.872148	5.19625	1.01725	6.05789	1.1647	6.91274	0.421702	2.51487	0.537227	3.21804	0.701722	4.20096	0.818513	4.88615	1.02024	6.10614	1.24638	7.4117	1.32159	7.90636
0.459719	2.70392	0.320281	1.89152	1.0188	2.21662	0.539661	3.18637	0.671576	3.95238	0.873231	5.15029	1.01938	6.0095	1.16578	6.84972	0.424536	2.50623	0.54027	3.2035	0.703402	4.1684	0.820954	4.85127	1.02124	6.0503	1.2475	7.34374	1.32313	7.83552
0.463972	2.70179	0.32392	1.89391	1.01526	2.21716	0.542259	3.16975	0.674117	3.92785	0.874333	5.10536	1.02153	5.96211	1.16687	6.78804	0.427368	2.49777	0.543339	3.18939	0.705093	4.13655	0.823409	4.81716	1.02226	5.99567	1.24861	7.27713	1.32469	7.76622
0.468214	2.69965	0.327554	1.89622	1.01173	2.21772	0.544866	3.15351	0.67668	3.90394	0.875452	5.06143	1.02367	5.91567	1.16798	6.72767	0.430201	2.48948	0.546431	3.17571	0.706795	4.10541	0.825878	4.78381	1.02329	5.94222	1.24972	7.21183	1.32627	7.69841
0.472444	2.69748	0.331183	1.89846	1.0082	2.21828	0.547483	3.13765	0.679266	3.88062	0.87659	5.01845	1.02582	5.87016	1.16911	6.66857	0.433035	2.48136	0.549547	3.16243	0.70851	4.07494	0.82836	4.75118	1.02434	5.88991	1.25083	7.14781	1.32788	7.63205
0.476662	2.69528	0.334807	1.90063	1.00467	2.21886	0.550112	3.12215	0.681873	3.85788	0.877747	4.97642	1.02798	5.82555	1.17026	6.61071	0.435871	2.4734	0.552685	3.14954	0.710237	4.04514	0.830855	4.71926	1.02541	5.8387	1.25195	7.08503	1.3295	7.56709
0.480866	2.69304	0.338427	1.90273	1.00115	2.21946	0.552753	3.10703	0.6845	3.83568	0.878922	4.9353	1.03013	5.78181	1.17142	6.55405	0.438709	2.46561	0.555844	3.13701	0.711976	4.01599	0.833361	4.68802	1.02649	5.78857	1.25306	7.02345	1.33114	7.50349
0.485054	2.69076	0.342041	1.90476	0.997633	2.22007	0.555409	3.09227	0.687148	3.81402	0.880115	4.89506	1.03229	5.73892	1.1726	6.49856	0.44155	2.45799	0.559022	3.12483	0.713729	3.98746	0.835879	4.65744	1.02759	5.73948	1.25418	6.96304	1.3328	7.44122
0.489226	2.68843	0.34565	1.90672	0.99412	2.22069	0.55808	3.07787	0.689815	3.79287	0.881328	4.85568	1.03445	5.69685	1.1738	6.44421	0.444396	2.45053	0.562219	3.11298	0.715495	3.95955	0.838408	4.6275	1.0287	5.69142	1.25529	6.90377	1.33448	7.38023
0.49338	2.68605	0.349253	1.90862	0.990612	2.22133	0.560768	3.06384	0.692501	3.77221	0.88256	4.81714	1.03662	5.65557	1.17502	6.39096	0.447245	2.44324	0.565434	3.10145	0.717275	3.93224	0.840948	4.59818	1.02983	5.64434	1.25641	6.84561	1.33618	7.32048
0.497514	2.68361	0.352851	1.91045	0.987109	2.22198	0.563476	3.05018	0.695205	3.75204	0.88381	4.77941	1.03878	5.61506	1.17625	6.33879	0.4501	2.43611	0.568665	3.09023	0.71907	3.90551	0.843498	4.56945	1.03098	5.59822	1.25752	6.78852	1.3379	7.26195
0.501628	2.6811	0.356444	1.91222	0.98361	2.22265	0.566205	3.03687	0.697926	3.73232	0.88508	4.74248	1.04095	5.57531	1.1775	6.28766	0.452961	2.42913	0.571912	3.0793	0.720879	3.87935	0.846057	4.5413	1.03214	5.55304	1.25864	6.73249	1.33963	7.20459
0.505719	2.67852	0.360031	1.91393	0.980115	2.22333	0.568955	3.02393	0.700664	3.71305	0.886369	4.70632	1.04312	5.53628	1.17877	6.23755	0.455828	2.42232	0.575174	3.06864	0.722703	3.85375	0.848626	4.51371	1.03332	5.50877	1.25976	6.67747	1.34139	7.14837
0.509787	2.67586	0.363613	1.91558	0.976626	2.22403	0.571731	3.01134	0.703418	3.69421	0.887677	4.67091	1.04529	5.49796	1.18006	6.18844	0.458702	2.41567	0.578448	3.05824	0.724544	3.8287	0.851204	4.48667	1.03452	5.46538	1.26088	6.62344	1.34316	7.09327
0.513829	2.67311	0.367188	1.91717	0.973141	2.22475	0.574532	2.99912	0.706188	3.67579	0.889005	4.63623	1.04746	5.46032	1.18136	6.1403	0.461583	2.40918	0.581735	3.0481	0.7264	3.80417	0.853789	4.46014	1.03573	5.42287	1.262	6.57039	1.34495	7.03924
0.517843	2.67027	0.370758	1.9187	0.969661	2.22548	0.577362	2.98726	0.708972	3.65777	0.890353	4.60227	1.04963	5.42335	1.18269	6.0931	0.464472	2.40284	0.585034	3.0382	0.728273	3.78017	0.856383	4.43413	1.03696	5.38119	1.26312	6.51827	1.34676	6.98626
0.52183	2.66734	0.374322	1.92017	0.966186	2.22623	0.580222	2.97576	0.71177	3.64013	0.89172	4.56901	1.0518	5.38703	1.18403	6.04682	0.46737	2.39665	0.588343	3.02852	0.730162	3.75668	0.858984	4.40862	1.03821	5.34034	1.26425	6.46708	1.34859	6.9343
0.525785	2.6643	0.377881	1.92159	0.962716	2.227	0.583114	2.96463	0.714582	3.62287	0.893107	4.53642	1.05397	5.35134	1.18539	6.00143	0.470276	2.39062	0.591661	3.01906	0.732069	3.73368	0.861592	4.38358	1.03947	5.30028	1.26537	6.41678	1.35043	6.88333
0.529709	2.66115	0.381433	1.92296	0.959251	2.22779	0.586039	2.95386	0.717407	3.60597	0.894515	4.50449	1.05614	5.31626	1.18677	5.95692	0.473192	2.38474	0.594988	3.00981	0.733993	3.71117	0.864207	4.35901	1.04076	5.26101	1.2665	6.36735	1.35229	6.83333
0.533599	2.65789	0.384979	1.92427	0.955792	2.22859	0.589001	2.94345	0.720244	3.58942	0.895942	4.47321	1.05831	5.28177	1.18818	5.91326	0.476117	2.37901	0.598322	3.00075	0.735936	3.68914	0.866828	4.33489	1.04206	5.2225	1.26763	6.31878	1.35417	6.78426
0.537453	2.65451	0.38852	1.92553	0.952337	2.22942	0.592001	2.9334	0.723093	3.5732	0.897389	4.44256	1.06048	5.24787	1.1896	5.87043	0.479052	2.37342	0.601664	2.99188	0.737897	3.66757	0.869454	4.3112	1.04338	5.18473	1.26876	6.27104	1.35606	6.73611
0.541271	2.651	0.392054	1.92673	0.948887	2.23026	0.59504	2.92372	0.725952	3.55731	0.898858	4.41252	1.06264	5.21452	1.19104	5.82842	0.481998	2.36798	0.60501	2.98319	0.739878	3.64646	0.872086	4.28794	1.04471	5.14768	1.26989	6.22411	1.35797	6.68885
0.54505	2.64737	0.395582	1.92789	0.945443	2.23112	0.598121	2.9144	0.728822	3.54173	0.900346	4.38308	1.06481	5.18172	1.19249	5.78719	0.484955	2.36268	0.608362	2.97467	0.741877	3.6258	0.874723	4.26509	1.04607	5.11134	1.27103	6.17796	1.35989	6.64245
0.54879	2.6436	0.399103	1.929	0.942005	2.232	0.601244	2.90544	0.731702	3.52646	0.901855	4.35422	1.06697	5.14946	1.19397	5.74674	0.487922	2.35752	0.611718	2.9663	0.743897	3.60557	0.877364	4.24264	1.04744	5.07569	1.27217	6.1326	1.36183	6.5969
0.552489	2.63971	0.402619	1.93006	0.938571	2.2329	0.604412	2.89684	0.734591	3.51148	0.903385	4.32594	1.06914	5.11772	1.19547	5.70705	0.490901	2.3525	0.615077	2.95809	0.745936	3.58578	0.880009	4.22057	1.04883	5.04071	1.27331	6.08798	1.36379	6.55216
0.556147	2.63568	0.406129	1.93107	0.935143	2.23382	0.607625	2.8886	0.737488	3.49678	0.904936	4.29822	1.0713	5.08648	1.19699	5.66809	0.493892	2.34762	0.618438	2.95003	0.747996	3.5664	0.882659	4.19889	1.05024	5.00639	1.27446	6.04411	1.36576	6.50823
0.559763	2.63151	0.409632	1.93204	0.931721	2.23476	0.610885	2.88071	0.740394	3.48236	0.906508	4.27104	1.07345	5.05573	1.19853	5.62985	0.496894	2.34287	0.6218	2.9421	0.750078	3.54744	0.885311	4.17757	1.05167	4.97272	1.27561	6.00095	1.36774	6.46507
0.563336	2.62722	0.413129	1.93297	0.928304	2.23572	0.614193	2.87317	0.743307	3.4682	0.908101	4.24439	1.07561	5.02546	1.20009	5.59231	0.499908	2.33826	0.625164	2.9343	0.75218	3.52888	0.887967	4.1566	1.05311	4.93967	1.27676	5.9585	1.36974	6.42268
0.566865	2.62279	0.41662	1.93385	0.924894	2.23671	0.617548	2.86597	0.746226	3.4543	0.909716	4.21827	1.07776	4.99566	1.20167	5.55546	0.502935	2.33377	0.628527	2.92663	0.754305	3.51072	0.890625	4.13598	1.05458	4.90723	1.27792	5.91673	1.37176	6.38102
0.570352	2.61823	0.420105	1.93469	0.921488	2.23772	0.620951	2.8591	0.749152	3.44065	0.911352	4.19265	1.07991	4.96631	1.20327	5.51928	0.505973	2.32941	0.631889	2.91907	0.756452	3.49295	0.893286	4.1157	1.05606	4.87539	1.27907	5.87564	1.37378	6.34008
0.573797	2.61355	0.423584	1.93548	0.918089	2.23875	0.624403	2.85256	0.752085	3.42723	0.913009	4.16753	1.08206	4.93741	1.20489	5.48376	0.509025	2.32518	0.63525	2.91162	0.758621	3.47556	0.895949	4.09574	1.05757	4.84414	1.28024	5.83521	1.37582	6.29984
0.577199	2.60876	0.427056	1.93624	0.914695	2.2398	0.627902	2.84634	0.755022	3.41405	0.914688	4.1429	1.08421	4.90894	1.20653	5.44888	0.512089	2.32107	0.638608	2.90428	0.760814	3.45854	0.898613	4.07609	1.05909	4.81346	1.2814	5.79541	1.37788	6.26029
0.58056	2.60385	0.430522	1.93696	0.911308	2.24088	0.631449	2.84043	0.757964	3.40108	0.916389	4.11874	1.08635	4.88089	1.2082	5.41462	0.515165	2.31707	0.641963	2.89704	0.76303	3.44189	0.901279	4.05676	1.06063	4.78335	1.28258	5.75625	1.37994	6.2214
0.583881	2.59884	0.433983	1.93764	0.907927	2.24198	0.635042	2.83481	0.76091	3.38834	0.918112	4.09505	1.08848	4.85325	1.20988	5.38097	0.518255	2.3132	0.645314	2.88989	0.765269	3.42561	0.903946	4.03772	1.06219	4.75378	1.28375	5.7177	1.38202	6.18317
0.587163	2.59373	0.437437	1.93828	0.904551	2.2431	0.638681	2.82949	0.763861	3.3758	0.919857	4.07182	1.09062	4.82602	1.21158	5.34793	0.521357	2.30944	0.648661	2.88283	0.767533	3.40967	0.906613	4.01898	1.06377	4.72474	1.28493	5.67975	1.38411	6.14557
0.590407	2.58853	0.440885	1.93889	0.901182	2.24425	0.642364	2.82443	0.766814	3.36347	0.921624	4.04903	1.09275	4.79917	1.21331	5.31547	0.524472	2.3058	0.652002	2.87585	0.769821	3.39409	0.909281	4.00052	1.06538	4.69623	1.28612	5.64239	1.38622	6.10859
0.593616	2.58326	0.444327	1.93946	0.897819	2.24542	0.64609	2.81964	0.769771	3.35134	0.923414	4.02668	1.09487	4.77272	1.21505	5.28358	0.527601	2.30227	0.655338	2.86895	0.772134	3.37884	0.911949	3.98234	1.067	4.66823	1.28731	5.60561	1.38833	6.07222
0.596791	2.57792	0.447764	1.94	0.894462	2.24663	0.649857	2.8151	0.77273	3.33939	0.925226	4.00476	1.097	4.74663	1.21682	5.25225	0.530742	2.29884	0.658667	2.86213	0.774473	3.36394	0.914617	3.96442	1.06864	4.64074	1.2885	5.5694	1.39046	6.03643
0.599933	2.57251	0.451194	1.9405	0.891112	2.24785	0.653663	2.81079	0.775691	3.32763	0.92706	3.98325	1.09911	4.72091	1.2186	5.22147	0.533896	2.29552	0.661989	2.85537	0.776836	3.34936	0.917284	3.94676	1.0703	4.61373	1.2897	5.53373	1.3926	6.00122
0.603045	2.56706	0.454619	1.94098	0.887768	2.24911	0.657507	2.80671	0.778654	3.31604	0.928917	3.96216	1.10123	4.69555	1.22041	5.19122	0.537063	2.29231	0.665303	2.84869	0.779226	3.3351	0.919951	3.92936	1.07198	4.58721	1.2909	5.49861	1.39475	5.96657
0.606129	2.56156	0.458039	1.94142	0.88443	2.25039	0.661387	2.80284	0.781618	3.30463	0.930796	3.94146	1.10334	4.67054	1.22223	5.1615	0.540243	2.2892	0.668609	2.84206	0.781641	3.32116	0.922617	3.91221	1.07368	4.56116	1.29211	5.46402	1.39691	5.93247
0.609186	2.55603	0.461452	1.94183	0.881099	2.2517	0.665301	2.79917	0.784583	3.29339	0.932699	3.92116	1.10545	4.64586	1.22408	5.13229	0.543436	2.28618	0.671907	2.83549	0.784083	3.30754	0.925281	3.8953	1.0754	4.53557	1.29333	5.42994	1.39908	5.89891
0.612219	2.55048	0.46486	1.94222	0.877775	2.25303	0.669247	2.79568	0.787549	3.2823	0.934624	3.90125	1.10755	4.62153	1.22595	5.10358	0.546642	2.28326	0.675195	2.82898	0.786551	3.29422	0.927944	3.87863	1.07715	4.51043	1.29455	5.39638	1.40126	5.86586
0.615229	2.54492	0.468263	1.94257	0.874457	2.2544	0.673223	2.79237	0.790515	3.27138	0.936573	3.88171	1.10965	4.59752	1.22784	5.07535	0.54986	2.28044	0.678473	2.82252	0.789047	3.2812	0.930606	3.86218	1.07891	4.48573	1.29578	5.36331		
0.618219	2.53935	0.471661	1.9429	0.871146	2.2558	0.677228	2.78922	0.79348	3.26061	0.938544	3.86254	1.11174	4.57383	1.22975	5.04761	0.553092	2.27771	0.681741	2.8161	0.791569	3.26848	0.933265	3.84596	1.08069	4.46146	1.29701	5.33073		
0.621189	2.53377	0.475053	1.9432	0.867842	2.25722	0.681259	2.78623	0.796446	3.24999	0.940538	3.84373	1.11383	4.55045	1.23168	5.02034	0.556335	2.27507	0.684998	2.80974	0.794118	3.25604	0.935923	3.82996	1.0825	4.43762	1.29825	5.29864		
0.624143	2.52821	0.47844	1.94348	0.864545	2.25868	0.685315	2.78338	0.79941	3.23951	0.942556	3.82528	1.11591	4.52739	1.23363	4.99352	0.559592	2.27251	0.688245	2.80342	0.796695	3.24389	0.938578	3.81417	1.08432	4.4142	1.2995	5.26701		
0.627081	2.52266	0.481822	1.94374	0.861254	2.26017	0.689394	2.78065	0.802374	3.22917	0.944597	3.80717	1.118	4.50462	1.2356	4.96716	0.562861	2.27004	0.691479	2.79713	0.799299	3.23202	0.941231	3.79858	1.08616	4.39118	1.30075	5.23584		
0.630005	2.51713	0.485199	1.94397	0.857971	2.26169	0.693494	2.77805	0.805337	3.21897	0.946661	3.78941	1.12007	4.48215	1.23758	4.94123	0.566141	2.26765	0.694703	2.79089	0.80193	3.22042	0.943881	3.7832	1.08803	4.36856	1.30201	5.20513		
0.632918	2.51163	0.488572	1.94418	0.854694	2.26324	0.697614	2.77557	0.808298	3.2089	0.948748	3.77198	1.12215	4.45996	1.23959	4.91573	0.569434	2.26535	0.697913	2.78468	0.804589	3.20909	0.946529	3.76802	1.08992	4.34633	1.30327	5.17485		
0.635819	2.50616	0.49194	1.94436	0.851425	2.26483	0.701752	2.77319	0.811258	3.19896	0.950858	3.75487	1.12422	4.43806	1.24162	4.89065	0.572739	2.26312	0.701112	2.77851	0.807276	3.19802	0.949173	3.75304	1.09182	4.32448	1.30455	5.14502		
0.638711	2.50072	0.495303	1.94453	0.848163	2.26644	0.705907	2.77091	0.814216	3.18915	0.952992	3.73809	1.12628	4.41644	1.24367	4.86598	0.576056	2.26097	0.704298	2.77238	0.80999	3.18721	0.951815	3.73824	1.09375	4.30301	1.30583	5.11561		
0.641595	2.49533	0.498662	1.94468	0.844908	2.2681	0.710077	2.76872	0.817172	3.17946	0.955149	3.72162	1.12834	4.3951	1.24574	4.84171	0.579385	2.25889	0.707471	2.76627	0.812732	3.17665	0.954453	3.72362	1.0957	4.28191	1.30711	5.08661		
0.644471	2.48998	0.502016	1.94481	0.84166	2.26979	0.714261	2.76661	0.820126	3.16989	0.957329	3.70546	1.1304	4.37402	1.24782	4.81784	0.582725	2.25689	0.710631	2.76019	0.815501	3.16634	0.957089	3.70919	1.09767	4.26116	1.30841	5.05803		
0.647342	2.48467	0.505367	1.94492	0.83842	2.27151	0.718459	2.76458	0.823078	3.16044	0.959533	3.68959	1.13246	4.35321	1.24992	4.79435	0.586076	2.25495	0.713778	2.75415	0.818298	3.15627	0.959721	3.69494	1.09966	4.24077	1.30971	5.02985		
0.650208	2.47942	0.508713	1.94502	0.835187	2.27327	0.722668	2.76262	0.826028	3.1511	0.96176	3.67403	1.13451	4.33265	1.25205	4.77123	0.589439	2.25308	0.716912	2.74813	0.821122	3.14644	0.962349	3.68086	1.10167	4.22073	1.31102	5.00207		
0.653071	2.47422	0.512056	1.9451	0.831962	2.27506	0.726887	2.76073	0.828975	3.14187	0.964009	3.65875	1.13656	4.31235	1.25419	4.74849	0.592813	2.25128	0.720033	2.74214	0.823973	3.13683	0.964975	3.66694	1.1037	4.20102	1.31233	4.97468		
0.65593	2.46908	0.515395	1.94516	0.828744	2.2769	0.731116	2.75889	0.83192	3.13276	0.966282	3.64376	1.13861	4.2923	1.25635	4.7261	0.596197	2.24955	0.72314	2.73618	0.826851	3.12746	0.967597	3.6532	1.10575	4.18165	1.31366	4.94767		
0.658788	2.464	0.51873	1.94521	0.825533	2.27877	0.735353	2.75711	0.834863	3.12375	0.968578	3.62905	1.14065	4.2725	1.25852	4.70407	0.599592	2.24787	0.726234	2.73024	0.829756	3.1183	0.970215	3.63962	1.10782	4.1626	1.31499	4.92103		
0.661644	2.45897	0.522062	1.94524	0.82233	2.28068	0.739597	2.75538	0.837804	3.11485	0.970897	3.61461	1.14269	4.25294	1.26072	4.68237	0.602998	2.24626	0.729314	2.72433	0.832687	3.10936	0.97283	3.62619	1.10992	4.14387	1.31633	4.89476		
0.6645	2.45401	0.52539	1.94527	0.819135	2.28263	0.743848	2.7537	0.840743	3.10606	0.973238	3.60043	1.14473	4.23361	1.26293	4.66102	0.606413	2.2447	0.732382	2.71845	0.835644	3.10063	0.975441	3.61293	1.11203	4.12545	1.31768	4.86885		
0.667356	2.44911	0.528715	1.94528	0.815947	2.28462	0.748105	2.75206	0.84368	3.09736	0.975602	3.58652	1.14677	4.21453	1.26515	4.64	0.609839	2.2432	0.735436	2.71259	0.838627	3.0921	0.978049	3.59982	1.11416	4.10734	1.31903	4.8433		
0.670213	2.44428	0.532037	1.94528	0.812767	2.28665	0.752366	2.75045	0.846615	3.08877	0.977989	3.57286	1.1488	4.19567	1.2674	4.61929	0.613275	2.24176	0.738478	2.70676	0.841635	3.08377	0.980654	3.58686	1.11631	4.08953	1.3204	4.8181		
0.673071	2.43951	0.535356	1.94526	0.809595	2.28872	0.75663	2.74888	0.849548	3.08028	0.980398	3.55945	1.15083	4.17704	1.26966	4.59891	0.616721	2.24037	0.741506	2.70095	0.844668	3.07564	0.983255	3.57405	1.11849	4.07201	1.32177	4.79324		
0.675932	2.4348	0.538672	1.94524	0.806431	2.29084	0.760898	2.74734	0.85248	3.07189	0.982829	3.54629	1.15286	4.15864	1.27194	4.57883	0.620176	2.23903	0.744522	2.69517	0.847726	3.0677	0.985853	3.56138	1.12068	4.05479	1.32315	4.76871		
0.678795	2.43017	0.541985	1.94521	0.803274	2.29299	0.765167	2.74582	0.855411	3.0636	0.985282	3.53337	1.15489	4.14045	1.27423	4.55905	0.62364	2.23774	0.747526	2.68942	0.850808	3.05994	0.988448	3.54886	1.12289	4.03784	1.32454	4.74452		
0.681661	2.4256	0.545296	1.94517	0.800125	2.29519	0.769438	2.74433	0.85834	3.0554	0.987758	3.52068	1.15692	4.12249	1.27653	4.53957	0.627114	2.23649	0.750518	2.68369	0.853913	3.05236	0.991039	3.53648	1.12512	4.02117	1.32594	4.72066		
0.68453	2.42109	0.548604	1.94512	0.796985	2.29744	0.77371	2.74286	0.861269	3.0473	0.990254	3.50823	1.15895	4.10474	1.27886	4.52037	0.630597	2.2353	0.753498	2.67799	0.857042	3.04496	0.993628	3.52424	1.12737	4.00477	1.32735	4.69711		
0.687404	2.41666	0.55191	1.94506	0.793852	2.29973	0.77798	2.7414	0.864198	3.0393	0.992772	3.49599	1.16098	4.0872	1.28119	4.50146	0.634088	2.23415	0.756466	2.67232	0.860193	3.03772	0.996214	3.51214	1.12964	3.98863	1.32877	4.67388		
0.690281	2.41229	0.555214	1.945	0.790727	2.30207	0.78225	2.73996	0.867127	3.03139	0.995311	3.48398	1.16301	4.06987	1.28355	4.48282	0.637588	2.23305	0.759423	2.66668	0.863366	3.03065	0.998797	3.50017	1.13193	3.97276	1.33019	4.65096		
0.693163	2.40799	0.558515	1.94493	0.787609	2.30445	0.786518	2.73852	0.870056	3.02358	0.997871	3.47219	1.16504	4.05275	1.28591	4.46445	0.641096	2.23198	0.762369	2.66107	0.86656	3.02373	1.00138	3.48834	1.13424	3.95714	1.33163	4.62835		
0.69605	2.40376	0.561815	1.94485	0.7845	2.30688	0.790783	2.7371	0.872987	3.01587	1.00045	3.4606	1.16707	4.03583	1.28829	4.44635	0.644612	2.23096	0.765305	2.65548	0.869776	3.01697	1.00396	3.47663	1.13657	3.94177	1.33308	4.60603		
0.698942	2.3996	0.565112	1.94477	0.781399	2.30936	0.795044	2.73568	0.875919	3.00825	1.00305	3.44922	1.1691	4.01911	1.29068	4.4285	0.648137	2.22998	0.76823	2.64993	0.873011	3.01036	1.00653	3.46506	1.13891	3.92664	1.33453	4.58401		
0.70184	2.3955	0.568408	1.94468	0.778306	2.31189	0.799302	2.73426	0.878853	3.00072	1.00567	3.43804	1.17113	4.00259	1.29309	4.41091	0.651669	2.22903	0.771146	2.64441	0.876266	3.0039	1.00911	3.45362	1.14127	3.91175	1.336	4.56228		
0.704743	2.39147	0.571702	1.94459	0.775221	2.31446	0.803553	2.73284	0.88179	2.9933	1.00831	3.42706	1.17316	3.98627	1.29551	4.39356	0.655209	2.22812	0.774052	2.63892	0.87954	2.99757	1.01168	3.4423	1.14365	3.89709	1.33747	4.54083		
0.707653	2.3875	0.574995	1.9445	0.772144	2.31709	0.807799	2.73141	0.88473	2.98597	1.01097	3.41627	1.17519	3.97014	1.29794	4.37646	0.658756	2.22725	0.77695	2.63347	0.882832	2.99138	1.01425	3.43111	1.14605	3.88266	1.33896	4.51967		
0.710568	2.38361	0.578286	1.9444	0.769075	2.31977	0.812038	2.72998	0.887675	2.97874	1.01365	3.40567	1.17723	3.9542	1.30038	4.35959	0.662311	2.22641	0.779838	2.62805	0.886142	2.98532	1.01682	3.42005	1.14846	3.86846	1.34045	4.49878		
0.71349	2.37977	0.581575	1.94429	0.766014	2.3225	0.816269	2.72854	0.890625	2.9716	1.01635	3.39525	1.17927	3.93845	1.30283	4.34295	0.665873	2.22561	0.782719	2.62266	0.889469	2.97938	1.01939	3.40911	1.15089	3.85448	1.34196	4.47816		
0.716419	2.37601	0.584864	1.94418	0.76296	2.32528	0.820492	2.72709	0.89358	2.96457	1.01907	3.38502	1.18131	3.92289	1.3053	4.32653	0.669441	2.22484	0.785592	2.61731	0.892811	2.97357	1.02196	3.39829	1.15334	3.84071	1.34347	4.45782		
0.719354	2.37231	0.588151	1.94408	0.759915	2.32812	0.824704	2.72562	0.896542	2.95764	1.0218	3.37495	1.18335	3.90751	1.30777	4.31034	0.673017	2.2241	0.788458	2.61199	0.89617	2.96787	1.02452	3.38759	1.15581	3.82715	1.345	4.43773		
0.722296	2.36867	0.591437	1.94396	0.756878	2.33101	0.828906	2.72413	0.899512	2.95081	1.02455	3.36506	1.18539	3.89232	1.31026	4.29436	0.676599	2.22339	0.791316	2.60672	0.899543	2.96229	1.02709	3.37701	1.15828	3.81379	1.34653	4.41791		
0.725245	2.36509	0.594722	1.94385	0.753849	2.33396	0.833096	2.72262	0.90249	2.94409	1.02732	3.35533	1.18744	3.8773	1.31275	4.27859	0.680187	2.22271	0.794168	2.60148	0.90293	2.95682	1.02966	3.36655	1.16078	3.80064	1.34808	4.39834		
0.728202	2.36158	0.598006	1.94373	0.750827	2.33696	0.837274	2.72108	0.905477	2.93747	1.03011	3.34577	1.1895	3.86247	1.31526	4.26303	0.683782	2.22205	0.797014	2.59627	0.90633	2.95145	1.03223	3.3562	1.16329	3.78768	1.34964	4.37902		
0.731165	2.35813	0.601289	1.94362	0.747814	2.34002	0.841438	2.71952	0.908476	2.93096	1.03291	3.33636	1.19155	3.84781	1.31778	4.24767	0.687383	2.22142	0.799855	2.59111	0.909743	2.94617	1.0348	3.34598	1.16582	3.77491	1.35121	4.35995		
0.734136	2.35474	0.604572	1.9435	0.744808	2.34314	0.845586	2.71793	0.911486	2.92456	1.03573	3.32711	1.19361	3.83332	1.3203	4.23251	0.69099	2.22082	0.80269	2.58599	0.913169	2.941	1.03737	3.33587	1.16836	3.76233	1.35279	4.34113		
0.737115	2.35142	0.607854	1.94338	0.74181	2.34631	0.849719	2.7163	0.91451	2.91827	1.03856	3.31801	1.19568	3.81901	1.32283	4.21754	0.694602	2.22025	0.805521	2.58091	0.916605	2.93592	1.03994	3.32588	1.17091	3.74994	1.35438	4.32255		
0.740101	2.34815	0.611135	1.94326	0.73882	2.34954	0.853834	2.71463	0.917548	2.91209	1.04141	3.30906	1.19775	3.80487	1.32538	4.20276	0.69822	2.2197	0.808347	2.57587	0.920052	2.93093	1.04252	3.316	1.17348	3.73772	1.35598	4.3042		
0.743094	2.34494	0.614416	1.94314	0.735837	2.35284	0.857931	2.71293	0.920601	2.90603	1.04427	3.30025	1.19983	3.7909	1.32793	4.18817	0.701844	2.21917	0.811169	2.57087	0.923508	2.92602	1.04509	3.30623	1.17606	3.72568	1.3576	4.28609		
0.746096	2.34179	0.617696	1.94302	0.732862	2.35619	0.862008	2.71118	0.923672	2.90009	1.04715	3.29158	1.20191	3.7771	1.33048	4.17375	0.705473	2.21866	0.813987	2.56591	0.926974	2.92119	1.04767	3.29658	1.17866	3.71381	1.35922	4.26821		
0.749105	2.3387	0.620976	1.9429	0.729894	2.3596	0.866063	2.70938	0.926761	2.89427	1.05004	3.28305	1.204	3.76346	1.33305	4.15952	0.709108	2.21818	0.816802	2.561	0.930448	2.91644	1.05026	3.28705	1.18127	3.70211	1.36086	4.25055		
0.752122	2.33567	0.624255	1.94278	0.726933	2.36308	0.870096	2.70753	0.92987	2.88857	1.05295	3.27464	1.20609	3.74998	1.33562	4.14545	0.712747	2.21771	0.819614	2.55613	0.933929	2.91177	1.05284	3.27762	1.18389	3.69057	1.36251	4.23312		
0.755147	2.33269	0.627534	1.94266	0.72398	2.36662	0.874105	2.70563	0.933	2.883	1.05587	3.26637	1.20819	3.73667	1.3382	4.13156	0.716392	2.21727	0.822424	2.55131	0.937418	2.90717	1.05543	3.26831	1.18653	3.6792	1.36417	4.21591		
0.758179	2.32977	0.630813	1.94254	0.721034	2.37022	0.878089	2.70367	0.936153	2.87756	1.0588	3.25822	1.2103	3.72352	1.34079	4.11783	0.720041	2.21685	0.825232	2.54652	0.940912	2.90263	1.05803	3.25911	1.18917	3.66798	1.36584	4.19892		
0.76122	2.3269	0.634092	1.94242	0.718095	2.37389	0.882046	2.70164	0.939331	2.87225	1.06174	3.2502	1.21241	3.71052	1.34338	4.10426	0.723695	2.21644	0.828038	2.54179	0.944413	2.89816	1.06063	3.25002	1.19183	3.65691	1.36753	4.18214		
0.764269	2.32408	0.63737	1.9423	0.715162	2.37762	0.885975	2.69956	0.942534	2.86707	1.06469	3.24229	1.21453	3.69769	1.34597	4.09085	0.727353	2.21606	0.830842	2.5371	0.947917	2.89375	1.06323	3.24105	1.1945	3.64599	1.36922	4.16558		
0.767325	2.32132	0.640649	1.94218	0.712237	2.38141	0.889875	2.6974	0.945764	2.86203	1.06766	3.2345	1.21666	3.68501	1.34858	4.07759	0.731016	2.21569	0.833646	2.53245	0.951427	2.8894	1.06584	3.23218	1.19718	3.63522	1.37093	4.14922		
0.77039	2.31861	0.643927	1.94207	0.709317	2.38527	0.893744	2.69518	0.949023	2.85712	1.07064	3.22682	1.2188	3.67248	1.35119	4.06449	0.734683	2.21534	0.836448	2.52785	0.954939	2.8851	1.06846	3.22342	1.19986	3.62459	1.37266	4.13307		
0.773462	2.31596	0.647205	1.94195	0.706405	2.3892	0.897581	2.69288	0.952311	2.85236	1.07362	3.21925	1.22094	3.66011	1.3538	4.05153	0.738355	2.215	0.839251	2.52329	0.958454	2.88086	1.07109	3.21478	1.20256	3.61409	1.37439	4.11712		
0.776543	2.31335	0.650484	1.94184	0.703498	2.39319	0.901386	2.69051	0.955631	2.84773	1.07662	3.21178	1.22309	3.64789	1.35641	4.03872	0.74203	2.21468	0.842053	2.51878	0.961971	2.87666	1.07372	3.20624	1.20527	3.60374	1.37614	4.10137		
0.779631	2.3108	0.653762	1.94173	0.700597	2.39725	0.905156	2.68806	0.958983	2.84325	1.07962	3.20442	1.22526	3.63582	1.35904	4.02606	0.74571	2.21438	0.844855	2.51432	0.96549	2.87251	1.07636	3.19782	1.20799	3.59352	1.3779	4.08582		
0.782728	2.30829	0.657041	1.94161	0.697702	2.40137	0.908891	2.68553	0.962369	2.83892	1.08264	3.19716	1.22743	3.6239	1.36166	4.01353	0.749394	2.21409	0.847657	2.50991	0.969009	2.86841	1.07901	3.1895	1.21072	3.58343	1.37967	4.07046		
0.785832	2.30583	0.66032	1.94151	0.694812	2.40557	0.91259	2.68292	0.965789	2.83472	1.08566	3.19	1.22961	3.61212	1.36429	4.00113	0.753081	2.21381	0.850461	2.50554	0.972528	2.86434	1.08166	3.18129	1.21345	3.57346	1.38146	4.0553		
0.788945	2.30342	0.663599	1.9414	0.691927	2.40983	0.916253	2.68024	0.969244	2.83068	1.08869	3.18293	1.2318	3.6005	1.36692	3.98887	0.756772	2.21355	0.853265	2.50121	0.976046	2.86032	1.08433	3.17319	1.2162	3.56362	1.38326	4.04033		
0.792065	2.30106	0.666878	1.94129	0.689047	2.41416	0.919878	2.67746	0.972734	2.82677	1.09173	3.17596	1.234	3.58901	1.36956	3.97674	0.760466	2.2133	0.85607	2.49694	0.979563	2.85633	1.087	3.1652	1.21895	3.5539	1.38507	4.02554		
0.795194	2.29874	0.670158	1.94119	0.686171	2.41855	0.923467	2.67461	0.976261	2.82301	1.09477	3.16907	1.23621	3.57767	1.37219	3.96474	0.764164	2.21306	0.858877	2.49271	0.983078	2.85238	1.08969	3.15732	1.22171	3.54429	1.38689	4.01094		
0.79833	2.29647	0.673437	1.94109	0.6833	2.42302	0.927017	2.67168	0.979824	2.81939	1.09783	3.16227	1.23843	3.56647	1.37483	3.95287	0.767865	2.21283	0.861686	2.48852	0.98659	2.84845	1.09239	3.14955	1.22448	3.5348	1.38873	3.99652		
0.801474	2.29425	0.676717	1.94099	0.680432	2.42755	0.93053	2.66867	0.983423	2.81591	1.10088	3.15556	1.24066	3.55541	1.37748	3.94111	0.77157	2.21262	0.864496	2.48439	0.990099	2.84456	1.09509	3.14189	1.22725	3.52543	1.39059	3.98228		
0.804626	2.29206	0.679998	1.94089	0.677567	2.43215	0.934005	2.66558	0.987059	2.81256	1.10395	3.14892	1.24291	3.54449	1.38012	3.92948	0.775278	2.21242	0.867309	2.4803	0.993604	2.84069	1.09781	3.13433	1.23003	3.51616	1.39245	3.96822		
0.807786	2.28992	0.683278	1.94079	0.674705	2.43681	0.937443	2.66242	0.990731	2.80935	1.10702	3.14237	1.24516	3.53371	1.38277	3.91796	0.778989	2.21223	0.870124	2.47625	0.997105	2.83685	1.10054	3.12688	1.23281	3.507	1.39433	3.95433		
0.810954	2.28783	0.686559	1.9407	0.671846	2.44154	0.940845	2.65918	0.994438	2.80628	1.11009	3.13589	1.24743	3.52307	1.38541	3.90656	0.782703	2.21204	0.872941	2.47225	1.0006	2.83302	1.10329	3.11954	1.2356	3.49795	1.39623	3.94062		
0.81413	2.28577	0.689841	1.9406	0.668988	2.44634	0.94421	2.65587	0.99818	2.80333	1.11317	3.12949	1.2497	3.51256	1.38806	3.89527	0.78642	2.21187	0.875761	2.4683	1.00409	2.82922	1.10605	3.11231	1.2384	3.489	1.39814	3.92708		
0.817313	2.28376	0.693123	1.94051	0.666132	2.45121	0.947541	2.6525	1.00196	2.8005	1.11625	3.12316	1.25199	3.50218	1.39071	3.88409	0.79014	2.21171	0.878584	2.4644	1.00757	2.82544	1.10882	3.10519	1.2412	3.48014	1.40006	3.91371		
0.820504	2.28179	0.696405	1.94042	0.663276	2.45613	0.950837	2.64906	1.00577	2.79779	1.11934	3.1169	1.2543	3.49194	1.39336	3.87302	0.793862	2.21156	0.881411	2.46054	1.01105	2.82167	1.1116	3.09817	1.24401	3.47139				
0.823702	2.27986	0.699687	1.94034	0.66042	2.46112	0.9541	2.64556	1.00961	2.7952	1.12243	3.11071	1.25661	3.48183	1.39601	3.86205	0.797587	2.21142	0.88424	2.45672	1.01452	2.81792	1.1144	3.09126	1.24682	3.46273				
0.826909	2.27796	0.702971	1.94025	0.657563	2.46617	0.957331	2.64201	1.01348	2.79272	1.12552	3.10459	1.25894	3.47185	1.39867	3.85119	0.801315	2.21128	0.887073	2.45296	1.01798	2.81418	1.11722	3.08445	1.24963	3.45416				
0.830122	2.27611	0.706254	1.94017	0.654705	2.47128	0.960532	2.63841	1.01738	2.79034	1.12861	3.09853	1.26128	3.462	1.40132	3.84043	0.805046	2.21116	0.88991	2.44923	1.02143	2.81046	1.12005	3.07776	1.25245	3.44569				
0.833344	2.27429	0.709538	1.94009	0.651844	2.47645	0.963703	2.63476	1.02131	2.78806	1.13171	3.09253	1.26363	3.45228			0.808779	2.21104	0.89275	2.44556	1.02487	2.80674	1.12289	3.07116	1.25527	3.4373				
0.836572	2.27251	0.712823	1.94001	0.64898	2.48167	0.966846	2.63107	1.02527	2.78588	1.13481	3.0866	1.266	3.44268			0.812514	2.21093	0.895594	2.44192	1.0283	2.80303	1.12576	3.06468	1.2581	3.429				
0.839808	2.27077	0.716108	1.93993	0.646112	2.48694	0.969963	2.62734	1.02926	2.78379	1.13791	3.08072	1.26838	3.43321			0.816252	2.21082	0.898442	2.43833	1.03172	2.79933	1.12864	3.0583	1.26092	3.42078				
0.843052	2.26906	0.719393	1.93986	0.643239	2.49226	0.973054	2.62358	1.03327	2.78178	1.14101	3.0749	1.27078	3.42387			0.819992	2.21073	0.901294	2.43479	1.03514	2.79563	1.13153	3.05202	1.26375	3.41265				
0.846303	2.26738	0.722679	1.93979	0.640359	2.49763	0.976122	2.61978	1.0373	2.77986	1.14412	3.06914	1.27318	3.41465			0.823735	2.21064	0.904151	2.43129	1.03854	2.79193	1.13445	3.04585	1.26659	3.4046				
0.849561	2.26575	0.725966	1.93972	0.637472	2.50305	0.979166	2.61597	1.04135	2.77801	1.14722	3.06343	1.27561	3.40555			0.827479	2.21056	0.907012	2.42783	1.04192	2.78824	1.13738	3.03979	1.26942	3.39662				
0.852826	2.26414	0.729253	1.93965	0.634576	2.5085	0.98219	2.61213	1.04543	2.77623	1.15032	3.05777	1.27805	3.39657			0.831226	2.21048	0.909877	2.42442	1.0453	2.78455	1.14033	3.03382	1.27226	3.38873				
0.856098	2.26257	0.73254	1.93958	0.63167	2.51398	0.985194	2.60827	1.04952	2.77452	1.15343	3.05217	1.2805	3.38771			0.834974	2.21041	0.912747	2.42105	1.04867	2.78086	1.1433	3.02796	1.27509	3.3809				
0.859378	2.26103	0.735828	1.93952	0.628753	2.5195	0.988179	2.6044	1.05364	2.77288	1.15653	3.04661	1.28297	3.37897			0.838725	2.21035	0.915621	2.41772	1.05202	2.77717	1.14628	3.0222	1.27793	3.37316				
0.862664	2.25953	0.739116	1.93945	0.625823	2.52504	0.991147	2.60051	1.05777	2.77129	1.15964	3.04111	1.28545	3.37035			0.842477	2.21029	0.918501	2.41444	1.05535	2.77348	1.14929	3.01655	1.28077	3.36548				
0.865957	2.25805	0.742405	1.93939	0.622879	2.53059	0.994099	2.59662	1.06191	2.76976	1.16274	3.03565	1.28795	3.36185			0.846232	2.21023	0.921385	2.41119	1.05868	2.76978	1.15231	3.01099	1.28361	3.35788				
0.869258	2.25661	0.745695	1.93934	0.619918	2.53616	0.997036	2.59273	1.06607	2.76828	1.16584	3.03024	1.29046	3.35346			0.849988	2.21019	0.924274	2.40799	1.06199	2.76608	1.15536	3.00553	1.28646	3.35034				
0.872565	2.25519	0.748985	1.93928	0.616939	2.54173	0.999959	2.58883	1.07025	2.76685	1.16894	3.02487	1.29299	3.34518			0.853746	2.21014	0.927168	2.40483	1.06529	2.76238	1.15842	3.00018	1.2893	3.34287				
0.875879	2.25381	0.752275	1.93922	0.613941	2.54731	1.00287	2.58494	1.07443	2.76546	1.17204	3.01955	1.29553	3.33702			0.857506	2.21011	0.930067	2.40171	1.06857	2.75868	1.16151	2.99492	1.29214	3.33547				
0.879199	2.25246	0.755566	1.93917	0.610922	2.55287	1.00577	2.58104	1.07863	2.76412	1.17514	3.01427	1.29809	3.32897			0.861268	2.21007	0.932972	2.39863	1.07184	2.75497	1.16461	2.98975	1.29498	3.32813				
0.882526	2.25113	0.758858	1.93912	0.607878	2.55841	1.00865	2.57716	1.08284	2.76281	1.17824	3.00903	1.30067	3.32103			0.865031	2.21004	0.935881	2.3956	1.07509	2.75125	1.16773	2.98469	1.29782	3.32086				
0.88586	2.24983	0.76215	1.93907	0.60481	2.56392	1.01153	2.57328	1.08706	2.76154	1.18133	3.00383	1.30326	3.3132			0.868796	2.21002	0.938796	2.3926	1.07833	2.74753	1.17088	2.97971	1.30066	3.31365				
0.889201	2.24857	0.765443	1.93902	0.601715	2.5694	1.0144	2.56941	1.09128	2.7603	1.18443	2.99868	1.30587	3.30548			0.872562	2.21	0.941717	2.38964	1.08155	2.7438	1.17404	2.97483	1.3035	3.3065				
0.892547	2.24732	0.768736	1.93897	0.59859	2.57484	1.01726	2.56556	1.09552	2.75909	1.18752	2.99356	1.30849	3.29786			0.87633	2.20998	0.944642	2.38672	1.08476	2.74007	1.17722	2.97005	1.30634	3.29941				
0.8959	2.24611	0.772029	1.93893	0.595434	2.58022	1.02011	2.56172	1.09976	2.7579	1.19061	2.98849	1.31113	3.29035			0.880099	2.20997	0.947573	2.38384	1.08795	2.73634	1.18043	2.96535	1.30918	3.29237				
0.89926	2.24492	0.775323	1.93888	0.592245	2.58553	1.02296	2.55789	1.104	2.75675	1.1937	2.98345	1.31379	3.28295			0.88387	2.20996	0.95051	2.381	1.09113	2.73259	1.18365	2.96074	1.31202	3.2854				
0.902626	2.24375	0.778618	1.93884	0.589021	2.59077	1.02579	2.55408	1.10825	2.75561	1.19678	2.97845	1.31646	3.27564			0.887642	2.20996	0.953452	2.37819	1.0943	2.72884	1.18689	2.95622	1.31485	3.27848				
0.905997	2.24262	0.781913	1.9388	0.58576	2.59593	1.02863	2.55029	1.11251	2.7545	1.19987	2.97349	1.31915	3.26844			0.891415	2.20995	0.9564	2.37543	1.09744	2.72509	1.19015	2.95179	1.31769	3.27162				
0.909375	2.2415	0.785208	1.93876	0.582462	2.601	1.03145	2.54652	1.11677	2.7534	1.20295	2.96857	1.32185	3.26134			0.89519	2.20995	0.959353	2.3727	1.10058	2.72133	1.19343	2.94744	1.32052	3.26482				
0.91276	2.24041	0.788504	1.93873	0.579124	2.60597	1.03428	2.54277	1.12103	2.75232	1.20603	2.96368	1.32457	3.25434			0.898966	2.20996	0.962312	2.37001	1.1037	2.71757	1.19673	2.94317	1.32336	3.25806				
0.91615	2.23935	0.7918	1.93869	0.575745	2.61083	1.0371	2.53904	1.1253	2.75125	1.20911	2.95884	1.32731	3.24744			0.902743	2.20997	0.965277	2.36735	1.1068	2.7138	1.20005	2.93899	1.32619	3.25136				
0.919546	2.2383	0.795097	1.93866	0.572325	2.61558	1.03991	2.53533	1.12956	2.7502	1.21219	2.95403	1.33006	3.24063			0.906522	2.20998	0.968248	2.36473	1.10989	2.71003	1.20338	2.93488	1.32902	3.24472				
0.922948	2.23728	0.798394	1.93862	0.568863	2.6202	1.04273	2.53165	1.13383	2.74915	1.21527	2.94926	1.33283	3.23392			0.910301	2.20999	0.971224	2.36215	1.11297	2.70625	1.20674	2.93086	1.33185	3.23812				
0.926355	2.23629	0.801692	1.93859	0.565357	2.6247	1.04554	2.52799	1.13809	2.74812	1.21835	2.94452	1.33561	3.2273			0.914082	2.21001	0.974206	2.3596	1.11603	2.70248	1.21011	2.9269	1.33468	3.23158				
0.929769	2.23531	0.80499	1.93856	0.561809	2.62908	1.04835	2.52436	1.14236	2.74709	1.22143	2.93982	1.33841	3.22078			0.917864	2.21002	0.977194	2.35709	1.11908	2.6987	1.2135	2.92303	1.3375	3.22508				
0.933188	2.23436	0.808289	1.93853	0.558218	2.63332	1.05115	2.52075	1.14662	2.74606	1.22451	2.93517	1.34123	3.21435			0.921647	2.21004	0.980187	2.35461	1.12211	2.69492	1.2169	2.91922	1.34032	3.21864				
0.936612	2.23342	0.811588	1.9385	0.554584	2.63742	1.05396	2.51717	1.15088	2.74504	1.22758	2.93055	1.34406	3.208			0.925431	2.21007	0.983187	2.35216	1.12513	2.69114	1.22033	2.91549	1.34315	3.21224				
0.940043	2.23251	0.814887	1.93848	0.550909	2.6414	1.05676	2.51362	1.15514	2.74402	1.23066	2.92597	1.34691	3.20175			0.929216	2.21009	0.986192	2.34975	1.12814	2.68736	1.22376	2.91182	1.34597	3.2059				
0.943478	2.23162	0.818187	1.93845	0.547192	2.64523	1.05957	2.51009	1.15939	2.74299	1.23374	2.92142	1.34977	3.19558			0.933001	2.21012	0.989203	2.34738	1.13114	2.68357	1.22722	2.90822	1.34879	3.1996				
0.946919	2.23075	0.821487	1.93843	0.543435	2.64894	1.06237	2.50659	1.16364	2.74197	1.23682	2.91692	1.35265	3.1895			0.936788	2.21015	0.99222	2.34503	1.13412	2.6798	1.23069	2.90468	1.35161	3.19335				
0.950366	2.22989	0.824787	1.9384	0.539639	2.65252	1.06518	2.50312	1.16789	2.74093	1.2399	2.91246	1.35554	3.1835			0.940576	2.21018	0.995243	2.34272	1.13709	2.67602	1.23417	2.90121	1.35442	3.18714				
0.953817	2.22906	0.828088	1.93838	0.535805	2.65597	1.06798	2.49968	1.17212	2.7399	1.24299	2.90804	1.35845	3.17758			0.944365	2.21021	0.998272	2.34044	1.14005	2.67224	1.23767	2.8978	1.35724	3.18098				
0.957274	2.22825	0.83139	1.93836	0.531935	2.6593	1.07078	2.49626	1.17635	2.73885	1.24608	2.90367	1.36137	3.17175			0.948154	2.21025	1.00131	2.33819	1.143	2.66847	1.24118	2.89444	1.36006	3.17487				
0.960736	2.22745	0.834691	1.93834	0.528031	2.66252	1.07359	2.49288	1.18058	2.7378	1.24917	2.89933	1.36431	3.16599			0.951944	2.21028	1.00435	2.33598	1.14594	2.66471	1.2447	2.89115	1.36287	3.16881				
0.964203	2.22667	0.837993	1.93832	0.524093	2.66562	1.07639	2.48952	1.18479	2.73673	1.25227	2.89505	1.36726	3.16032			0.955735	2.21032	1.00739	2.33379	1.14887	2.66095	1.24824	2.88791	1.36568	3.16279				
0.967675	2.22591	0.841295	1.9383	0.520124	2.66861	1.0792	2.48619	1.18899	2.73565	1.25537	2.8908	1.37023	3.15472			0.959527	2.21036	1.01045	2.33164	1.15179	2.65719	1.25179	2.88472	1.3685	3.15682				
0.971152	2.22517	0.844598	1.93828	0.516126	2.6715	1.08201	2.4829	1.19319	2.73455	1.25848	2.88661	1.3732	3.14919			0.96332	2.2104	1.0135	2.32952	1.15469	2.65345	1.25535	2.88158	1.37131	3.15089				
0.974635	2.22444	0.847901	1.93827	0.512099	2.6743	1.08482	2.47963	1.19737	2.73343	1.26159	2.88246	1.3762	3.14375			0.967113	2.21044	1.01657	2.32742	1.15759	2.64971	1.25892	2.87849	1.37412	3.14501				
0.978121	2.22373	0.851204	1.93825	0.508046	2.67701	1.08763	2.47639	1.20154	2.73229	1.26471	2.87837	1.3792	3.13837			0.970907	2.21049	1.01964	2.32536	1.16048	2.64598	1.2625	2.87545	1.37693	3.13918				
0.981613	2.22304	0.854508	1.93824	0.503968	2.67963	1.09045	2.47318	1.20569	2.73113	1.26785	2.87432	1.38222	3.13306			0.974702	2.21053	1.02272	2.32333	1.16336	2.64226	1.26609	2.87245	1.37974	3.13339				
0.985109	2.22236	0.857812	1.93822	0.499867	2.68218	1.09326	2.47	1.20983	2.72995	1.27099	2.87033	1.38525	3.12783			0.978497	2.21058	1.0258	2.32132	1.16623	2.63855	1.26969	2.8695	1.38255	3.12764				
0.98861	2.2217	0.861116	1.93821	0.495744	2.68466	1.09608	2.46685	1.21395	2.72874	1.27414	2.8664	1.3883	3.12266			0.982293	2.21062	1.02889	2.31935	1.1691	2.63485	1.27329	2.86659	1.38537	3.12194				
0.992116	2.22105	0.864421	1.9382	0.491601	2.68708	1.0989	2.46373	1.21806	2.7275	1.27731	2.86252	1.39135	3.11756			0.98609	2.21067	1.03198	2.3174	1.17195	2.63116	1.27691	2.86371	1.38818	3.11629				
0.995626	2.22042	0.867725	1.93818	0.487439	2.68944	1.10173	2.46064	1.22215	2.72623	1.28048	2.8587	1.39442	3.11252			0.989887	2.21072	1.03508	2.31548	1.1748	2.62748	1.28053	2.86088	1.39099	3.11068				
0.99914	2.2198	0.87103	1.93817	0.48326	2.69174	1.10455	2.45758	1.22622	2.72493	1.28368	2.85494	1.3975	3.10755			0.993685	2.21077	1.03818	2.31359	1.17765	2.62382	1.28416	2.85808	1.39381	3.10512				
1.00266	2.2192	0.874336	1.93816	0.479065	2.69401	1.10738	2.45455	1.23027	2.72359	1.28688	2.85125	1.40059	3.10264			0.997483	2.21082	1.0413	2.31172	1.18048	2.62017	1.28779	2.85532	1.39663	3.0996				
1.00618	2.21861	0.877641	1.93815	0.474855	2.69623	1.11022	2.45154	1.23429	2.72221	1.29011	2.84762					1.00128	2.21087	1.04441	2.30989	1.18331	2.61653	1.29143	2.85259	1.39945	3.09413				
1.00971	2.21804	0.880947	1.93814	0.470632	2.69841	1.11305	2.44857	1.23829	2.72079	1.29335	2.84406					1.00508	2.21092	1.04754	2.30808	1.18614	2.61291	1.29508	2.84989	1.40227	3.0887				
1.01324	2.21748	0.884253	1.93813	0.466396	2.70057	1.11589	2.44563	1.24227	2.71932	1.29662	2.84056					1.00888	2.21097	1.05066	2.30629	1.18896	2.6093	1.29873	2.84721						
1.01678	2.21693	0.887559	1.93813	0.462149	2.70271	1.11873	2.44271	1.24623	2.71782	1.2999	2.83714					1.01268	2.21103	1.0538	2.30453	1.19177	2.60571	1.30238	2.84457						
1.02032	2.2164	0.890866	1.93812	0.457892	2.70482	1.12158	2.43983	1.25015	2.71626	1.30321	2.83379					1.01648	2.21108	1.05694	2.3028	1.19458	2.60214	1.30603	2.84195						
1.02386	2.21588	0.894173	1.93811	0.453626	2.70693	1.12443	2.43697	1.25405	2.71466	1.30653	2.83052					1.02028	2.21113	1.06009	2.30109	1.19738	2.59858	1.30969	2.83936						
1.02741	2.21537	0.897479	1.93811	0.449352	2.70903	1.12728	2.43414	1.25792	2.713	1.30989	2.82733					1.02408	2.21119	1.06324	2.29941	1.20019	2.59504	1.31335	2.83679						
1.03096	2.21487	0.900787	1.9381	0.44507	2.71113	1.13013	2.43134	1.26175	2.71129	1.31327	2.82421					1.02789	2.21124	1.0664	2.29775	1.20298	2.59152	1.31701	2.83424						
1.03452	2.21438	0.904094	1.93809	0.440782	2.71324	1.13299	2.42857	1.26556	2.70952	1.31668	2.82118					1.03169	2.2113	1.06956	2.29612	1.20578	2.58801	1.32067	2.83171						
1.03808	2.21391	0.907401	1.93809	0.436489	2.71536	1.13586	2.42583	1.26933	2.7077	1.32011	2.81823					1.03549	2.21135	1.07273	2.29451	1.20857	2.58453	1.32433	2.8292						
1.04164	2.21345	0.910709	1.93808	0.432192	2.7175	1.13873	2.42312	1.27307	2.70582	1.32358	2.81536					1.03929	2.21141	1.0759	2.29293	1.21135	2.58106	1.32799	2.8267						
1.04521	2.213	0.914017	1.93808	0.427891	2.71966	1.1416	2.42043	1.27678	2.70388	1.32707	2.81257					1.0431	2.21146	1.07909	2.29137	1.21414	2.57761	1.33165	2.82422						
1.04878	2.21256	0.917325	1.93808	0.423587	2.72185	1.14447	2.41777	1.28045	2.70189	1.33059	2.80987					1.0469	2.21152	1.08227	2.28983	1.21692	2.57419	1.3353	2.82175						
1.05235	2.21213	0.920633	1.93807	0.419282	2.72408	1.14735	2.41514	1.28409	2.69983	1.33415	2.80726					1.0507	2.21158	1.08546	2.28832	1.2197	2.57078	1.33896	2.8193						
1.05593	2.21171	0.923941	1.93807	0.414976	2.72636	1.15023	2.41254	1.28769	2.69771	1.33774	2.80473					1.05451	2.21163	1.08866	2.28682	1.22248	2.56739	1.34261	2.81686						
1.05951	2.2113	0.92725	1.93807	0.41067	2.72868	1.15312	2.40996	1.29125	2.69553	1.34136	2.80228					1.05831	2.21169	1.09187	2.28535	1.22525	2.56403	1.34625	2.81442						
1.0631	2.21091	0.930559	1.93806	0.406365	2.73107	1.15601	2.40741	1.29478	2.6933	1.34501	2.79992					1.06211	2.21174	1.09507	2.28391	1.22803	2.56068	1.34989	2.81199						
1.06669	2.21052	0.933867	1.93806	0.402063	2.73353	1.15891	2.40489	1.29827	2.691	1.34869	2.79765					1.06592	2.2118	1.09829	2.28248	1.2308	2.55736	1.35353	2.80957						
1.07028	2.21014	0.937176	1.93806	0.397763	2.73607	1.16181	2.4024	1.30173	2.68865	1.35241	2.79545					1.06972	2.21186	1.10151	2.28108	1.23357	2.55405	1.35716	2.80716						
1.07388	2.20977	0.940485	1.93806	0.393468	2.73869	1.16471	2.39993	1.30515	2.68624	1.35616	2.79334					1.07353	2.21191	1.10474	2.2797	1.23634	2.55077	1.36079	2.80475						
1.07748	2.20941	0.943795	1.93806	0.389178	2.74142	1.16762	2.39748	1.30854	2.68378	1.35994	2.7913					1.07733	2.21197	1.10797	2.27833	1.23912	2.54751	1.3644	2.80234						
1.08108	2.20906	0.947104	1.93805	0.384894	2.74426	1.17054	2.39507	1.31189	2.68127	1.36375	2.78935					1.08114	2.21202	1.1112	2.27699	1.24189	2.54428	1.36801	2.79993						
1.08468	2.20872	0.950413	1.93805	0.380618	2.74722	1.17345	2.39268	1.31521	2.67871	1.36759	2.78746					1.08494	2.21208	1.11445	2.27567	1.24466	2.54106	1.37162	2.79753						
1.08829	2.20839	0.953723	1.93805	0.376351	2.75033	1.17638	2.39031	1.3185	2.6761	1.37146	2.78565					1.08875	2.21213	1.11769	2.27438	1.24743	2.53787	1.37521	2.79512						
1.0919	2.20807	0.957032	1.93805	0.372095	2.75359	1.1793	2.38797	1.32176	2.67345	1.37535	2.78391					1.09255	2.21219	1.12095	2.2731	1.2502	2.5347	1.37879	2.79271						
1.09552	2.20775	0.960342	1.93805	0.367851	2.75703	1.18223	2.38565	1.32499	2.67075	1.37928	2.78224					1.09636	2.21224	1.12421	2.27184	1.25297	2.53155	1.38237	2.7903						
1.09913	2.20744	0.963652	1.93805	0.363621	2.76066	1.18517	2.38336	1.32819	2.66801	1.38323	2.78063					1.10016	2.21229	1.12747	2.2706	1.25574	2.52842	1.38593	2.78788						
1.10276	2.20715	0.966962	1.93805	0.359407	2.76451	1.18811	2.3811	1.33136	2.66524	1.38721	2.77908					1.10396	2.21234	1.13074	2.26938	1.25851	2.52532	1.38948	2.78546						
1.10638	2.20685	0.970272	1.93805	0.355211	2.76861	1.19105	2.37886	1.3345	2.66243	1.39121	2.77759					1.10777	2.2124	1.13402	2.26818	1.26128	2.52224	1.39303	2.78303						
1.11001	2.20657	0.973582	1.93805	0.351035	2.77297	1.194	2.37664	1.33762	2.65959	1.39523	2.77616					1.11157	2.21245	1.1373	2.26699	1.26405	2.51918	1.39656	2.7806						
1.11363	2.2063	0.976892	1.93805	0.346882	2.77763	1.19696	2.37445	1.34072	2.65673	1.39928	2.77478					1.11538	2.2125	1.14058	2.26583	1.26683	2.51615	1.40007	2.77815						
1.11727	2.20603	0.980202	1.93805	0.342754	2.78264	1.19992	2.37228	1.34379	2.65383	1.40334	2.77345					1.11918	2.21255	1.14387	2.26469	1.2696	2.51313								
1.1209	2.20577	0.983512	1.93805	0.338656	2.78802	1.20288	2.37014	1.34684	2.65092							1.12298	2.2126	1.14717	2.26356	1.27238	2.51014								
1.12454	2.20551	0.986822	1.93806	0.334589	2.79383	1.20585	2.36802	1.34987	2.64798							1.12679	2.21265	1.15047	2.26245	1.27516	2.50718								
1.12818	2.20527	0.990133	1.93806	0.33056	2.80011	1.20882	2.36592	1.35288	2.64502							1.13059	2.21269	1.15378	2.26136	1.27794	2.50423								
1.13182	2.20503	0.993443	1.93806	0.32657	2.80692	1.2118	2.36384	1.35587	2.64205							1.13439	2.21274	1.15709	2.26029	1.28072	2.50131								
1.13547	2.20479	0.996754	1.93806	0.322627	2.81434	1.21478	2.36179	1.35885	2.63906							1.1382	2.21279	1.16041	2.25923	1.2835	2.49841								
1.13912	2.20456	1.00006	1.93806	0.318734	2.82243	1.21776	2.35976	1.36181	2.63606							1.142	2.21283	1.16374	2.2582	1.28629	2.49554								
1.14277	2.20434	1.00337	1.93806	0.314897	2.83127	1.22076	2.35776	1.36475	2.63306							1.1458	2.21287	1.16707	2.25718	1.28907	2.49269								
1.14642	2.20413	1.00669	1.93806	0.311124	2.84097	1.22375	2.35577	1.36768	2.63004							1.1496	2.21292	1.1704	2.25617	1.29186	2.48986								
1.15008	2.20392	1.01	1.93806	0.307421	2.85163	1.22675	2.35381	1.37059	2.62702							1.1534	2.21296	1.17374	2.25519	1.29465	2.48705								
1.15373	2.20372	1.01331	1.93807	0.303796	2.86336	1.22976	2.35187	1.37349	2.62399							1.1572	2.213	1.17708	2.25422	1.29745	2.48426								
1.15739	2.20352	1.01662	1.93807	0.300256	2.87629	1.23277	2.34995	1.37638	2.62096							1.161	2.21304	1.18044	2.25326	1.30024	2.4815								
1.16106	2.20333	1.01993	1.93807	0.29681	2.89057	1.23578	2.34805	1.37926	2.61792							1.1648	2.21307	1.18379	2.25233	1.30304	2.47876								
1.16472	2.20315	1.02324	1.93807	0.293466	2.90635	1.2388	2.34618	1.38213	2.61489							1.1686	2.21311	1.18715	2.25141	1.30584	2.47605								
1.16839	2.20297	1.02655	1.93807	0.290234	2.92379	1.24182	2.34432	1.38499	2.61186							1.1724	2.21314	1.19052	2.2505	1.30864	2.47335								
1.17206	2.20279	1.02986	1.93807	0.287121	2.94306	1.24485	2.34248	1.38784	2.60883							1.17619	2.21317	1.19389	2.24962	1.31145	2.47068								
1.17573	2.20262	1.03317	1.93808	0.284134	2.96434	1.24789	2.34067	1.39068	2.60581							1.17999	2.2132	1.19727	2.24874	1.31426	2.46803								
1.1794	2.20246	1.03648	1.93808	0.281282	2.98782	1.25092	2.33888	1.39351	2.60279							1.18378	2.21323	1.20065	2.24789	1.31707	2.4654								
1.18308	2.2023	1.03979	1.93808	0.27857	3.01368	1.25397	2.3371	1.39634	2.59977							1.18758	2.21326	1.20404	2.24705	1.31988	2.46279								
1.18676	2.20215	1.0431	1.93808	0.276003	3.04211	1.25701	2.33535	1.39916	2.59677							1.19137	2.21328	1.20743	2.24622	1.3227	2.46021								
1.19044	2.202	1.04642	1.93808	0.273583	3.07329	1.26007	2.33361	1.40197	2.59377							1.19516	2.2133	1.21083	2.24541	1.32552	2.45765								
1.19412	2.20185	1.04973	1.93809	0.271312	3.1074	1.26312	2.3319									1.19895	2.21332	1.21424	2.24462	1.32834	2.45511								
1.19781	2.20172	1.05304	1.93809	0.269191	3.14462	1.26618	2.3302									1.20274	2.21334	1.21765	2.24384	1.33117	2.45259								
1.20149	2.20158	1.05635	1.93809	0.267218	3.18511	1.26925	2.32853									1.20653	2.21336	1.22107	2.24307	1.334	2.45009								
1.20518	2.20145	1.05966	1.93809	0.265391	3.22907	1.27232	2.32687									1.21032	2.21337	1.22449	2.24232	1.33683	2.44762								
1.20887	2.20132	1.06297	1.93809	0.263706	3.27665	1.27539	2.32523									1.2141	2.21338	1.22791	2.24159	1.33966	2.44516								
1.21256	2.2012	1.06628	1.93809	0.262159	3.32805	1.27847	2.32361									1.21788	2.21338	1.23135	2.24087	1.3425	2.44273								
1.21626	2.20108	1.06959	1.9381	0.260746	3.38347	1.28156	2.32201									1.22167	2.21339	1.23479	2.24017	1.34534	2.44032								
1.21995	2.20097	1.0729	1.9381	0.259462	3.44311	1.28465	2.32043									1.22545	2.21339	1.23823	2.23948	1.34819	2.43793								
1.22365	2.20086	1.07621	1.9381	0.258301	3.50719	1.28774	2.31886									1.22922	2.21338	1.24168	2.23881	1.35104	2.43556								
1.22735	2.20075	1.07952	1.9381	0.25726	3.57597	1.29084	2.31731									1.233	2.21337	1.24514	2.23815	1.35389	2.43321								
1.23105	2.20065	1.08284	1.9381	0.256333	3.64973	1.29394	2.31578									1.23677	2.21336	1.2486	2.23751	1.35675	2.43088								
1.23475	2.20055	1.08615	1.93811	0.255516	3.72877	1.29705	2.31427									1.24055	2.21335	1.25207	2.23688	1.35961	2.42857								
1.23846	2.20046	1.08946	1.93811	0.254805	3.81343	1.30016	2.31277									1.24431	2.21333	1.25555	2.23626	1.36247	2.42628								
1.24217	2.20037	1.09277	1.93811	0.254195	3.9041	1.30328	2.3113									1.24808	2.2133	1.25903	2.23567	1.36533	2.42401								
1.24587	2.20028	1.09608	1.93811	0.253684	4.0012	1.3064	2.30983									1.25185	2.21328	1.26252	2.23508	1.3682	2.42176								
1.24958	2.20019	1.09939	1.93811	0.253268	4.10521	1.30952	2.30839									1.25561	2.21324	1.26602	2.23452	1.37108	2.41953								
1.2533	2.20011	1.1027	1.93811	0.252943	4.21667	1.31265	2.30696									1.25936	2.2132	1.26952	2.23396	1.37395	2.41733								
1.25701	2.20003	1.10601	1.93812	0.252707	4.33619	1.31579	2.30555									1.26312	2.21316	1.27303	2.23343	1.37683	2.41514								
1.26072	2.19996	1.10932	1.93812	0.252558	4.46445	1.31893	2.30416									1.26687	2.21311	1.27654	2.2329	1.37972	2.41297								
1.26444	2.19989	1.11263	1.93812	0.252492	4.60222	1.32207	2.30278									1.27062	2.21306	1.28007	2.2324	1.38261	2.41082								
1.26816	2.19982	1.11594	1.93812	0.252507	4.75038	1.32522	2.30141									1.27436	2.213	1.2836	2.23191	1.3855	2.40869								
1.27188	2.19975	1.11926	1.93812	0.252602	4.90991	1.32837	2.30007									1.2781	2.21293	1.28714	2.23143	1.38839	2.40658								
1.2756	2.19969	1.12257	1.93812	0.252774	5.08195	1.33153	2.29873									1.28184	2.21286	1.29068	2.23097	1.39129	2.40448								
1.27932	2.19963	1.12588	1.93813	0.253021	5.26779	1.33469	2.29742									1.28558	2.21278	1.29423	2.23053	1.3942	2.40241								
1.28304	2.19957	1.12919	1.93813	0.253341	5.46892	1.33785	2.29612									1.2893	2.21269	1.29779	2.2301	1.3971	2.40035								
1.28677	2.19952	1.1325	1.93813	0.253733	5.68705	1.34102	2.29483									1.29303	2.2126	1.30136	2.22969	1.40001	2.39832								
1.29049	2.19947	1.13581	1.93813	0.254196	5.92417	1.3442	2.29356									1.29675	2.2125	1.30494	2.22929										
1.29422	2.19942	1.13912	1.93813	0.254726	6.18261	1.34737	2.2923									1.30047	2.21239	1.30852	2.22891										
1.29795	2.19937	1.14243	1.93813	0.255242	6.42732	1.35056	2.29106									1.30418	2.21228	1.31211	2.22854										
1.30168	2.19933	1.14574	1.93813	0.255722	6.65189	1.35374	2.28983									1.30788	2.21216	1.31571	2.22819										
1.30541	2.19929	1.14905	1.93813	0.256145	6.84982	1.35693	2.28862									1.31159	2.21203	1.31932	2.22786										
1.30914	2.19925	1.15236	1.93814	0.256496	7.01483	1.36013	2.28742									1.31528	2.2119	1.32293	2.22754										
1.31288	2.19921	1.15567	1.93814	0.256764	7.14128	1.36333	2.28623									1.31898	2.21176	1.32656	2.22724										
1.31661	2.19918	1.15898	1.93814	0.257017	7.26165	1.36653	2.28506									1.32266	2.21161	1.33019	2.22695										
1.32035	2.19914	1.1623	1.93814	0.257197	7.34778	1.36974	2.2839									1.32635	2.21145	1.33383	2.22667										
1.32408	2.19911	1.16561	1.93814	0.257485	7.48645	1.37295	2.28276									1.33003	2.21129	1.33747	2.22642										
1.32782	2.19909	1.16892	1.93814	0.257888	7.68349	1.37617	2.28163									1.3337	2.21112	1.34113	2.22617										
1.33156	2.19906	1.17223	1.93814	0.258419	7.94771	1.37939	2.28051									1.33737	2.21095	1.34479	2.22594										
1.3353	2.19903	1.17554	1.93814	0.259089	8.29187	1.38262	2.27941									1.34104	2.21076	1.34846	2.22572										
1.33905	2.19901	1.17885	1.93814	0.259916	8.73433	1.38585	2.27832									1.3447	2.21058	1.35214	2.22551										
1.34279	2.19899	1.18216	1.93815	0.260916	9.30176	1.38908	2.27724									1.34836	2.21039	1.35582	2.22532										
1.34653	2.19897	1.18547	1.93815	0.261968	9.94478	1.39232	2.27617									1.35201	2.21019	1.35951	2.22514										
1.35028	2.19896	1.18878	1.93815	0.263072	10.679	1.39556	2.27512									1.35567	2.20999	1.36321	2.22497										
1.35402	2.19894	1.19209	1.93815	0.264224	11.5248	1.3988	2.27408									1.35931	2.20978	1.36691	2.22481										
1.35777	2.19893	1.1954	1.93815	0.265422	12.5088	1.40205	2.27305									1.36296	2.20958	1.37062	2.22467										
1.36152	2.19892	1.19871	1.93815	0.266662	13.6673											1.3666	2.20936	1.37433	2.22453										
1.36527	2.19891	1.20202	1.93815	0.26794	15.0501											1.37024	2.20915	1.37805	2.2244										
1.36902	2.1989	1.20533	1.93815	0.269251	16.7285											1.37388	2.20893	1.38178	2.22429										
1.37277	2.19889	1.20864	1.93815	0.270589	18.8072											1.37751	2.20871	1.38551	2.22418										
1.37652	2.19889	1.21195	1.93815	0.271944	21.4472											1.38115	2.20849	1.38925	2.22408										
1.38028	2.19888	1.21526	1.93815	0.273304	24.9095											1.38478	2.20826	1.39299	2.22398										
1.38403	2.19888	1.21857	1.93815	0.27465	29.6469											1.38841	2.20804	1.39673	2.2239										
1.38778	2.19888	1.22189	1.93815	0.275953	36.52											1.39204	2.20781	1.40048	2.22382										
1.39154	2.19888	1.2252	1.93816	0.27717	47.3925											1.39566	2.20759												
1.3953	2.19888	1.22851	1.93816	0.278231	67.1964											1.39929	2.20736												
1.39905	2.19888	1.23182	1.93816	0.279036	114.7											1.40291	2.20713												
1.40281	2.19889	1.23513	1.93816	0.279465	385.511																								
		1.23844	1.93816																										
		1.24175	1.93816																										
		1.24506	1.93816																										
		1.24837	1.93816																										
		1.25168	1.93816																										
		1.25499	1.93816																										
		1.2583	1.93816																										
		1.26161	1.93816																										
		1.26492	1.93816																										
		1.26823	1.93816																										
		1.27154	1.93816																										
		1.27485	1.93816																										
		1.27816	1.93816																										
		1.28147	1.93816																										
		1.28478	1.93816																										
		1.28809	1.93816																										
		1.2914	1.93816																										
		1.29471	1.93816																										
		1.29802	1.93816																										
		1.30133	1.93816																										
		1.30464	1.93816																										
		1.30795	1.93816																										
		1.31126	1.93816																										
		1.31457	1.93817																										
		1.31788	1.93817																										
		1.32119	1.93817																										
		1.3245	1.93817																										
		1.32781	1.93817																										
		1.33112	1.93817																										
		1.33443	1.93817																										
		1.33774	1.93817																										
		1.34105	1.93817																										
		1.34436	1.93817																										
		1.34767	1.93817																										
		1.35098	1.93817																										
		1.35429	1.93817																										
		1.3576	1.93817																										
		1.36091	1.93817																										
		1.36422	1.93817																										
		1.36753	1.93817																										
		1.37084	1.93817																										
		1.37415	1.93817																										
		1.37747	1.93817																										
		1.38078	1.93817																										
		1.38409	1.93817																										
		1.3874	1.93817																										
		1.39071	1.93817																										
		1.39402	1.93817																										
		1.39733	1.93817																										
		1.40064	1.93817																										
