Sym0		Sym1		Sym2		Sym3		Asym1		Asym2		Asym3	
421  Points		421  Points		379  Points		251  Points		407  Points		390  Points		257  Points	
Freq (MHz)	Vgr (m/ms)	Freq (MHz)	Vgr (m/ms)	Freq (MHz)	Vgr (m/ms)	Freq (MHz)	Vgr (m/ms)	Freq (MHz)	Vgr (m/ms)	Freq (MHz)	Vgr (m/ms)	Freq (MHz)	Vgr (m/ms)
1.00229	2.59949	1.00122	2.59809	0.433042	0.0974027	0.866024	-0.018901	0.216515	0.0701754	1.0013	2.00531	0.66792	0.263873
0.999702	2.59778	0.998636	2.59643	0.433139	0.131505	0.866005	-0.03048	0.216584	0.106051	0.999301	1.99093	0.668183	0.377243
0.997116	2.59439	0.996051	2.593	0.433304	0.199409	0.865964	-0.053691	0.216726	0.177625	0.997332	1.96217	0.668671	0.589267
0.994533	2.59099	0.99347	2.58953	0.433536	0.266667	0.865898	-0.0768011	0.216938	0.248758	0.995392	1.93353	0.669356	0.769969
0.991954	2.58747	0.990893	2.58596	0.433835	0.33298	0.865811	-0.0997094	0.217221	0.319356	0.993481	1.90509	0.670205	0.918535
0.989379	2.58382	0.988319	2.58229	0.434199	0.398185	0.8657	-0.122474	0.217574	0.389316	0.991597	1.87698	0.671186	1.03818
0.986807	2.58008	0.985749	2.57859	0.434628	0.462211	0.865567	-0.144952	0.217997	0.458434	0.989742	1.84937	0.672273	1.13371
0.984239	2.57632	0.983182	2.57474	0.43512	0.524748	0.865411	-0.167115	0.218488	0.52656	0.987913	1.82223	0.673445	1.21002
0.981675	2.57244	0.98062	2.57077	0.435673	0.585691	0.865234	-0.188997	0.219046	0.593657	0.986112	1.79568	0.674684	1.27148
0.979115	2.5684	0.978061	2.56672	0.436287	0.645009	0.865035	-0.210487	0.21967	0.659562	0.984336	1.76978	0.675977	1.32151
0.976559	2.56432	0.975507	2.56261	0.436958	0.702462	0.864814	-0.231544	0.22036	0.724122	0.982586	1.74459	0.677316	1.36264
0.974007	2.56014	0.972957	2.55837	0.437686	0.758092	0.864573	-0.252165	0.221113	0.787379	0.980861	1.72013	0.678692	1.39698
0.971459	2.55584	0.97041	2.55406	0.438469	0.811808	0.864312	-0.272348	0.221928	0.849158	0.97916	1.69634	0.680099	1.42597
0.968915	2.55142	0.967869	2.54961	0.439303	0.863518	0.864031	-0.292001	0.222804	0.909366	0.977482	1.67337	0.681533	1.45076
0.966376	2.5469	0.965332	2.54502	0.440189	0.913293	0.86373	-0.311117	0.22374	0.967993	0.975826	1.65117	0.682989	1.47225
0.963842	2.54229	0.962799	2.54037	0.441123	0.96102	0.863411	-0.329675	0.224733	1.02502	0.974193	1.62973	0.684465	1.49098
0.961312	2.53757	0.960271	2.53556	0.442103	1.00682	0.863074	-0.34764	0.225782	1.08031	0.97258	1.60905	0.685959	1.50755
0.958787	2.53271	0.957748	2.53062	0.443128	1.05066	0.862719	-0.365024	0.226885	1.13387	0.970987	1.5891	0.687468	1.52231
0.956267	2.52769	0.95523	2.52559	0.444196	1.0925	0.862346	-0.381767	0.22804	1.18579	0.969414	1.56989	0.688992	1.53554
0.953752	2.52258	0.952717	2.52048	0.445305	1.13252	0.861958	-0.39792	0.229247	1.2359	0.96786	1.55133	0.690527	1.54753
0.951242	2.51739	0.950209	2.5152	0.446452	1.17068	0.861554	-0.413414	0.230502	1.28421	0.966324	1.53345	0.692074	1.55842
0.948737	2.51203	0.947706	2.50975	0.447637	1.20706	0.861135	-0.428197	0.231805	1.33083	0.964805	1.51624	0.693632	1.56842
0.946238	2.50652	0.945209	2.50422	0.448857	1.24168	0.860701	-0.442337	0.233153	1.37571	0.963303	1.49966	0.695199	1.5776
0.943744	2.50087	0.942718	2.49854	0.45011	1.27461	0.860253	-0.455798	0.234545	1.41884	0.961818	1.48366	0.696774	1.58606
0.941256	2.49512	0.940232	2.49272	0.451396	1.30598	0.859793	-0.468594	0.23598	1.46029	0.960348	1.46821	0.698358	1.59389
0.938773	2.48925	0.937752	2.48681	0.452712	1.33572	0.85932	-0.480754	0.237454	1.50004	0.958893	1.45334	0.699949	1.60114
0.936297	2.48322	0.935278	2.4807	0.454056	1.36398	0.858835	-0.492161	0.238968	1.53812	0.957453	1.43895	0.701548	1.60793
0.933827	2.47707	0.932811	2.47446	0.455429	1.39087	0.858339	-0.502928	0.240518	1.5746	0.956027	1.42499	0.703153	1.61423
0.931363	2.47074	0.930349	2.46805	0.456827	1.41631	0.857833	-0.513024	0.242105	1.6095	0.954614	1.41153	0.704763	1.62015
0.928905	2.46423	0.927894	2.46154	0.45825	1.4404	0.857318	-0.522383	0.243725	1.64281	0.953215	1.39857	0.70638	1.62568
0.926454	2.45762	0.925446	2.45487	0.459697	1.4633	0.856793	-0.531135	0.245377	1.67461	0.951828	1.3859	0.708002	1.63083
0.924009	2.4509	0.923004	2.44802	0.461165	1.48499	0.856259	-0.539193	0.247061	1.70492	0.950454	1.37366	0.709629	1.63568
0.921571	2.44397	0.920569	2.44107	0.462655	1.5055	0.855719	-0.546555	0.248773	1.73382	0.949092	1.36183	0.71126	1.64018
0.919141	2.43686	0.918141	2.43394	0.464164	1.52493	0.855171	-0.553308	0.250289	1.75792	0.947741	1.35031	0.712896	1.64441
0.916717	2.42966	0.915721	2.42661	0.465692	1.54326	0.854616	-0.559447	0.251597	1.77763	0.946402	1.33913	0.714536	1.64836
0.914301	2.42227	0.913307	2.41914	0.467238	1.56059	0.854056	-0.564878	0.25269	1.79336	0.945074	1.32821	0.71618	1.65201
0.911892	2.41471	0.910901	2.41158	0.468801	1.57698	0.853491	-0.569675	0.25356	1.80537	0.943756	1.31764	0.717827	1.65543
0.90949	2.40702	0.908503	2.40381	0.47038	1.59241	0.852921	-0.573895	0.254204	1.81413	0.942449	1.30733	0.719477	1.65861
0.907097	2.39919	0.906113	2.3959	0.471973	1.60699	0.852348	-0.577483	0.254618	1.8196	0.941152	1.29728	0.721131	1.66152
0.904711	2.39115	0.903731	2.3878	0.473581	1.62071	0.851771	-0.580499	0.255214	1.82731	0.939865	1.2875	0.722787	1.66422
0.902334	2.38296	0.901356	2.37956	0.475202	1.6336	0.851192	-0.58289	0.255866	1.83552	0.938587	1.27791	0.724446	1.66666
0.899964	2.37463	0.89899	2.37116	0.476835	1.64569	0.85061	-0.58464	0.256756	1.84639	0.937319	1.2686	0.726107	1.66887
0.897603	2.36613	0.896633	2.36257	0.47848	1.65704	0.850027	-0.585887	0.25789	1.85992	0.93606	1.25951	0.72777	1.67094
0.895251	2.35753	0.894284	2.3539	0.480136	1.66769	0.849443	-0.586561	0.259272	1.87554	0.93481	1.2506	0.729436	1.67274
0.892907	2.34874	0.891944	2.34505	0.481802	1.67764	0.848858	-0.586695	0.260908	1.89302	0.933569	1.24189	0.731103	1.67435
0.890572	2.33973	0.889613	2.33601	0.483478	1.68688	0.848274	-0.58627	0.262803	1.91206	0.932336	1.23338	0.732771	1.67575
0.888246	2.33064	0.88729	2.32686	0.485163	1.69549	0.847691	-0.585246	0.264717	1.93003	0.931112	1.22504	0.734441	1.67689
0.885929	2.32139	0.884977	2.31756	0.486856	1.70352	0.847108	-0.583719	0.266648	1.94686	0.929896	1.21686	0.736112	1.67789
0.883622	2.31199	0.882674	2.30808	0.488556	1.71091	0.846528	-0.581705	0.268595	1.96269	0.928688	1.2089	0.737783	1.67867
0.881324	2.30246	0.88038	2.29847	0.490264	1.71772	0.845949	-0.579151	0.270558	1.97753	0.927487	1.20112	0.739456	1.67927
0.879035	2.29277	0.878095	2.2887	0.491978	1.72397	0.845374	-0.576121	0.272535	1.99137	0.926295	1.19345	0.741128	1.67961
0.876756	2.28291	0.87582	2.27886	0.493698	1.72964	0.844802	-0.572575	0.274525	2.00422	0.92511	1.18591	0.742801	1.67977
0.874487	2.27299	0.873555	2.26888	0.495423	1.73481	0.844233	-0.568516	0.276527	2.01615	0.923933	1.17854	0.744475	1.67983
0.872228	2.26294	0.871301	2.25873	0.497154	1.73943	0.843669	-0.564038	0.278541	2.02723	0.922762	1.17135	0.746148	1.67959
0.86998	2.25272	0.869056	2.24847	0.498888	1.74355	0.84311	-0.559069	0.280565	2.03736	0.921599	1.16432	0.74782	1.67913
0.867741	2.24242	0.866822	2.2381	0.500627	1.74721	0.842556	-0.553636	0.2826	2.04663	0.920443	1.15738	0.749493	1.67855
0.865513	2.23196	0.864598	2.22767	0.502369	1.75037	0.842007	-0.547711	0.284642	2.05512	0.919294	1.1506	0.751164	1.67773
0.863295	2.22143	0.862384	2.21712	0.504114	1.75305	0.841465	-0.541321	0.286693	2.06283	0.918151	1.14397	0.752835	1.67671
0.861087	2.21087	0.860181	2.20642	0.505861	1.75528	0.840929	-0.534519	0.288752	2.06968	0.917015	1.13739	0.754504	1.67553
0.858891	2.20014	0.857989	2.19568	0.50761	1.75707	0.8404	-0.527328	0.290816	2.07579	0.915885	1.13099	0.756173	1.67412
0.856705	2.18933	0.855807	2.18485	0.509361	1.75839	0.839878	-0.51962	0.292887	2.08114	0.914762	1.12478	0.757839	1.67252
0.854529	2.17848	0.853636	2.17395	0.511113	1.7593	0.839365	-0.511483	0.294962	2.08572	0.913645	1.11868	0.759504	1.67069
0.852365	2.1675	0.851476	2.16298	0.512866	1.75982	0.838859	-0.503009	0.297042	2.08966	0.912533	1.11264	0.761167	1.6687
0.850211	2.15648	0.849328	2.15195	0.514619	1.75989	0.838363	-0.494034	0.299125	2.09288	0.911428	1.10678	0.762828	1.66652
0.848069	2.14545	0.84719	2.1409	0.516372	1.75953	0.837875	-0.484663	0.301211	2.09541	0.910329	1.10105	0.764487	1.66407
0.845938	2.13438	0.845063	2.12981	0.518124	1.7588	0.837397	-0.474933	0.303299	2.09719	0.909235	1.0954	0.766143	1.66143
0.843817	2.12324	0.842947	2.11864	0.51965	1.75785	0.836929	-0.464747	0.305388	2.09834	0.908146	1.08991	0.767797	1.65866
0.841708	2.11207	0.840842	2.10747	0.52095	1.7568	0.836471	-0.454168	0.307479	2.09891	0.907064	1.08456	0.769447	1.65564
0.83961	2.1009	0.838749	2.09632	0.522025	1.7558	0.836024	-0.443235	0.30957	2.09877	0.905986	1.07932	0.771095	1.65236
0.837523	2.08975	0.836666	2.0851	0.522874	1.75478	0.835588	-0.431855	0.31166	2.098	0.904914	1.07421	0.772739	1.64893
0.835447	2.07853	0.834595	2.07393	0.523498	1.75409	0.835164	-0.420101	0.313749	2.09666	0.903846	1.06927	0.77438	1.64528
0.833382	2.06736	0.832535	2.06277	0.523898	1.75361	0.834752	-0.408033	0.315836	2.09465	0.902784	1.06442	0.776016	1.64143
0.831329	2.05621	0.830486	2.05163	0.524471	1.75281	0.834351	-0.395509	0.317922	2.09204	0.901726	1.05965	0.777649	1.63738
0.829286	2.04508	0.828448	2.04053	0.525095	1.75206	0.833964	-0.382594	0.320004	2.08888	0.900673	1.05507	0.779278	1.6331
0.827255	2.034	0.826421	2.02942	0.525942	1.7508	0.833589	-0.36933	0.322083	2.08517	0.899624	1.05067	0.780903	1.6286
0.825235	2.02292	0.824405	2.01837	0.527013	1.749	0.833228	-0.355715	0.324158	2.0808	0.89858	1.04637	0.782522	1.62386
0.823225	2.01196	0.8224	2.00747	0.528306	1.74678	0.832881	-0.341743	0.326228	2.07585	0.89754	1.04219	0.784137	1.61896
0.821227	2.00103	0.820406	1.99657	0.529821	1.74383	0.832547	-0.327405	0.328293	2.07038	0.896504	1.03817	0.785748	1.61384
0.819239	1.99018	0.818423	1.9857	0.531556	1.74016	0.832228	-0.312681	0.330352	2.06435	0.895471	1.0343	0.787352	1.60845
0.817262	1.97941	0.816451	1.97496	0.533288	1.73612	0.831924	-0.29762	0.332405	2.05778	0.894443	1.03052	0.788952	1.60288
0.815296	1.96869	0.814489	1.96432	0.535015	1.73172	0.831635	-0.28223	0.334451	2.05064	0.893419	1.02697	0.790545	1.59711
0.81334	1.95808	0.812538	1.95378	0.536737	1.727	0.831362	-0.266442	0.33649	2.04296	0.892397	1.02358	0.792133	1.59112
0.811395	1.94761	0.810597	1.94335	0.538455	1.72187	0.831105	-0.250293	0.338521	2.03474	0.89138	1.02026	0.793715	1.58485
0.809461	1.93725	0.808667	1.933	0.540167	1.71645	0.830863	-0.233852	0.340543	2.02604	0.890365	1.01711	0.79529	1.57838
0.807536	1.92701	0.806746	1.92277	0.541874	1.71066	0.830639	-0.217091	0.342557	2.01679	0.889353	1.01417	0.796859	1.57177
0.805622	1.91685	0.804836	1.91271	0.543575	1.70447	0.830431	-0.199947	0.344561	2.00701	0.888345	1.01142	0.798421	1.56487
0.803718	1.90684	0.802936	1.90283	0.545269	1.69804	0.830241	-0.18247	0.346555	1.99679	0.887339	1.00878	0.799976	1.55774
0.801823	1.89705	0.801046	1.89302	0.546958	1.69123	0.830068	-0.164677	0.348539	1.986	0.886335	1.00636	0.801524	1.55042
0.799939	1.88734	0.799165	1.88336	0.548638	1.68405	0.829912	-0.146596	0.350511	1.97476	0.885334	1.00411	0.803065	1.5429
0.798064	1.8778	0.797294	1.87394	0.550312	1.67661	0.829776	-0.1282	0.352472	1.96307	0.884335	1.00196	0.804598	1.53512
0.796198	1.86843	0.795432	1.86462	0.551978	1.66886	0.829657	-0.109433	0.354422	1.95086	0.883338	1.00008	0.806123	1.5271
0.794342	1.85923	0.79358	1.85552	0.553637	1.66073	0.829558	-0.090357	0.356359	1.93821	0.882343	0.998408	0.80764	1.51895
0.792494	1.85026	0.791736	1.84659	0.555287	1.65225	0.829477	-0.0710114	0.358283	1.92508	0.881349	0.996879	0.809149	1.51055
0.790656	1.84143	0.789901	1.83783	0.556928	1.64351	0.829416	-0.0513856	0.360193	1.91154	0.880357	0.995555	0.810649	1.50188
0.788826	1.83277	0.788075	1.82933	0.558561	1.63445	0.829375	-0.0314595	0.362091	1.89758	0.879366	0.994467	0.812141	1.49304
0.787005	1.82439	0.786257	1.82098	0.560184	1.62507	0.829353	-0.0111928	0.363974	1.88319	0.878376	0.99359	0.813623	1.48402
0.785192	1.8162	0.784447	1.81287	0.561798	1.6154	0.829352	0.00932187	0.365842	1.86841	0.877387	0.992878	0.815097	1.47473
0.783387	1.80823	0.782646	1.80497	0.563402	1.60541	0.829372	0.0300724	0.367695	1.85322	0.876398	0.992405	0.816561	1.46525
0.78159	1.80045	0.780852	1.79731	0.564996	1.59517	0.829412	0.0511215	0.369534	1.8377	0.87541	0.992241	0.818016	1.45558
0.7798	1.79293	0.779065	1.78996	0.56658	1.58463	0.829474	0.0724209	0.371356	1.82179	0.874421	0.992258	0.819275	1.44699
0.778018	1.7857	0.777286	1.7828	0.568153	1.57377	0.829545	0.0912043	0.373163	1.80551	0.873433	0.992466	0.820343	1.43956
0.776243	1.77869	0.775514	1.77584	0.569715	1.56271	0.829618	0.107331	0.374953	1.78897	0.872444	0.992968	0.821222	1.43341
0.774475	1.77194	0.773749	1.76922	0.571266	1.55133	0.829688	0.120794	0.376726	1.77208	0.871455	0.993713	0.821914	1.42842
0.772713	1.76547	0.77199	1.7629	0.572805	1.53966	0.829749	0.131549	0.378483	1.75492	0.870465	0.99477	0.822422	1.42469
0.770958	1.75929	0.770237	1.75686	0.574333	1.52776	0.829797	0.139345	0.380222	1.7375	0.869473	0.996016	0.822746	1.42226
0.769209	1.75342	0.76849	1.75109	0.575848	1.51557	0.829829	0.144329	0.381944	1.71982	0.868481	0.997555	0.823211	1.41876
0.767465	1.74784	0.766748	1.74563	0.577352	1.50319	0.829878	0.15178	0.383648	1.70197	0.867486	0.99942	0.823715	1.4151
0.765727	1.74258	0.765012	1.74051	0.578843	1.49059	0.829933	0.159852	0.385335	1.6839	0.86649	1.0015	0.824398	1.40999
0.763994	1.73768	0.763281	1.73572	0.580321	1.4777	0.830013	0.170601	0.387003	1.66564	0.865491	1.00394	0.825259	1.40335
0.762266	1.73309	0.761555	1.73126	0.581786	1.46463	0.830122	0.184455	0.388653	1.64719	0.86449	1.00664	0.826294	1.39537
0.760542	1.72884	0.759833	1.7272	0.583239	1.45138	0.830265	0.201385	0.390284	1.6287	0.863486	1.00962	0.827501	1.38577
0.758822	1.72494	0.758114	1.7235	0.584678	1.43786	0.830448	0.221257	0.391897	1.61009	0.862479	1.01298	0.828876	1.37466
0.757105	1.72147	0.756399	1.72017	0.586103	1.42417	0.83068	0.244251	0.393491	1.59138	0.861468	1.01666	0.83024	1.36338
0.755392	1.71843	0.754687	1.71723	0.587515	1.41035	0.830935	0.267447	0.395067	1.57267	0.860454	1.02064	0.831592	1.3519
0.753682	1.71573	0.752978	1.71474	0.588912	1.39629	0.831213	0.290831	0.396624	1.55391	0.859435	1.02497	0.832933	1.34035
0.751975	1.71345	0.751272	1.71269	0.590296	1.38206	0.831514	0.314353	0.398163	1.53513	0.858412	1.02963	0.834262	1.32859
0.750269	1.71166	0.749567	1.71103	0.591666	1.36776	0.831839	0.337986	0.399682	1.51642	0.857384	1.03462	0.835579	1.31669
0.748565	1.71035	0.747863	1.70988	0.593021	1.35329	0.832187	0.361805	0.401183	1.49784	0.856351	1.04002	0.836885	1.30472
0.746862	1.70945	0.746161	1.70922	0.594361	1.33868	0.832559	0.385717	0.402666	1.47932	0.855312	1.04578	0.838178	1.29253
0.74516	1.70903	0.744458	1.70903	0.595687	1.32397	0.832956	0.409719	0.40413	1.46087	0.854267	1.05185	0.83946	1.28025
0.743457	1.70915	0.742756	1.70935	0.596999	1.30916	0.833376	0.43381	0.405576	1.44263	0.853217	1.05835	0.840729	1.26795
0.741755	1.70982	0.741053	1.71023	0.598295	1.29426	0.83382	0.457987	0.407004	1.42454	0.852159	1.06528	0.841986	1.25548
0.740051	1.71099	0.739349	1.71165	0.599577	1.27927	0.834288	0.482252	0.408414	1.40666	0.851095	1.07257	0.84323	1.24287
0.738346	1.71273	0.737644	1.71363	0.600844	1.26424	0.83478	0.50656	0.409806	1.38901	0.850023	1.0802	0.844461	1.23028
0.736639	1.71509	0.735936	1.71621	0.602095	1.24918	0.835297	0.530934	0.411181	1.37161	0.848943	1.08827	0.84568	1.21758
0.73493	1.71797	0.734225	1.71936	0.603332	1.23407	0.835838	0.555253	0.412539	1.35454	0.847855	1.09679	0.846887	1.20481
0.733217	1.72149	0.73251	1.72315	0.604554	1.21889	0.836403	0.579589	0.413879	1.33769	0.846758	1.10569	0.848081	1.19206
0.731501	1.72566	0.730792	1.72754	0.60576	1.20376	0.836993	0.603976	0.415203	1.3212	0.845652	1.11498	0.849261	1.17918
0.72978	1.73045	0.729069	1.73257	0.606952	1.18865	0.837606	0.628258	0.416511	1.30512	0.844537	1.12474	0.85043	1.16633
0.728054	1.73587	0.727341	1.73831	0.608128	1.17356	0.838244	0.652532	0.417803	1.28932	0.843412	1.13488	0.851585	1.15345
0.726322	1.74194	0.725606	1.74468	0.609289	1.15847	0.838906	0.676802	0.419079	1.27397	0.842276	1.14547	0.852727	1.1406
0.724583	1.74871	0.723865	1.7517	0.610436	1.14348	0.839592	0.700939	0.420341	1.25901	0.84113	1.15651	0.853857	1.12776
0.722838	1.75619	0.722117	1.75941	0.611567	1.12853	0.840302	0.725011	0.421587	1.24443	0.839972	1.16792	0.854974	1.11492
0.721085	1.76431	0.72036	1.76781	0.612684	1.11364	0.841037	0.748962	0.42282	1.23033	0.838803	1.17983	0.856078	1.10214
0.719324	1.77308	0.718595	1.7769	0.613786	1.09888	0.841794	0.772811	0.424038	1.2167	0.837622	1.19212	0.857169	1.08937
0.717553	1.78257	0.716821	1.78668	0.614873	1.08417	0.842576	0.796521	0.425244	1.20351	0.836428	1.20483	0.858248	1.07675
0.715773	1.79271	0.715036	1.79713	0.615945	1.06963	0.843381	0.820075	0.426436	1.19081	0.835222	1.21803	0.859314	1.06416
0.713982	1.80354	0.713241	1.80823	0.617004	1.05525	0.84421	0.843508	0.427616	1.17856	0.834002	1.2316	0.860368	1.05162
0.71218	1.81506	0.711434	1.81996	0.618048	1.04099	0.845061	0.866707	0.428784	1.16685	0.832769	1.24557	0.861409	1.03925
0.710366	1.82719	0.709615	1.83232	0.619077	1.02689	0.845936	0.889703	0.42994	1.15562	0.831521	1.26	0.862438	1.02699
0.70854	1.83991	0.707784	1.84533	0.620093	1.01295	0.846834	0.91251	0.431086	1.1449	0.830259	1.27481	0.863455	1.01488
0.706701	1.85322	0.705939	1.85889	0.621095	0.999222	0.847754	0.935093	0.432221	1.13472	0.828981	1.28996	0.86446	1.00289
0.704848	1.86711	0.704081	1.873	0.622084	0.985684	0.848697	0.957434	0.433346	1.12504	0.827689	1.30553	0.865453	0.991048
0.702982	1.88154	0.702208	1.88762	0.623059	0.972372	0.849661	0.979567	0.434462	1.11591	0.826381	1.32151	0.866434	0.97945
0.7011	1.89645	0.700321	1.90273	0.624021	0.95926	0.850648	1.00142	0.435569	1.10727	0.825056	1.33786	0.867404	0.967974
0.699204	1.9118	0.698418	1.9183	0.62497	0.946377	0.851656	1.02297	0.436668	1.09914	0.823716	1.35454	0.868362	0.956733
0.697292	1.92759	0.696499	1.93418	0.625906	0.93374	0.852686	1.04422	0.437759	1.09152	0.822358	1.3715	0.86931	0.94574
0.695364	1.94374	0.694565	1.95045	0.62683	0.921355	0.853736	1.06521	0.438842	1.08451	0.820983	1.3888	0.870246	0.93487
0.69342	1.96018	0.692614	1.96703	0.627741	0.909269	0.854808	1.08588	0.439919	1.07797	0.819592	1.40641	0.871172	0.924322
0.691459	1.97686	0.690647	1.98381	0.628641	0.89742	0.855899	1.10619	0.440989	1.07192	0.818182	1.42429	0.872088	0.914065
0.689482	1.99375	0.688662	2.00074	0.629529	0.885819	0.857011	1.12622	0.442054	1.06639	0.816754	1.44246	0.872993	0.904041
0.687487	2.01082	0.686661	2.01786	0.630406	0.874559	0.858143	1.1459	0.443114	1.06137	0.815308	1.46086	0.873888	0.894305
0.685476	2.02796	0.684643	2.03504	0.631271	0.8636	0.859294	1.16518	0.444169	1.05691	0.813844	1.47946	0.874774	0.884844
0.683448	2.04516	0.682607	2.05224	0.632126	0.852877	0.860464	1.18414	0.445219	1.05286	0.812361	1.49829	0.875651	0.875694
0.681402	2.06233	0.680554	2.0694	0.63297	0.842532	0.861653	1.20272	0.446266	1.04931	0.810859	1.51724	0.876519	0.866873
0.679339	2.07942	0.678485	2.08647	0.633804	0.832464	0.86286	1.22094	0.447309	1.04629	0.809339	1.53632	0.877378	0.858346
0.67726	2.09645	0.676398	2.10344	0.634628	0.822706	0.864085	1.23875	0.44835	1.04373	0.807799	1.5556	0.878229	0.850226
0.675163	2.11334	0.674295	2.12024	0.635443	0.813278	0.865328	1.25615	0.449389	1.04159	0.80624	1.57492	0.879072	0.842483
0.67305	2.13004	0.672174	2.13684	0.636249	0.804187	0.866587	1.27322	0.450425	1.03996	0.804662	1.59431	0.879907	0.835015
0.67092	2.14647	0.670038	2.15314	0.637045	0.795439	0.867864	1.28985	0.45146	1.03879	0.803064	1.61377	0.880735	0.827987
0.668774	2.1626	0.667885	2.16919	0.637833	0.786992	0.869157	1.30601	0.452494	1.03799	0.801447	1.6332	0.881556	0.821311
0.666612	2.17848	0.665717	2.18492	0.638613	0.778912	0.870465	1.32185	0.453528	1.03768	0.799811	1.65265	0.882371	0.815026
0.664434	2.19404	0.663533	2.20034	0.639385	0.771145	0.87179	1.33722	0.454561	1.03778	0.798155	1.67203	0.88318	0.809197
0.662241	2.2092	0.661334	2.2154	0.640149	0.763752	0.873129	1.35214	0.455595	1.03827	0.79648	1.69131	0.883983	0.803726
0.660034	2.22402	0.65912	2.23002	0.640906	0.756676	0.874483	1.36671	0.45663	1.0392	0.794786	1.71054	0.884781	0.798694
0.657811	2.23848	0.656891	2.24427	0.641656	0.749975	0.875852	1.3808	0.457665	1.04054	0.793072	1.72967	0.885574	0.794141
0.655574	2.25251	0.654649	2.25812	0.6424	0.743591	0.877234	1.39447	0.458703	1.0422	0.79134	1.74862	0.886363	0.790002
0.653324	2.26608	0.652393	2.2716	0.643138	0.737539	0.87863	1.40772	0.459742	1.04429	0.789589	1.76735	0.887148	0.786286
0.65106	2.27928	0.650124	2.28461	0.643869	0.73187	0.880038	1.4205	0.460783	1.04677	0.787819	1.78592	0.887929	0.783041
0.648784	2.29208	0.647842	2.29721	0.644596	0.726522	0.881459	1.43282	0.461827	1.04956	0.786031	1.80426	0.888708	0.780249
0.646494	2.30442	0.645548	2.30939	0.645317	0.721509	0.882893	1.44475	0.462874	1.05274	0.784225	1.8223	0.889484	0.777986
0.644193	2.31635	0.643241	2.32112	0.646033	0.716835	0.884337	1.45621	0.463924	1.05623	0.782401	1.84011	0.890257	0.776161
0.64188	2.32782	0.640924	2.33243	0.646745	0.712549	0.885793	1.46719	0.464978	1.0601	0.78056	1.8576	0.89103	0.774816
0.639556	2.33888	0.638595	2.34336	0.647452	0.708586	0.88726	1.47779	0.466036	1.06429	0.778701	1.87482	0.891801	0.773969
0.637221	2.34958	0.636256	2.35387	0.648156	0.704957	0.888737	1.48794	0.467098	1.06877	0.776825	1.89167	0.892571	0.773633
0.634875	2.35987	0.633906	2.36397	0.648857	0.70167	0.890224	1.49761	0.468165	1.07361	0.774933	1.90812	0.893342	0.773811
0.63252	2.36972	0.631547	2.37368	0.649554	0.698726	0.891721	1.50687	0.469236	1.07875	0.773024	1.92421	0.894113	0.774464
0.630155	2.37918	0.629178	2.38296	0.650248	0.696085	0.893226	1.51565	0.470314	1.08419	0.771099	1.93992	0.894885	0.775657
0.62778	2.3883	0.6268	2.39189	0.650941	0.693767	0.89474	1.52399	0.471396	1.08994	0.76916	1.95524	0.895658	0.77738
0.625397	2.39702	0.624413	2.40049	0.65163	0.691785	0.896262	1.53193	0.472485	1.09598	0.767205	1.97009	0.896433	0.779671
0.623005	2.40537	0.622018	2.40876	0.652319	0.690144	0.897791	1.53941	0.473579	1.10229	0.765235	1.98454	0.897211	0.782464
0.620606	2.41339	0.619615	2.41664	0.653005	0.688847	0.899328	1.5464	0.474681	1.10891	0.763251	1.99854	0.897992	0.785766
0.618198	2.42111	0.617204	2.42416	0.653691	0.687809	0.900872	1.55301	0.475788	1.11582	0.761254	2.01206	0.898777	0.789627
0.615783	2.42849	0.614785	2.43141	0.654375	0.687116	0.902422	1.55918	0.476903	1.12304	0.759243	2.02506	0.899565	0.794028
0.61336	2.43554	0.61236	2.43835	0.65506	0.68677	0.903978	1.5649	0.478026	1.13051	0.75722	2.03762	0.900358	0.798958
0.610931	2.44228	0.609928	2.44497	0.655743	0.686683	0.905539	1.57019	0.479155	1.13823	0.755184	2.04976	0.901157	0.804499
0.608495	2.44874	0.60749	2.45128	0.656427	0.686943	0.907106	1.57501	0.480293	1.1463	0.753137	2.0613	0.901961	0.810607
0.606053	2.4549	0.605045	2.45739	0.657112	0.687507	0.908677	1.57949	0.481439	1.15466	0.751078	2.07233	0.902771	0.817257
0.603605	2.4608	0.602594	2.4632	0.657797	0.688308	0.910252	1.58351	0.482593	1.16326	0.749008	2.08294	0.903589	0.824481
0.601151	2.46646	0.600138	2.46875	0.658483	0.689446	0.911831	1.58704	0.483756	1.1722	0.746929	2.09299	0.904414	0.83221
0.598692	2.47187	0.597677	2.47404	0.65917	0.690881	0.913414	1.59019	0.484928	1.18148	0.744839	2.10243	0.905247	0.840581
0.596227	2.47707	0.59521	2.47907	0.659859	0.692639	0.914999	1.59293	0.48611	1.19106	0.74274	2.11144	0.906088	0.849533
0.593757	2.48201	0.592738	2.48394	0.66055	0.694644	0.916587	1.59526	0.487301	1.20092	0.740633	2.11991	0.906939	0.858992
0.591283	2.48668	0.590262	2.48858	0.661243	0.696903	0.918177	1.5972	0.488502	1.21118	0.738517	2.12786	0.907799	0.869051
0.588803	2.49117	0.587781	2.49298	0.661938	0.699506	0.919769	1.59869	0.489714	1.22181	0.736394	2.13524	0.90867	0.879713
0.58632	2.49547	0.585296	2.49721	0.662637	0.702368	0.921362	1.59978	0.490936	1.2328	0.734264	2.14205	0.909552	0.890981
0.583832	2.49956	0.582806	2.50124	0.663338	0.705532	0.922955	1.60046	0.492169	1.24428	0.732127	2.14837	0.910445	0.902768
0.581341	2.50351	0.580313	2.50506	0.664042	0.708933	0.92455	1.60071	0.493415	1.25613	0.729984	2.15418	0.91135	0.915117
0.578845	2.50723	0.577816	2.5087	0.66475	0.712584	0.926144	1.60066	0.494672	1.26846	0.727836	2.15938	0.912268	0.928095
0.576346	2.51078	0.575316	2.51217	0.665461	0.716533	0.927738	1.60016	0.495941	1.28135	0.725683	2.16406	0.913199	0.941647
0.573844	2.51416	0.572812	2.51548	0.666177	0.72076	0.929332	1.59926	0.497224	1.29481	0.723525	2.16822	0.914144	0.955746
0.571338	2.51736	0.570305	2.51864	0.666897	0.725214	0.930924	1.59799	0.498521	1.30891	0.721364	2.17178	0.915103	0.970378
0.568829	2.52046	0.567794	2.52165	0.667622	0.729954	0.932515	1.59631	0.499832	1.32367	0.719199	2.17482	0.916077	0.985624
0.566317	2.52338	0.565281	2.52456	0.668351	0.73501	0.934104	1.5943	0.501158	1.33928	0.717031	2.17736	0.917066	1.00144
0.563802	2.5261	0.562765	2.52726	0.669086	0.740225	0.935691	1.59191	0.502499	1.35571	0.714861	2.1793	0.918072	1.01775
0.561285	2.52876	0.560247	2.52979	0.669826	0.745736	0.937275	1.58916	0.503858	1.37311	0.71269	2.18068	0.919094	1.03461
0.558765	2.5313	0.557726	2.53226	0.670572	0.751567	0.938857	1.58605	0.505235	1.39165	0.710517	2.18153	0.920133	1.05206
0.556242	2.53362	0.555203	2.53459	0.671323	0.75756	0.940435	1.58254	0.50663	1.4114	0.708344	2.18185	0.921189	1.07005
0.553718	2.53584	0.552677	2.53675	0.672081	0.763849	0.942009	1.57867	0.508046	1.43254	0.706171	2.18161	0.922264	1.0885
0.551191	2.53801	0.550149	2.53881	0.672845	0.770417	0.943579	1.57448	0.509484	1.45525	0.703998	2.1808	0.923358	1.10747
0.548662	2.54002	0.54762	2.54077	0.673615	0.777167	0.945146	1.56995	0.510945	1.47977	0.701827	2.17943	0.92447	1.12697
0.546131	2.54187	0.545088	2.5426	0.674393	0.784225	0.946707	1.56509	0.512432	1.50625	0.699657	2.17755	0.925603	1.14694
0.543598	2.54365	0.542555	2.54436	0.675178	0.791568	0.948263	1.55989	0.513946	1.535	0.697489	2.1751	0.926755	1.16737
0.541064	2.54532	0.540019	2.54598	0.67597	0.799139	0.949814	1.55438	0.51549	1.56623	0.695324	2.17201	0.927928	1.18824
0.538528	2.54684	0.537483	2.54747	0.67677	0.806954	0.95136	1.54856	0.517066	1.60022	0.693162	2.16844	0.929122	1.20956
0.535991	2.54831	0.534945	2.5489	0.677577	0.814978	0.952899	1.54239	0.518677	1.63719	0.691004	2.16433	0.930338	1.2313
0.533452	2.5497	0.532405	2.5502	0.678393	0.823323	0.954432	1.53593	0.520327	1.67729	0.688851	2.15957	0.931575	1.25349
0.530911	2.55092	0.529865	2.55141	0.679217	0.831958	0.955959	1.52915	0.522019	1.72079	0.686702	2.1543	0.932835	1.27598
0.52837	2.55206	0.527323	2.55253	0.68005	0.840783	0.957478	1.52211	0.523755	1.76762	0.684559	2.14844	0.934117	1.29883
0.525828	2.55312	0.52478	2.55356	0.680892	0.849874	0.958991	1.51478	0.52554	1.81769	0.682422	2.142	0.935422	1.32209
0.523284	2.55412	0.522236	2.55448	0.681743	0.859273	0.960496	1.50713	0.527376	1.87071	0.680292	2.13502	0.936751	1.34564
0.52074	2.55498	0.519691	2.5553	0.682604	0.868956	0.961993	1.49928	0.529266	1.92621	0.678169	2.1274	0.938103	1.36945
0.518195	2.55576	0.517146	2.55606	0.683474	0.87891	0.963482	1.49119	0.531213	1.98347	0.676054	2.11924	0.939479	1.39354
0.515649	2.55645	0.514599	2.55672	0.684355	0.889087	0.964964	1.48277	0.533218	2.0417	0.673948	2.11048	0.940879	1.41784
0.513102	2.55705	0.512053	2.55726	0.685245	0.899548	0.966436	1.4741	0.53528	2.09988	0.67185	2.1011	0.942303	1.44239
0.510555	2.55756	0.509505	2.55772	0.686147	0.910369	0.9679	1.46525	0.537401	2.15697	0.669762	2.09119	0.943752	1.46714
0.508007	2.55796	0.506957	2.55814	0.687059	0.921455	0.969355	1.45615	0.539577	2.21216	0.667685	2.08062	0.945226	1.492
0.505459	2.55834	0.504409	2.55845	0.687982	0.932805	0.970801	1.44684	0.541807	2.26458	0.665618	2.06947	0.946724	1.51695
0.502911	2.55858	0.501861	2.55864	0.688917	0.944459	0.972237	1.43732	0.544088	2.31363	0.663562	2.05772	0.948247	1.54207
0.500362	2.55871	0.499312	2.55876	0.689864	0.956439	0.973664	1.42763	0.546416	2.359	0.661519	2.04533	0.949796	1.56725
0.497814	2.55879	0.496764	2.55882	0.690822	0.968756	0.975081	1.41771	0.548787	2.40036	0.659488	2.03232	0.951369	1.5924
0.495265	2.55879	0.494215	2.55877	0.691793	0.981413	0.976488	1.4076	0.551198	2.43772	0.65747	2.0187	0.952968	1.61763
0.492717	2.55869	0.491667	2.55858	0.692777	0.994329	0.977885	1.39734	0.553643	2.47135	0.655466	2.00447	0.954592	1.64285
0.490168	2.5585	0.489118	2.55838	0.693774	1.00759	0.979272	1.38692	0.556121	2.50138	0.653477	1.9896	0.956241	1.66799
0.48762	2.55821	0.48657	2.55806	0.694785	1.02128	0.980648	1.37639	0.558626	2.52801	0.651503	1.97409	0.957915	1.69299
0.485072	2.55779	0.484022	2.5576	0.695809	1.03523	0.982014	1.3657	0.561157	2.55163	0.649545	1.95796	0.959613	1.71797
0.482525	2.5573	0.481475	2.55712	0.696847	1.04958	0.983369	1.35486	0.563709	2.57263	0.647603	1.94122	0.961337	1.74281
0.479978	2.55676	0.478929	2.55649	0.697899	1.06433	0.984713	1.34389	0.566282	2.59115	0.645678	1.92377	0.963085	1.7674
0.477431	2.55611	0.476383	2.55577	0.698967	1.07942	0.986046	1.33286	0.568871	2.60751	0.64377	1.90567	0.964858	1.79192
0.474886	2.55533	0.473837	2.55501	0.70005	1.09494	0.987368	1.32171	0.571476	2.62206	0.641881	1.88699	0.966655	1.81618
0.472341	2.55447	0.471293	2.5541	0.701148	1.11084	0.988679	1.3105	0.574094	2.63493	0.640011	1.86766	0.968476	1.84014
0.469797	2.55352	0.468749	2.55305	0.702263	1.12716	0.989978	1.29922	0.576725	2.64639	0.638161	1.84762	0.97032	1.86395
0.467254	2.55239	0.466207	2.55191	0.703394	1.1439	0.991267	1.28782	0.579366	2.65654	0.636331	1.82696	0.972189	1.88743
0.464713	2.55119	0.463666	2.55068	0.704541	1.16106	0.992544	1.2764	0.582017	2.66555	0.634522	1.80565	0.97408	1.91056
0.462172	2.54991	0.461126	2.54933	0.705706	1.17861	0.993809	1.26497	0.584676	2.67362	0.632734	1.78366	0.975995	1.93343
0.459633	2.54848	0.458588	2.54785	0.706889	1.19666	0.995064	1.25349	0.587343	2.68081	0.630968	1.76109	0.977932	1.95597
0.457096	2.54693	0.456051	2.54628	0.70809	1.21518	0.996306	1.24199	0.590016	2.68731	0.629226	1.73788	0.979891	1.97811
0.45456	2.54528	0.453515	2.54453	0.70931	1.2341	0.997538	1.23052	0.592696	2.69312	0.627506	1.71398	0.981872	1.99988
0.452025	2.54347	0.450982	2.54267	0.710549	1.25356	0.998758	1.21902	0.595381	2.69827	0.625811	1.68942	0.983875	2.02125
0.449493	2.54148	0.44845	2.54068	0.711807	1.27344	0.999966	1.20751	0.598071	2.70298	0.624141	1.66429	0.985898	2.04225
0.446963	2.53942	0.445921	2.53852	0.713085	1.29378	1.00116	1.20176	0.600766	2.70723	0.622496	1.63856	0.987943	2.06285
0.444434	2.5372	0.443393	2.53628	0.714384	1.3146			0.603464	2.71105	0.620877	1.61215	0.990008	2.08294
0.441908	2.53485	0.440868	2.53379	0.715704	1.33589			0.606166	2.71448	0.619285	1.58515	0.992092	2.10265
0.439385	2.5323	0.438346	2.53116	0.717045	1.35767			0.608871	2.71758	0.617719	1.55758	0.994196	2.1219
0.436864	2.52956	0.435826	2.52841	0.718409	1.37987			0.61158	2.72043	0.616182	1.5294	0.996319	2.14072
0.434346	2.52666	0.433309	2.52542	0.719794	1.40259			0.614291	2.72298	0.614673	1.50068	0.998461	2.15905
0.431831	2.52355	0.430795	2.52223	0.721203	1.42573			0.617004	2.72529	0.613192	1.4714	1.00062	2.16805
0.429319	2.52029	0.428285	2.51886	0.722634	1.44926			0.619719	2.7274	0.611741	1.44154		
0.42681	2.5168	0.425778	2.51534	0.72409	1.47324			0.622437	2.72928	0.610321	1.41118		
0.424305	2.5131	0.423274	2.5115	0.725569	1.49763			0.625156	2.73105	0.60893	1.38036		
0.421804	2.50918	0.420775	2.50746	0.727073	1.52234			0.627877	2.73262	0.607571	1.34898		
0.419307	2.50498	0.418279	2.5032	0.728602	1.54735			0.6306	2.73401	0.606243	1.31714		
0.416814	2.50056	0.415788	2.49867	0.730155	1.57273			0.633324	2.73532	0.604947	1.28492		
0.414325	2.49587	0.413302	2.49384	0.731735	1.59837			0.636049	2.73649	0.603684	1.2522		
0.411842	2.49084	0.41082	2.4887	0.733339	1.62423			0.638775	2.73755	0.602453	1.2191		
0.409364	2.48554	0.408344	2.48328	0.73497	1.65025			0.641502	2.73852	0.601255	1.18564		
0.406891	2.47998	0.405873	2.47753	0.736627	1.67643			0.64423	2.73939	0.600091	1.15183		
0.404423	2.47395	0.403409	2.47142	0.73831	1.7027			0.646959	2.74013	0.598961	1.11766		
0.401962	2.46762	0.40095	2.46491	0.740019	1.729			0.649689	2.7408	0.597864	1.08321		
0.399508	2.46094	0.398498	2.45805	0.741754	1.75528			0.652419	2.7414	0.596803	1.04853		
0.39706	2.45381	0.396054	2.45073	0.743515	1.78151			0.65515	2.74196	0.595776	1.01359		
0.39462	2.44623	0.393616	2.44296	0.745303	1.80762			0.657881	2.74245	0.594784	0.978366		
0.392187	2.43818	0.391187	2.43476	0.747116	1.8335			0.660613	2.74283	0.593827	0.943017		
0.389763	2.4297	0.388766	2.426	0.748955	1.85923			0.663345	2.74319	0.592905	0.907504		
0.387347	2.42063	0.386354	2.41672	0.75082	1.88465			0.666077	2.74346	0.592019	0.871835		
0.384941	2.41098	0.383952	2.4069	0.75271	1.90972			0.66881	2.74368	0.591168	0.836114		
0.382544	2.40077	0.38156	2.39635	0.754624	1.93442			0.671543	2.74392	0.590353	0.80029		
0.380158	2.3899	0.379178	2.38524	0.756563	1.95869			0.674276	2.74408	0.589574	0.764434		
0.377783	2.37839	0.376808	2.3734	0.758526	1.98253			0.677009	2.74417	0.588831	0.728513		
0.37542	2.3661	0.374451	2.36082	0.760512	2.00584			0.679742	2.74425	0.588123	0.692636		
0.37307	2.35306	0.372105	2.34746	0.762522	2.02859			0.682476	2.74429	0.587451	0.656846		
0.370733	2.33919	0.369774	2.3332	0.764553	2.05084			0.685209	2.74427	0.586814	0.621057		
0.36841	2.32444	0.367458	2.31812	0.766607	2.0725			0.687943	2.74422	0.586214	0.585356		
0.366103	2.30882	0.365156	2.30208	0.768682	2.09351			0.690676	2.7441	0.585648	0.549832		
0.363811	2.29214	0.362872	2.285	0.770777	2.11389			0.693409	2.744	0.585118	0.514402		
0.361536	2.27447	0.360605	2.26686	0.772893	2.1337			0.696142	2.74387	0.584624	0.479073		
0.35928	2.25568	0.358356	2.24757	0.775028	2.15284			0.698875	2.74367	0.584164	0.444034		
0.357043	2.23568	0.356127	2.22712	0.777181	2.17129			0.701608	2.74348	0.583739	0.409139		
0.354827	2.21449	0.35392	2.20544	0.779353	2.18909			0.70434	2.74326	0.583349	0.374447		
0.352632	2.19204	0.351734	2.18237	0.781542	2.20627			0.707072	2.74297	0.582993	0.340075		
0.35046	2.16819	0.349572	2.15797	0.783748	2.22283			0.709804	2.74266	0.582672	0.305908		
0.348313	2.14295	0.347435	2.13214	0.78597	2.23878			0.712536	2.74237	0.582384	0.271979		
0.346191	2.11622	0.345325	2.10475	0.788208	2.25408			0.715267	2.74201	0.58213	0.238352		
0.344097	2.08797	0.343242	2.07587	0.79046	2.26871			0.717998	2.74161	0.581909	0.20507		
0.342032	2.05817	0.34119	2.04542	0.792727	2.28278			0.720728	2.74124	0.581721	0.172131		
0.339997	2.02673	0.339168	2.01328	0.795008	2.29627			0.723459	2.74079	0.581566	0.139443		
0.337994	1.99367	0.337179	1.97952	0.797301	2.30921			0.726188	2.74035	0.581443	0.107086		
0.336026	1.9589	0.335225	1.94415	0.799608	2.32162			0.728918	2.73988	0.581353	0.0751299		
0.334092	1.92248	0.333306	1.90703	0.801926	2.33341			0.731646	2.73938	0.581294	0.0435419		
0.332196	1.88439	0.331426	1.86824	0.804256	2.34477			0.734375	2.73887	0.581266	0.0122886		
0.330338	1.8447	0.329585	1.82783	0.806597	2.35561			0.737102	2.73831	0.581269	-0.0186419		
0.328521	1.80335	0.327785	1.78583	0.808949	2.36592			0.739829	2.73772	0.581303	-0.0491315		
0.326746	1.76042	0.326027	1.74232	0.81131	2.3758			0.742556	2.73709	0.581367	-0.0792592		
0.325014	1.71601	0.324314	1.69731	0.813681	2.38525			0.745282	2.73646	0.581461	-0.10901		
0.323328	1.67024	0.322646	1.65097	0.816062	2.3943			0.748007	2.73585	0.581584	-0.138353		
0.321687	1.62317	0.321025	1.60337	0.818451	2.40286			0.750732	2.73515	0.581737	-0.167315		
0.320094	1.57486	0.319452	1.55469	0.820848	2.41108			0.753456	2.73441	0.581893	-0.192286		
0.31855	1.52557	0.317928	1.50501	0.823254	2.41896			0.756179	2.73365	0.582043	-0.213328		
0.317055	1.47535	0.316454	1.45442	0.825667	2.42641			0.758901	2.73293	0.582179	-0.230538		
0.315611	1.42438	0.315031	1.40326	0.828087	2.43352			0.761623	2.73213	0.582293	-0.244053		
0.314218	1.37289	0.313659	1.35155	0.830515	2.44032			0.764344	2.73126	0.582382	-0.253837		
0.312876	1.32095	0.312338	1.29943	0.832949	2.4468			0.767064	2.73043	0.582467	-0.262994		
0.311586	1.26872	0.31107	1.24718	0.835389	2.45298			0.769783	2.72958	0.582527	-0.26927		
0.310349	1.21643	0.309854	1.19486	0.837835	2.45889			0.772501	2.72864	0.582625	-0.278878		
0.309163	1.1641	0.30869	1.14256	0.840287	2.46453			0.775218	2.72769	0.582763	-0.292085		
0.30803	1.11195	0.307578	1.09056	0.842745	2.46987			0.777935	2.7267	0.582947	-0.308573		
0.306948	1.06018	0.306517	1.03891	0.845207	2.47496			0.78065	2.72564	0.583182	-0.328374		
0.305918	1.00873	0.305508	0.987682	0.847675	2.47985			0.783364	2.72463	0.583477	-0.351288		
0.304939	0.957814	0.30455	0.937055	0.850147	2.4845			0.786078	2.72352	0.58384	-0.377198		
0.30401	0.907549	0.303642	0.887018	0.852624	2.48891			0.78879	2.7224	0.584229	-0.402762		
0.303131	0.857889	0.302783	0.837641	0.855105	2.49306			0.791501	2.72124	0.584643	-0.427937		
0.302301	0.809007	0.301973	0.789063	0.85759	2.49709			0.794211	2.72	0.585081	-0.4527		
0.301519	0.7609	0.301211	0.741306	0.860079	2.50092			0.796919	2.71874	0.585544	-0.477128		
0.300785	0.713562	0.300496	0.694321	0.862572	2.50452			0.799627	2.71741	0.586032	-0.501128		
0.300098	0.66707	0.299828	0.648189	0.865069	2.50793			0.802332	2.7161	0.586543	-0.524783		
0.299456	0.62149	0.299205	0.602982	0.867568	2.51119			0.805037	2.7147	0.587077	-0.548094		
0.29886	0.576781	0.298627	0.558585	0.870071	2.51434			0.80774	2.71323	0.587634	-0.570972		
0.298307	0.532859	0.298092	0.515028	0.872577	2.5173			0.810442	2.71171	0.588214	-0.593503		
0.297798	0.489819	0.297601	0.472372	0.875086	2.52008			0.813142	2.71013	0.588817	-0.615732		
0.297332	0.447677	0.297151	0.430563	0.877597	2.52273			0.815841	2.70851	0.589441	-0.637549		
0.296906	0.406376	0.296743	0.389582	0.880111	2.52527			0.818538	2.70684	0.590087	-0.658987		
0.296522	0.365892	0.296375	0.349392	0.882627	2.52762			0.821233	2.70509	0.590754	-0.680148		
0.296178	0.326175	0.296047	0.310089	0.885146	2.52988			0.823926	2.70326	0.591442	-0.700912		
0.295872	0.287299	0.295758	0.27152	0.887667	2.532			0.826618	2.70135	0.59215	-0.721346		
0.295605	0.249238	0.295506	0.233727	0.89019	2.53398			0.829308	2.6994	0.592879	-0.741443		
0.295376	0.211853	0.295292	0.196706	0.892715	2.53592			0.831995	2.69734	0.593627	-0.761197		
0.295183	0.175214	0.295114	0.16036	0.895242	2.53767			0.834681	2.69519	0.594395	-0.78065		
0.295027	0.139373	0.294973	0.124759	0.89777	2.53932			0.837364	2.69298	0.595182	-0.799737		
0.294906	0.104176	0.294866	0.0898686	0.9003	2.54089			0.840045	2.69067	0.595988	-0.818509		
0.294819	0.0696606	0.294794	0.0557057	0.902832	2.54232			0.842724	2.68821	0.596813	-0.836951		
0.294767	0.0359003	0.294755	0.0221312	0.905364	2.54364			0.8454	2.68568	0.597655	-0.855055		
0.294748	0.00269737	0.294749	-0.0107867	0.907899	2.54491			0.848074	2.68307	0.598516	-0.87286		
0.294761	-0.0298238	0.294776	-0.0429979	0.910434	2.5461			0.850745	2.6803	0.599394	-0.890385		
0.294807	-0.0616749	0.294835	-0.0746624	0.912971	2.54714			0.853413	2.67743	0.60029	-0.907554		
0.294873	-0.0890268	0.294925	-0.105667	0.915508	2.54809			0.856079	2.6744	0.601202	-0.924415		
0.294947	-0.11195	0.295046	-0.136044	0.918046	2.54895			0.858741	2.67124	0.602131	-0.940991		
0.295021	-0.130594	0.295196	-0.165859	0.920586	2.54977			0.8614	2.66796	0.603076	-0.957209		
0.295088	-0.145211	0.295376	-0.195073	0.923126	2.55049			0.864056	2.66447	0.604038	-0.973117		
0.295142	-0.155809	0.295585	-0.223689	0.925666	2.55106			0.866708	2.66081	0.605015	-0.988741		
0.295194	-0.165622	0.295822	-0.251716	0.928208	2.55161			0.869356	2.65703	0.606007	-1.00405		
0.295233	-0.172365	0.296086	-0.279171	0.930749	2.55205			0.872001	2.65302	0.607015	-1.01903		
0.295296	-0.182742	0.296378	-0.306003	0.933291	2.55241			0.874641	2.64876	0.608037	-1.03375		
0.295388	-0.196865	0.296696	-0.332283	0.935834	2.55272			0.877277	2.64438	0.609074	-1.04809		
0.295513	-0.214432	0.29704	-0.357977	0.938377	2.55296			0.879909	2.63972	0.610125	-1.0621		
0.29568	-0.23548	0.297409	-0.383106	0.940919	2.55308			0.882536	2.63483	0.61119	-1.07583		
0.295895	-0.259689	0.297803	-0.407627	0.943462	2.55309			0.885157	2.62966	0.612268	-1.08919		
0.296167	-0.286923	0.298221	-0.431537	0.946005	2.55306			0.887774	2.62421	0.61336	-1.1022		
0.296467	-0.31367	0.298662	-0.454919	0.948548	2.55291			0.890385	2.6185	0.614464	-1.11485		
0.296792	-0.339782	0.299127	-0.477677	0.951091	2.55271			0.89299	2.61239	0.615581	-1.1272		
0.297143	-0.365275	0.299614	-0.499794	0.953633	2.55247			0.895589	2.606	0.616709	-1.1391		
0.29752	-0.390197	0.300123	-0.521323	0.956176	2.5521			0.898181	2.5993	0.61785	-1.15064		
0.297921	-0.414574	0.300652	-0.542197	0.958717	2.55165			0.900767	2.59217	0.619002	-1.16178		
0.298346	-0.438375	0.301203	-0.562452	0.961259	2.55117			0.903345	2.58463	0.620164	-1.17242		
0.298794	-0.461541	0.301773	-0.582076	0.963799	2.55058			0.905916	2.57665	0.621337	-1.18259		
0.299265	-0.484087	0.302362	-0.601046	0.966339	2.54985			0.908478	2.56824	0.62252	-1.19232		
0.299758	-0.506063	0.30297	-0.619315	0.968879	2.54905			0.911032	2.55931	0.623712	-1.20147		
0.300273	-0.527406	0.303596	-0.636872	0.971417	2.54826			0.913576	2.54991	0.624913	-1.20999		
0.300809	-0.548088	0.304239	-0.653788	0.973955	2.54731			0.916111	2.54001	0.626123	-1.21784		
0.301365	-0.568178	0.304898	-0.669942	0.976492	2.54626			0.918636	2.52947	0.627339	-1.22493		
0.301941	-0.587626	0.305573	-0.68535	0.979027	2.54514			0.92115	2.51835	0.628563	-1.23125		
0.302536	-0.606362	0.306174	-0.698169	0.981562	2.54392			0.923653	2.50664	0.629792	-1.23658		
0.303149	-0.624397	0.306695	-0.708685	0.984095	2.54262			0.926143	2.49424	0.631026	-1.2408		
0.303779	-0.64182	0.307131	-0.7171	0.986627	2.54119			0.928621	2.48119	0.632264	-1.24369		
0.304427	-0.658505	0.307479	-0.723413	0.989157	2.5397			0.931086	2.46743	0.633504	-1.24509		
0.305091	-0.674473	0.307737	-0.72797	0.991686	2.53813			0.933537	2.45293	0.634744	-1.24471		
0.305771	-0.68965	0.307976	-0.731999	0.994213	2.53643			0.935972	2.4377	0.635983	-1.24205		
0.306465	-0.704042	0.308143	-0.734734	0.996739	2.53459			0.938393	2.42172	0.637218	-1.23678		
0.307173	-0.717737	0.308405	-0.739114	0.999262	2.53267			0.940797	2.40503	0.638447	-1.2282		
0.307895	-0.730564	0.308764	-0.744777	1.00178	2.53168			0.943184	2.38754	0.639665	-1.21542		
0.308629	-0.742524	0.309222	-0.751518					0.945553	2.36934	0.640868	-1.19742		
0.309374	-0.753661	0.309781	-0.75934					0.947903	2.35046	0.64205	-1.17269		
0.31013	-0.763865	0.310444	-0.767851					0.950235	2.33083	0.643204	-1.13927		
0.310896	-0.773127	0.311214	-0.776678					0.952547	2.31057	0.64432	-1.09461		
0.31167	-0.781485	0.311991	-0.784645					0.954838	2.28974	0.645385	-1.03536		
0.312452	-0.788827	0.312777	-0.791532					0.957108	2.26841	0.646382	-0.95725		
0.313241	-0.795097	0.313568	-0.797358					0.959356	2.2466	0.647291	-0.855408		
0.314036	-0.800313	0.314365	-0.802135					0.961583	2.22444	0.648086	-0.724976		
0.314836	-0.804437	0.315166	-0.805779					0.963788	2.20209	0.648736	-0.562482		
0.315639	-0.807365	0.31597	-0.808252					0.96597	2.17956	0.649207	-0.368446		
0.316444	-0.80909	0.316776	-0.809445					0.968129	2.15703	0.64947	-0.263931		
0.31725	-0.809562	0.317583	-0.809391					0.970267	2.13458				
0.318057	-0.808715	0.318388	-0.808021					0.972382	2.11231				
0.318861	-0.806558	0.319192	-0.805213					0.974475	2.09039				
0.319663	-0.802966	0.319992	-0.801036					0.976546	2.06894				
0.320461	-0.797878	0.320788	-0.79535					0.978596	2.04808				
0.321253	-0.79126	0.321577	-0.788088					0.980626	2.02776				
0.322037	-0.783055	0.322358	-0.779257					0.982635	2.00825				
0.322813	-0.773276	0.323129	-0.768689					0.984626	1.98957				
0.323578	-0.761757	0.323889	-0.756472					0.986599	1.97173				
0.32433	-0.748415	0.324636	-0.742434					0.988554	1.95488				
0.325068	-0.733337	0.325368	-0.726532					0.990493	1.93892				
0.325791	-0.716352	0.326083	-0.708832					0.992416	1.92396				
0.326495	-0.697461	0.32678	-0.689149					0.994326	1.91003				
0.32718	-0.676662	0.327456	-0.667478					0.996221	1.89704				
0.327843	-0.653784	0.32811	-0.643817					0.998105	1.88508				
0.328483	-0.628955	0.328739	-0.618121					0.999976	1.87412				
0.329096	-0.602069	0.329341	-0.590367					1.00184	1.86888				
0.329682	-0.573113	0.329915	-0.560631										
0.330238	-0.542169	0.330458	-0.528864										
0.330762	-0.509192	0.330968	-0.495041										
0.331252	-0.474288	0.331444	-0.459281										
0.331707	-0.437467	0.331883	-0.421729										
0.332124	-0.398778	0.332284	-0.382371										
0.332501	-0.358418	0.332645	-0.341287										
0.332838	-0.316443	0.332964	-0.298732										
0.333132	-0.273053	0.33324	-0.254793										
0.333382	-0.228393	0.333472	-0.209642										
0.333587	-0.182578	0.333658	-0.163494										
0.333745	-0.135968	0.333797	-0.116545										
0.333857	-0.0886582	0.33389	-0.0689791										
0.333922	-0.0648287	0.333935	-0.0450642										
