Sym0		Asym0		Sym1		Sym2		Sym3		Sym4		Asym1		Asym2		Asym3		Asym4	
256  Points		500  Points		256  Points		229  Points		211  Points		146  Points		336  Points		238  Points		196  Points		115  Points	
Freq (MHz)	Vgr (m/ms)	Freq (MHz)	Vgr (m/ms)	Freq (MHz)	Vgr (m/ms)	Freq (MHz)	Vgr (m/ms)	Freq (MHz)	Vgr (m/ms)	Freq (MHz)	Vgr (m/ms)	Freq (MHz)	Vgr (m/ms)	Freq (MHz)	Vgr (m/ms)	Freq (MHz)	Vgr (m/ms)	Freq (MHz)	Vgr (m/ms)
0.279509	0.0307929	7.73067e-005	0.203266	0.279509	0.0352211	0.475308	0.0172645	0.559032	0.0507301	0.838527	0.0186234	0.139776	0.166019	0.419263	0.0221896	0.698775	0.0254987	0.95061	0.0049718
0.279537	0.0566028	0.000266689	0.263505	0.279542	0.0610791	0.475324	0.0248914	0.55908	0.0677491	0.838545	0.0285632	0.13993	0.245936	0.419283	0.0419859	0.698799	0.0369098	0.950615	0.00747438
0.279614	0.108251	0.000568319	0.383064	0.279623	0.112725	0.475354	0.040228	0.559159	0.101814	0.838581	0.0484213	0.140234	0.404902	0.419341	0.0815993	0.698844	0.0596439	0.950624	0.0125651
0.279739	0.15984	0.000980485	0.500306	0.279752	0.164235	0.475399	0.0556668	0.559269	0.135886	0.838635	0.0682159	0.140685	0.561846	0.419436	0.121202	0.69891	0.0823339	0.950638	0.0176929
0.279912	0.211234	0.00150058	0.614528	0.279929	0.215692	0.475458	0.0710903	0.559412	0.169899	0.838708	0.0880295	0.141281	0.716141	0.419567	0.160784	0.698998	0.105082	0.950657	0.0228215
0.280133	0.262533	0.00212559	0.725198	0.280154	0.266971	0.475531	0.0866297	0.559586	0.203869	0.838799	0.107881	0.142019	0.867041	0.419735	0.200323	0.699106	0.1278	0.950681	0.028025
0.280401	0.313643	0.00285191	0.831841	0.280427	0.31804	0.475619	0.102254	0.559792	0.237749	0.838909	0.127663	0.142896	1.01401	0.41994	0.239778	0.699236	0.150457	0.950709	0.033305
0.280717	0.364519	0.00367564	0.934093	0.280747	0.368908	0.475722	0.117903	0.560029	0.271526	0.839037	0.147452	0.143909	1.15662	0.420182	0.279136	0.699386	0.17314	0.950743	0.0386649
0.28108	0.415148	0.00459249	1.03159	0.281114	0.41952	0.475839	0.133747	0.560298	0.305242	0.839183	0.167253	0.145052	1.2944	0.42046	0.318449	0.699558	0.195801	0.950781	0.0441112
0.281491	0.465503	0.00559789	1.12419	0.281528	0.469841	0.475971	0.149686	0.560598	0.338836	0.839348	0.187008	0.146321	1.42708	0.420775	0.35767	0.699751	0.218417	0.950825	0.0496571
0.281948	0.515528	0.00668729	1.21175	0.28199	0.519799	0.476118	0.165746	0.560929	0.372332	0.839532	0.206741	0.147711	1.55452	0.421127	0.396781	0.699965	0.241019	0.950874	0.0553291
0.282451	0.565189	0.00785585	1.29423	0.282497	0.569472	0.47628	0.181971	0.561292	0.405705	0.839734	0.226506	0.149217	1.67662	0.421515	0.435745	0.7002	0.263589	0.950928	0.0611066
0.283001	0.614487	0.00909895	1.37166	0.283051	0.61872	0.476457	0.198308	0.561685	0.438908	0.839954	0.24626	0.150835	1.79321	0.421939	0.474563	0.700457	0.286172	0.950988	0.0670219
0.283596	0.663351	0.0104118	1.44406	0.28365	0.667559	0.476649	0.214869	0.562109	0.471989	0.840193	0.265919	0.152559	1.90439	0.422399	0.513306	0.700734	0.308705	0.951053	0.0730664
0.284237	0.711787	0.0117898	1.51158	0.284295	0.715943	0.476857	0.231658	0.562565	0.504898	0.840449	0.285609	0.154384	2.01036	0.422895	0.5519	0.701032	0.331139	0.951124	0.0792228
0.284923	0.759734	0.0132285	1.57441	0.284984	0.76386	0.477081	0.248609	0.56305	0.537685	0.840725	0.305286	0.156053	2.09845	0.423427	0.59027	0.701351	0.353596	0.951201	0.0855297
0.285653	0.807214	0.0147235	1.63276	0.285718	0.81128	0.47732	0.265739	0.563566	0.570298	0.841018	0.324938	0.15753	2.17047	0.423995	0.628485	0.701691	0.376025	0.951283	0.0919912
0.286427	0.854127	0.0162709	1.68676	0.286496	0.858146	0.477576	0.283081	0.564113	0.602713	0.84133	0.344541	0.158789	2.22802	0.424598	0.666535	0.702051	0.398397	0.951372	0.0986153
0.287244	0.900493	0.0178666	1.73667	0.287317	0.90449	0.477848	0.300699	0.56469	0.63495	0.84166	0.364117	0.159808	2.27219	0.425237	0.704404	0.702433	0.420728	0.951467	0.105418
0.288105	0.946349	0.019507	1.78274	0.288181	0.950231	0.478136	0.318576	0.565296	0.666978	0.842009	0.383714	0.160569	2.3037	0.425911	0.742057	0.702835	0.442979	0.951568	0.112359
0.289008	0.991552	0.0211886	1.82515	0.289088	0.995423	0.478442	0.336679	0.565932	0.698808	0.842375	0.403205	0.161062	2.3237	0.42662	0.779495	0.703258	0.465215	0.951676	0.119429
0.289953	1.03611	0.022908	1.86419	0.290036	1.03996	0.478764	0.355014	0.566598	0.73046	0.84276	0.422705	0.161777	2.35215	0.427364	0.816724	0.703702	0.487421	0.951791	0.126685
0.290938	1.08011	0.0246623	1.90001	0.291026	1.08384	0.479103	0.373667	0.567294	0.761903	0.843163	0.442223	0.162565	2.38214	0.428142	0.853683	0.704167	0.509568	0.951912	0.134091
0.291965	1.12342	0.0264485	1.93291	0.292056	1.12714	0.47946	0.39259	0.568018	0.793076	0.843584	0.461629	0.163652	2.42208	0.428954	0.890467	0.704652	0.531596	0.952041	0.141653
0.293032	1.16603	0.0282641	1.96312	0.293126	1.16973	0.479835	0.411757	0.568771	0.824073	0.844023	0.481032	0.165053	2.47126	0.429801	0.926975	0.705157	0.553606	0.952176	0.14938
0.294138	1.20804	0.0301065	1.99071	0.294235	1.21161	0.480227	0.431269	0.569554	0.854868	0.84448	0.50043	0.166783	2.52844	0.430682	0.963223	0.705683	0.575581	0.952319	0.15729
0.295283	1.24929	0.0319735	2.01595	0.295384	1.25283	0.480638	0.451104	0.570364	0.885402	0.844956	0.519742	0.168863	2.5927	0.431596	0.999245	0.70623	0.597484	0.952469	0.165345
0.296466	1.28982	0.033863	2.03902	0.29657	1.2933	0.481068	0.471218	0.571203	0.915708	0.845449	0.539031	0.171312	2.66286	0.432544	1.03496	0.706797	0.619317	0.952627	0.173546
0.297686	1.32972	0.035773	2.06012	0.297793	1.33308	0.481516	0.49167	0.572071	0.945779	0.84596	0.558274	0.173825	2.7294	0.433524	1.07043	0.707384	0.641084	0.952793	0.18189
0.298944	1.36886	0.0377018	2.0794	0.299054	1.37221	0.481984	0.512432	0.572966	0.975599	0.846489	0.577496	0.176398	2.79245	0.434538	1.10562	0.707991	0.662792	0.952966	0.190376
0.300237	1.40723	0.0396478	2.09694	0.300182	1.40565	0.482471	0.533523	0.573889	1.00521	0.847036	0.596677	0.179028	2.85213	0.435585	1.14049	0.708619	0.684383	0.953148	0.199072
0.301566	1.44485	0.0416093	2.1129	0.301164	1.43373	0.482978	0.554976	0.574839	1.03455	0.847601	0.615777	0.181713	2.90878	0.436663	1.17507	0.709267	0.705957	0.953337	0.207895
0.302929	1.48179	0.0435849	2.12747	0.301992	1.4567	0.483505	0.576715	0.575816	1.06363	0.848184	0.63486	0.184449	2.96248	0.437774	1.20936	0.709934	0.727426	0.953535	0.216824
0.304327	1.51796	0.0455735	2.1407	0.302655	1.47462	0.484053	0.598881	0.576821	1.09251	0.848784	0.65391	0.187233	3.01343	0.438917	1.24337	0.710622	0.74883	0.953741	0.225892
0.305758	1.55338	0.0475739	2.15273	0.303148	1.4876	0.484621	0.621386	0.577852	1.1211	0.849402	0.672895	0.190064	3.06179	0.440091	1.27703	0.71133	0.770178	0.953956	0.235095
0.307222	1.58811	0.0495849	2.16369	0.303465	1.49595	0.485211	0.644204	0.57891	1.14944	0.850038	0.691822	0.192938	3.10769	0.441297	1.31039	0.712057	0.791415	0.954179	0.24449
0.308717	1.62205	0.0516057	2.1736	0.303925	1.50788	0.485822	0.667427	0.579994	1.17755	0.850691	0.710705	0.195855	3.15136	0.442533	1.34348	0.712804	0.812576	0.954411	0.253979
0.310244	1.65528	0.0536352	2.18257	0.304429	1.52059	0.486454	0.691021	0.581104	1.20542	0.851362	0.729576	0.198811	3.19287	0.4438	1.37618	0.713571	0.833657	0.954653	0.263583
0.311802	1.68782	0.0554102	2.18971	0.305121	1.53786	0.487109	0.714992	0.58224	1.23305	0.852051	0.748347	0.201804	3.2323	0.445097	1.40856	0.714358	0.854651	0.954903	0.273341
0.313389	1.71959	0.0569278	2.19537	0.306007	1.55951	0.487787	0.739278	0.583402	1.26039	0.852757	0.767067	0.204834	3.26985	0.446425	1.44065	0.715164	0.875547	0.955162	0.283191
0.315006	1.75069	0.0581856	2.19976	0.307096	1.58523	0.488487	0.763971	0.584589	1.28746	0.85348	0.785756	0.207897	3.30565	0.447782	1.47239	0.715989	0.89639	0.95543	0.293148
0.316651	1.78109	0.0591818	2.203	0.308395	1.61486	0.48921	0.789115	0.585801	1.31435	0.854221	0.804383	0.210993	3.33974	0.449168	1.50378	0.716834	0.917131	0.955708	0.303249
0.318325	1.81084	0.0599152	2.20517	0.309915	1.64825	0.489957	0.814575	0.587038	1.34096	0.854979	0.822962	0.21412	3.3722	0.450584	1.53485	0.717698	0.937737	0.955995	0.313489
0.320026	1.83995	0.060385	2.20659	0.311466	1.68092	0.490728	0.840371	0.5883	1.36731	0.855754	0.841443	0.217277	3.40319	0.452028	1.56557	0.718582	0.958295	0.956292	0.323788
0.321753	1.86835	0.0610608	2.20861	0.313047	1.71285	0.491523	0.866621	0.589586	1.39342	0.856547	0.859874	0.220462	3.43274	0.453501	1.59596	0.719484	0.978757	0.956599	0.334206
0.323507	1.89616	0.0617961	2.21067	0.314658	1.74412	0.492343	0.893268	0.590896	1.41926	0.857357	0.87828	0.223674	3.46093	0.454808	1.62214	0.720405	0.9991	0.956915	0.344715
0.325287	1.92342	0.0627971	2.21344	0.316297	1.77466	0.493188	0.920267	0.59223	1.44488	0.858184	0.896634	0.226911	3.48787	0.455938	1.64425	0.721346	1.01935	0.957241	0.355332
0.327091	1.95011	0.0640649	2.21662	0.317965	1.80455	0.494058	0.947678	0.593588	1.47027	0.859027	0.914886	0.230173	3.51358	0.456884	1.66251	0.722305	1.03949	0.957577	0.366093
0.32892	1.97625	0.0656003	2.22018	0.31966	1.83377	0.494837	0.971835	0.59497	1.4954	0.859888	0.933079	0.233458	3.53815	0.45764	1.6767	0.723283	1.05956	0.957923	0.376921
0.330774	2.00186	0.0674046	2.2241	0.321382	1.86233	0.495517	0.992634	0.596375	1.52026	0.860766	0.951227	0.236766	3.56167	0.4582	1.68721	0.724279	1.07948	0.95828	0.387812
0.332651	2.02702	0.0694787	2.22813	0.32313	1.89028	0.49609	1.01002	0.597803	1.54492	0.861661	0.969285	0.240095	3.58413	0.45856	1.69383	0.725294	1.09933	0.958646	0.398826
0.334551	2.05177	0.0715564	2.23175	0.324904	1.91765	0.49655	1.02379	0.599254	1.56934	0.862572	0.987312	0.243444	3.60558	0.459079	1.70329	0.726328	1.11909	0.959023	0.409941
0.336474	2.07608	0.0736373	2.23496	0.326704	1.94445	0.496892	1.03408	0.600727	1.5935	0.863501	1.00527	0.246813	3.62611	0.459648	1.71369	0.727379	1.13871	0.95941	0.421112
0.338419	2.10009	0.075721	2.23784	0.328528	1.9707	0.497113	1.04077	0.602223	1.61742	0.864445	1.02311	0.250201	3.64579	0.460427	1.72757	0.72845	1.15824	0.959807	0.432393
0.340387	2.12378	0.0778073	2.24042	0.330376	1.99642	0.497433	1.0502	0.603741	1.6411	0.865407	1.0409	0.253607	3.66457	0.46142	1.74513	0.729538	1.17767	0.960216	0.443751
0.342377	2.14715	0.0798958	2.2427	0.332248	2.02166	0.497785	1.06053	0.605281	1.66459	0.866385	1.0587	0.25703	3.68256	0.462636	1.76617	0.730644	1.19698	0.960634	0.455186
0.344388	2.17038	0.0819863	2.24468	0.334143	2.04652	0.498268	1.07477	0.606843	1.68783	0.86738	1.07634	0.260469	3.69976	0.46408	1.79056	0.731768	1.21618	0.961064	0.466705
0.346421	2.19347	0.0840785	2.24644	0.336061	2.07095	0.498888	1.0928	0.608426	1.71087	0.868391	1.09391	0.263924	3.71624	0.465761	1.81824	0.73291	1.23525	0.961504	0.478316
0.348475	2.21643	0.0861723	2.24798	0.338002	2.095	0.499652	1.11489	0.609823	1.73071	0.869418	1.11146	0.267394	3.73202	0.467468	1.8456	0.73407	1.2542	0.961955	0.489965
0.350551	2.23936	0.0882674	2.24929	0.339965	2.11871	0.500568	1.14095	0.611027	1.74753	0.870462	1.12891	0.270878	3.74709	0.4692	1.87261	0.735247	1.27305	0.962417	0.501692
0.352648	2.26237	0.0903636	2.25047	0.34195	2.1422	0.501645	1.17123	0.612031	1.76129	0.871522	1.14631	0.274376	3.76151	0.470957	1.8993	0.736442	1.29179	0.96289	0.513574
0.354767	2.28545	0.0924609	2.25142	0.343957	2.16545	0.50275	1.20186	0.612831	1.77216	0.872598	1.16361	0.277887	3.77531	0.472739	1.92561	0.737654	1.31045	0.963374	0.525473
0.356907	2.30862	0.0945589	2.25226	0.345985	2.18854	0.503884	1.23281	0.613422	1.78027	0.87369	1.18084	0.281411	3.78851	0.474545	1.95158	0.738884	1.32894	0.963869	0.537405
0.359069	2.33212	0.0966577	2.25298	0.348035	2.21154	0.505047	1.26414	0.613801	1.7853	0.874798	1.19801	0.284947	3.80111	0.476375	1.9772	0.740131	1.34732	0.964375	0.549476
0.361253	2.35596	0.0987571	2.25355	0.350106	2.23447	0.50624	1.29581	0.614349	1.79242	0.875922	1.21508	0.288494	3.81316	0.478229	2.0025	0.741395	1.36561	0.964893	0.561608
0.363459	2.38013	0.100857	2.25402	0.352198	2.25744	0.507462	1.32779	0.614947	1.80026	0.877062	1.23207	0.292052	3.82472	0.480107	2.02745	0.742675	1.38375	0.965422	0.573787
0.365688	2.40482	0.102957	2.25437	0.354312	2.28045	0.508714	1.36005	0.615764	1.81098	0.878218	1.24899	0.295621	3.83573	0.482007	2.05205	0.743973	1.40179	0.965962	0.58606
0.36794	2.43003	0.105058	2.25465	0.356448	2.30364	0.509996	1.39262	0.616804	1.82442	0.87939	1.26584	0.2992	3.84619	0.483931	2.07632	0.745287	1.4197	0.966514	0.598373
0.370216	2.45585	0.107158	2.25483	0.358605	2.32711	0.511309	1.42553	0.618072	1.8405	0.880577	1.28262	0.302788	3.85625	0.485876	2.10025	0.746618	1.4375	0.967077	0.610769
0.372516	2.48242	0.109259	2.25496	0.360784	2.35085	0.512652	1.45864	0.619574	1.85926	0.88178	1.29933	0.306385	3.86582	0.487844	2.12386	0.747966	1.45516	0.967652	0.623256
0.374842	2.50979	0.11136	2.25502	0.362986	2.37495	0.514027	1.49205	0.621317	1.88058	0.882998	1.3159	0.309991	3.87489	0.489834	2.14717	0.749154	1.47045	0.968238	0.635779
0.377193	2.53802	0.113461	2.25501	0.36521	2.39949	0.515433	1.52574	0.623079	1.90167	0.884232	1.33243	0.313606	3.88352	0.491845	2.1701	0.750176	1.48344	0.968837	0.648374
0.379571	2.56715	0.115562	2.25494	0.367457	2.42458	0.51687	1.55958	0.62486	1.92255	0.885481	1.34893	0.317228	3.89176	0.493878	2.19273	0.751028	1.49412	0.969447	0.66104
0.381976	2.59728	0.117663	2.25483	0.369728	2.4503	0.518339	1.59368	0.626661	1.94324	0.886745	1.3653	0.320858	3.89961	0.495931	2.21504	0.751706	1.50256	0.970068	0.673773
0.384411	2.62848	0.119764	2.2547	0.372023	2.47668	0.51984	1.62801	0.628481	1.96369	0.888025	1.38157	0.324494	3.90702	0.498005	2.23703	0.752207	1.50869	0.970702	0.686569
0.386874	2.66077	0.121865	2.25449	0.374343	2.50386	0.521372	1.66246	0.63032	1.98399	0.88932	1.39777	0.328138	3.91405	0.5001	2.25872	0.752529	1.51259	0.971348	0.699416
0.389369	2.69422	0.123965	2.25427	0.376688	2.53191	0.522937	1.69708	0.632178	2.0041	0.89063	1.41392	0.331788	3.92072	0.502214	2.28007	0.752993	1.51823	0.972005	0.712366
0.391895	2.72883	0.126065	2.25402	0.37906	2.56084	0.524535	1.73186	0.634055	2.02397	0.891954	1.42994	0.335444	3.92699	0.504348	2.30115	0.753499	1.52439	0.972675	0.725375
0.394454	2.76464	0.128165	2.25374	0.38146	2.59073	0.526165	1.76679	0.63595	2.04365	0.893294	1.44589	0.339105	3.93294	0.506502	2.32191	0.754191	1.5327	0.973357	0.73843
0.397046	2.80161	0.130265	2.25342	0.383888	2.62171	0.527827	1.80176	0.637863	2.06312	0.894649	1.4618	0.342772	3.93848	0.508675	2.34239	0.755071	1.54312	0.974051	0.751577
0.399674	2.83975	0.132364	2.25312	0.386345	2.65379	0.529522	1.83682	0.639794	2.08241	0.896018	1.47759	0.346444	3.9437	0.510867	2.36256	0.756143	1.5557	0.974758	0.764759
0.402338	2.87905	0.134463	2.25282	0.388833	2.68697	0.53125	1.87197	0.641743	2.10154	0.897402	1.49329	0.350121	3.94862	0.513077	2.38238	0.757412	1.57035	0.975476	0.778014
0.405039	2.9194	0.136562	2.25245	0.391352	2.72135	0.53301	1.90712	0.64371	2.12044	0.89862	1.50691	0.353802	3.95313	0.515306	2.402	0.758883	1.58709	0.976207	0.79134
0.407778	2.96077	0.13866	2.25208	0.393904	2.7569	0.534803	1.94231	0.645694	2.13916	0.899667	1.51848	0.357487	3.95736	0.517553	2.42133	0.76037	1.60369	0.976951	0.804735
0.410556	3.00302	0.140758	2.25168	0.396489	2.7936	0.53663	1.97749	0.647696	2.15775	0.900539	1.52798	0.361176	3.96131	0.519818	2.44033	0.761872	1.62017	0.977707	0.818194
0.413374	3.04606	0.142856	2.25133	0.39911	2.83151	0.538488	2.01261	0.649715	2.17609	0.901232	1.53552	0.364869	3.96489	0.5221	2.45906	0.763389	1.63653	0.978475	0.83171
0.416232	3.0898	0.144954	2.25097	0.401766	2.87056	0.54038	2.04768	0.651751	2.19426	0.901744	1.54107	0.368564	3.96819	0.5244	2.47755	0.764921	1.65273	0.979257	0.845339
0.419131	3.13407	0.147051	2.25054	0.404459	2.91071	0.542304	2.08269	0.653804	2.21229	0.902072	1.54454	0.372263	3.97119	0.526717	2.4958	0.766468	1.66882	0.980051	0.858972
0.422072	3.17873	0.149147	2.25013	0.407189	2.95184	0.544261	2.11758	0.655873	2.23009	0.902546	1.54953	0.375964	3.97386	0.529051	2.51375	0.768031	1.68481	0.980753	0.870868
0.425054	3.22359	0.151243	2.24975	0.409959	2.9939	0.54625	2.15232	0.657959	2.24774	0.903062	1.55508	0.379668	3.97626	0.531401	2.53144	0.769608	1.70064	0.981359	0.881121
0.428079	3.26851	0.153339	2.24938	0.412768	3.03683	0.548271	2.18693	0.660062	2.26521	0.903768	1.56251	0.383373	3.97841	0.533768	2.54889	0.7712	1.71639	0.981866	0.889636
0.431145	3.31328	0.155435	2.24897	0.415618	3.08042	0.550325	2.22141	0.66218	2.28252	0.904665	1.57188	0.387081	3.98026	0.536151	2.56612	0.772806	1.73199	0.98227	0.89645
0.434253	3.35779	0.15753	2.24855	0.418508	3.12455	0.552411	2.25568	0.664315	2.2997	0.905757	1.58317	0.39079	3.98176	0.53855	2.58308	0.774427	1.74745	0.982569	0.901258
0.437402	3.40184	0.159625	2.24815	0.42144	3.16917	0.554528	2.28974	0.666465	2.31668	0.907047	1.59631	0.394501	3.98303	0.540964	2.5998	0.776062	1.76279	0.982761	0.904402
0.440592	3.44525	0.161719	2.24777	0.424414	3.21401	0.556677	2.32354	0.668632	2.33345	0.908542	1.61142	0.398212	3.98399	0.543394	2.61629	0.777712	1.77801	0.983039	0.909102
0.443822	3.48792	0.163813	2.2474	0.427429	3.25891	0.558858	2.3571	0.670814	2.3501	0.91005	1.62637	0.401924	3.98473	0.545839	2.63255	0.779375	1.79313	0.983342	0.914015
0.447091	3.52968	0.165907	2.24699	0.430486	3.30374	0.561069	2.3904	0.673011	2.3666	0.911572	1.64125	0.405637	3.98517	0.5483	2.64863	0.781053	1.80812	0.983757	0.920801
0.450399	3.57042	0.168	2.2466	0.433585	3.34831	0.563312	2.42338	0.675224	2.38294	0.913108	1.65604	0.40935	3.98532	0.550775	2.66447	0.782745	1.82301	0.984287	0.929453
0.453744	3.61	0.170093	2.24619	0.436725	3.39245	0.565585	2.45609	0.677451	2.39913	0.914658	1.67077	0.413064	3.98525	0.553264	2.68008	0.78445	1.83775	0.984934	0.939851
0.457126	3.64838	0.172186	2.2458	0.439907	3.43602	0.567889	2.48849	0.679694	2.4151	0.916222	1.68538	0.416776	3.98485	0.555769	2.6955	0.786169	1.85233	0.985702	0.952173
0.460542	3.68543	0.174278	2.24546	0.443128	3.4789	0.570222	2.52051	0.681952	2.431	0.917799	1.6999	0.420489	3.98421	0.558287	2.71072	0.787902	1.86683	0.986596	0.966359
0.463993	3.72115	0.17637	2.24511	0.446389	3.52085	0.572585	2.55219	0.684224	2.44674	0.919389	1.71434	0.424201	3.98334	0.56082	2.72576	0.789648	1.88123	0.987502	0.980556
0.467476	3.75547	0.178462	2.24471	0.449689	3.56178	0.574978	2.58352	0.686511	2.46227	0.920993	1.7287	0.427911	3.98213	0.563366	2.74061	0.791407	1.89549	0.988423	0.99487
0.470991	3.78835	0.180553	2.24433	0.453026	3.60162	0.5774	2.61446	0.688812	2.47769	0.92261	1.74298	0.431621	3.98069	0.565927	2.75525	0.79318	1.90962	0.989356	1.00928
0.474535	3.81977	0.182644	2.24399	0.4564	3.64029	0.57985	2.64502	0.691128	2.49298	0.924241	1.75716	0.435329	3.97898	0.5685	2.76974	0.794965	1.92364	0.990303	1.0237
0.478109	3.84972	0.184734	2.24364	0.459809	3.67764	0.582328	2.67516	0.693457	2.50809	0.925885	1.77127	0.439035	3.97699	0.571088	2.78406	0.796764	1.93753	0.991264	1.03819
0.481709	3.87827	0.186824	2.24332	0.463253	3.71364	0.584835	2.70489	0.695801	2.52309	0.927542	1.78529	0.44274	3.97475	0.573688	2.79821	0.798576	1.95133	0.992238	1.05276
0.484868	3.90202	0.188914	2.24297	0.466729	3.74826	0.587368	2.73425	0.698159	2.53798	0.929211	1.79922	0.446442	3.97224	0.576302	2.81221	0.8004	1.965	0.993226	1.06737
0.487575	3.92138	0.191004	2.24262	0.470237	3.78143	0.58993	2.76314	0.700531	2.55268	0.930894	1.81303	0.450141	3.96948	0.578929	2.82606	0.802237	1.97854	0.994227	1.08211
0.489824	3.93688	0.193093	2.24229	0.473776	3.81318	0.592517	2.79157	0.702916	2.56724	0.93259	1.82679	0.453838	3.96641	0.581568	2.83976	0.804087	1.99201	0.995242	1.09692
0.491608	3.94869	0.195182	2.24199	0.477343	3.84345	0.595131	2.81963	0.705314	2.58174	0.934298	1.84048	0.457532	3.96305	0.58422	2.85331	0.805949	2.00538	0.996271	1.11175
0.492924	3.95724	0.197271	2.24169	0.480938	3.87227	0.597771	2.84721	0.707726	2.59605	0.936019	1.85402	0.461223	3.95947	0.586885	2.86671	0.807824	2.01858	0.997314	1.12664
0.493767	3.96261	0.199359	2.24135	0.484558	3.89965	0.600437	2.87433	0.710152	2.6102	0.937753	1.8675	0.46491	3.95562	0.589562	2.88	0.809711	2.03166	0.99837	1.14163
0.494981	3.97011	0.201447	2.24104	0.488204	3.92565	0.603127	2.90104	0.71259	2.62428	0.939499	1.88094	0.468594	3.95147	0.592251	2.89317	0.81161	2.04468	0.999441	1.15671
0.496304	3.97816	0.203535	2.24077	0.491873	3.95025	0.605843	2.92728	0.715042	2.63823	0.941258	1.89425	0.472274	3.94705	0.594953	2.9062	0.813521	2.05757	1.00053	1.16425
0.498106	3.98877	0.205623	2.24046	0.495565	3.97347	0.608582	2.95308	0.717506	2.65206	0.943029	1.90746	0.475949	3.94234	0.597667	2.91919	0.815444	2.07034		
0.500393	4.00182	0.20771	2.24015	0.499278	3.9954	0.611345	2.97839	0.719984	2.66578	0.944812	1.92062	0.47962	3.93739	0.600393	2.93203	0.817379	2.08303		
0.503168	4.017	0.209797	2.23989	0.50301	4.01608	0.614132	3.00328	0.722474	2.67935	0.946608	1.93368	0.483286	3.93214	0.60313	2.94474	0.819325	2.0956		
0.506437	4.03392	0.211884	2.23961	0.506761	4.03553	0.616942	3.02777	0.724976	2.69279	0.948415	1.94666	0.486947	3.92654	0.60588	2.9574	0.821284	2.10811		
0.510204	4.05223	0.21397	2.23933	0.51053	4.05375	0.619774	3.05173	0.727491	2.70615	0.950235	1.95956	0.490602	3.92074	0.608641	2.96995	0.823253	2.12048		
0.513987	4.06944	0.216057	2.23907	0.514315	4.07085	0.622628	3.07525	0.730019	2.71934	0.952067	1.97234	0.494253	3.91462	0.611414	2.98242	0.825235	2.13271		
0.517787	4.08556	0.218143	2.23884	0.518115	4.0869	0.625504	3.0984	0.732559	2.73249	0.95391	1.98503	0.497897	3.90819	0.614198	2.99484	0.827228	2.1449		
0.5216	4.10061	0.220228	2.23857	0.52193	4.10189	0.628402	3.12107	0.735111	2.74555	0.955766	1.99767	0.501535	3.90153	0.616995	3.0072	0.829232	2.15697		
0.525428	4.11469	0.222314	2.23829	0.525759	4.11586	0.63132	3.14328	0.737675	2.75842	0.957633	2.01026	0.505167	3.89454	0.619802	3.01946	0.831247	2.16893		
0.529268	4.12785	0.224399	2.23804	0.5296	4.12893	0.634259	3.16508	0.740251	2.77122	0.959512	2.0227	0.508792	3.88723	0.622621	3.03171	0.833273	2.18085		
0.533119	4.14003	0.226484	2.23781	0.533453	4.14107	0.637218	3.18645	0.742838	2.78396	0.961402	2.03508	0.51241	3.87963	0.625451	3.04388	0.835311	2.19263		
0.536982	4.15135	0.228569	2.23758	0.537316	4.1523	0.640196	3.20743	0.745438	2.79652	0.963304	2.04738	0.516021	3.87176	0.628293	3.05597	0.837359	2.2043		
0.540855	4.16189	0.230654	2.23736	0.54119	4.16275	0.643194	3.22799	0.748049	2.80902	0.965217	2.05954	0.519625	3.86357	0.631146	3.06809	0.839418	2.21589		
0.544737	4.17159	0.232738	2.2371	0.545073	4.1724	0.646211	3.24812	0.750672	2.82146	0.967142	2.0717	0.523221	3.85505	0.63401	3.08016	0.841488	2.22744		
0.548628	4.18054	0.234822	2.2369	0.548965	4.18126	0.649247	3.26785	0.753307	2.83376	0.969077	2.08374	0.526808	3.84629	0.636885	3.09216	0.843569	2.23888		
0.552527	4.18878	0.236907	2.23669	0.552864	4.18942	0.652301	3.2872	0.755953	2.84599	0.971024	2.09566	0.530388	3.83718	0.639772	3.10413	0.84566	2.25021		
0.556434	4.19631	0.23899	2.23647	0.556771	4.19695	0.655372	3.30618	0.75861	2.85811	0.972982	2.10756	0.533959	3.82776	0.64267	3.11612	0.847762	2.26148		
0.560347	4.20319	0.241074	2.23626	0.560685	4.20379	0.658461	3.32479	0.761279	2.87014	0.974952	2.11936	0.53752	3.81803	0.645578	3.12812	0.849874	2.27268		
0.564266	4.20949	0.243157	2.23604	0.564605	4.20999	0.661568	3.34296	0.763958	2.88212	0.976932	2.13109	0.541073	3.808	0.648498	3.14006	0.851997	2.28377		
0.568191	4.21516	0.245241	2.23585	0.56853	4.21562	0.664691	3.36079	0.766649	2.89398	0.978923	2.1427	0.544616	3.79767	0.65143	3.15199	0.854129	2.29481		
0.57212	4.22023	0.247324	2.23565	0.57246	4.22066	0.66783	3.37831	0.769351	2.90576	0.980924	2.15426	0.54815	3.78702	0.654372	3.16397	0.856273	2.30575		
0.576055	4.22478	0.249406	2.23548	0.576394	4.22517	0.670986	3.39546	0.772064	2.91748	0.982937	2.16571	0.551673	3.77605	0.657325	3.17592	0.858426	2.3166		
0.579993	4.22881	0.251489	2.23528	0.580333	4.22914	0.674157	3.41224	0.774787	2.92908	0.98496	2.17711	0.555186	3.76475	0.66029	3.18787	0.860589	2.32741		
0.583934	4.23233	0.253572	2.23511	0.584275	4.23259	0.677344	3.42869	0.777522	2.94064	0.986994	2.18842	0.558688	3.7532	0.663265	3.19981	0.862763	2.33816		
0.587879	4.23534	0.255654	2.23492	0.58822	4.2356	0.680546	3.44485	0.780267	2.95213	0.989038	2.1996	0.56218	3.74131	0.666252	3.21175	0.864946	2.34881		
0.591827	4.2379	0.257736	2.23471	0.592168	4.23812	0.683763	3.46067	0.783023	2.96355	0.991092	2.21079	0.56566	3.72906	0.66925	3.22377	0.86714	2.35941		
0.595776	4.24006	0.259818	2.23457	0.596117	4.24019	0.686995	3.47615	0.785789	2.9749	0.993157	2.22185	0.569128	3.71657	0.672259	3.23578	0.869343	2.36995		
0.599727	4.24173	0.2619	2.23439	0.600069	4.24185	0.690241	3.49137	0.788566	2.98617	0.995233	2.23283	0.572585	3.70373	0.67528	3.24775	0.871556	2.38042		
0.60368	4.243	0.263982	2.23422	0.604021	4.24308	0.693501	3.50626	0.791354	2.99734	0.997318	2.24374	0.57603	3.69061	0.678311	3.25978	0.873778	2.39085		
0.607634	4.24389	0.266063	2.23407	0.607975	4.24396	0.696774	3.52089	0.794151	3.00846	0.999414	2.25455	0.579462	3.6772	0.681354	3.27184	0.876011	2.40116		
0.611588	4.24438	0.268145	2.23388	0.61193	4.24439	0.700061	3.53523	0.796959	3.01958	1.00152	2.25995	0.582882	3.66346	0.684408	3.28391	0.878253	2.41144		
0.615543	4.24447	0.270226	2.23375	0.615884	4.24443	0.703362	3.54929	0.799778	3.0306			0.586289	3.64945	0.687473	3.29599	0.880504	2.4217		
0.619497	4.24419	0.272307	2.23358	0.619839	4.24415	0.706675	3.56309	0.802607	3.04153			0.589682	3.63513	0.69055	3.30807	0.882765	2.43189		
0.623451	4.24361	0.274388	2.23342	0.623793	4.24354	0.710001	3.57662	0.805446	3.05245			0.593062	3.62053	0.693637	3.32016	0.885036	2.442		
0.627405	4.24266	0.276469	2.2333	0.627746	4.24257	0.71334	3.58994	0.808295	3.06329			0.596429	3.60565	0.696736	3.33228	0.887316	2.45208		
0.631357	4.24134	0.278549	2.23313	0.631698	4.24125	0.716691	3.60297	0.811154	3.07406			0.599781	3.59052	0.699847	3.34445	0.889605	2.46213		
0.635308	4.23973	0.28063	2.23297	0.635649	4.2396	0.720053	3.61579	0.814023	3.08483			0.603119	3.57508	0.702968	3.35658	0.891904	2.4721		
0.639257	4.23783	0.28271	2.23286	0.639598	4.23763	0.723428	3.62838	0.816902	3.09552			0.606443	3.55938	0.706101	3.36873	0.894211	2.48203		
0.643205	4.23559	0.284791	2.23273	0.643545	4.23537	0.726815	3.64072	0.819791	3.10618			0.609752	3.54347	0.709246	3.38088	0.896529	2.49197		
0.64715	4.23301	0.286871	2.23259	0.64749	4.23278	0.730212	3.65286	0.82269	3.11678			0.613046	3.52727	0.712401	3.39303	0.898855	2.50182		
0.651092	4.23018	0.288951	2.23245	0.651433	4.2299	0.733621	3.66479	0.825599	3.12732			0.616324	3.51083	0.715568	3.40519	0.90119	2.51165		
0.655032	4.22705	0.291031	2.2323	0.655372	4.22678	0.737041	3.67651	0.828517	3.13786			0.619588	3.49418	0.718746	3.41731	0.903535	2.52143		
0.658969	4.22361	0.29311	2.23219	0.659309	4.22332	0.740472	3.68804	0.831446	3.14837			0.622835	3.47729	0.721936	3.42941	0.905889	2.53119		
0.662903	4.21995	0.29519	2.23206	0.663242	4.21961	0.743913	3.69937	0.834384	3.15882			0.626067	3.46016	0.725137	3.44151	0.908252	2.54091		
0.666833	4.21596	0.29727	2.23193	0.667172	4.21563	0.747365	3.71053	0.837332	3.16922			0.629283	3.44289	0.728349	3.4536	0.910624	2.55056		
0.670759	4.2117	0.299349	2.23179	0.671097	4.21133	0.750828	3.7215	0.840289	3.17957			0.632483	3.42538	0.731572	3.46565	0.913004	2.56026		
0.674681	4.20722	0.301428	2.23168	0.675019	4.2068	0.7543	3.73229	0.843257	3.18992			0.635666	3.4077	0.734807	3.47764	0.915394	2.56987		
0.678598	4.20246	0.303508	2.23159	0.678936	4.20201	0.757782	3.74292	0.846234	3.20025			0.638833	3.38981	0.738052	3.48957	0.917793	2.57947		
0.682511	4.1974	0.305587	2.23147	0.682849	4.19694	0.761275	3.75336	0.84922	3.21051			0.641982	3.37178	0.741309	3.50143	0.920201	2.58907		
0.68642	4.19213	0.307666	2.23134	0.686757	4.19166	0.764776	3.76368	0.852216	3.22077			0.645115	3.35361	0.744577	3.51326	0.922618	2.5986		
0.690323	4.1866	0.309744	2.23123	0.69066	4.18613	0.768288	3.77378	0.855222	3.23106			0.648231	3.33527	0.747856	3.52507	0.925043	2.60812		
0.694221	4.18079	0.311823	2.23115	0.694557	4.18029	0.771808	3.78377	0.858237	3.24126			0.65133	3.31683	0.751146	3.53672	0.927478	2.61764		
0.698113	4.17478	0.313902	2.23103	0.698449	4.17425	0.775338	3.79364	0.861261	3.25141			0.654412	3.29827	0.754446	3.5483	0.929921	2.62716		
0.702	4.16855	0.315981	2.2309	0.702336	4.16797	0.778877	3.80333	0.864295	3.26158			0.657476	3.27961	0.757757	3.55984	0.932373	2.63665		
0.705881	4.16202	0.318059	2.23079	0.706216	4.16143	0.782425	3.8129	0.867339	3.27175			0.660523	3.26084	0.761079	3.57124	0.934834	2.64608		
0.709756	4.15529	0.320137	2.23071	0.71009	4.15472	0.785982	3.8223	0.870392	3.28189			0.663553	3.24193	0.764412	3.58252	0.937304	2.65552		
0.713624	4.14833	0.322216	2.23063	0.713958	4.14773	0.789548	3.83158	0.873454	3.29198			0.666564	3.22303	0.767755	3.59368	0.939782	2.66492		
0.717486	4.14115	0.324294	2.23051	0.717819	4.14051	0.793122	3.84072	0.876526	3.30211			0.669558	3.20405	0.771108	3.60476	0.942269	2.67435		
0.721341	4.13375	0.326372	2.23042	0.721673	4.13305	0.796705	3.84976	0.879607	3.3122			0.672535	3.18497	0.774472	3.61568	0.944766	2.68379		
0.725188	4.12606	0.32845	2.23034	0.72552	4.1254	0.800296	3.85868	0.882698	3.32226			0.675493	3.16591	0.777846	3.62645	0.94727	2.69316		
0.729029	4.11822	0.330528	2.23022	0.72936	4.11755	0.803895	3.86742	0.885798	3.33234			0.678434	3.14682	0.78123	3.63707	0.949784	2.70253		
0.732862	4.11017	0.332606	2.23013	0.733193	4.10948	0.807502	3.87607	0.888907	3.3424			0.681357	3.12768	0.784623	3.64754	0.952306	2.71187		
0.736688	4.10189	0.334684	2.23004	0.737018	4.10117	0.811117	3.88461	0.892026	3.35248			0.684262	3.10855	0.788026	3.65787	0.954837	2.72126		
0.740506	4.09343	0.336761	2.22996	0.740835	4.09265	0.814741	3.89306	0.895154	3.3625			0.687149	3.08943	0.791439	3.66798	0.957377	2.73065		
0.744315	4.0847	0.338839	2.22985	0.744644	4.08396	0.818372	3.90135	0.898292	3.37253			0.690019	3.07031	0.794861	3.67794	0.959925	2.73995		
0.748117	4.07583	0.340916	2.22976	0.748445	4.07504	0.82201	3.90952	0.901439	3.38256			0.692871	3.05127	0.798293	3.68776	0.962483	2.74929		
0.75191	4.06678	0.342994	2.22968	0.752237	4.06596	0.825657	3.91759	0.904595	3.3926			0.695705	3.03222	0.801733	3.69735	0.965048	2.75861		
0.755695	4.05745	0.345071	2.2296	0.756021	4.05667	0.82931	3.92552	0.907761	3.40263			0.698521	3.01318	0.805182	3.70676	0.967623	2.76796		
0.759471	4.04799	0.347148	2.22952	0.759797	4.04718	0.832971	3.93336	0.910935	3.41263			0.701319	2.99425	0.80864	3.71594	0.970206	2.77729		
0.763238	4.03836	0.349226	2.22945	0.763563	4.0375	0.83664	3.94109	0.91412	3.42268			0.7041	2.97537	0.812106	3.72495	0.972798	2.7866		
0.766996	4.02852	0.351303	2.22937	0.76732	4.02764	0.840315	3.94865	0.917313	3.43269			0.706864	2.95655	0.815581	3.73375	0.975399	2.79591		
0.770745	4.01851	0.35338	2.2293	0.771068	4.01765	0.843998	3.95617	0.920516	3.44271			0.709609	2.93785	0.819064	3.74228	0.978008	2.80521		
0.774484	4.00831	0.355457	2.22919	0.774806	4.00746	0.847687	3.96355	0.923728	3.45273			0.712338	2.91919	0.822555	3.75069	0.980626	2.81451		
0.778214	3.99797	0.357534	2.2291	0.778535	3.99709	0.851383	3.97076	0.92695	3.46276			0.715049	2.90063	0.826053	3.75881	0.983253	2.82382		
0.781934	3.98749	0.35961	2.22905	0.782255	3.98656	0.855086	3.97792	0.930181	3.4728			0.717743	2.88216	0.829559	3.76672	0.985888	2.83312		
0.785644	3.97683	0.361687	2.22899	0.785964	3.97588	0.858796	3.98497	0.933421	3.48283			0.72042	2.86381	0.833072	3.77444	0.988532	2.84242		
0.789344	3.96597	0.363764	2.22893	0.789663	3.96504	0.862512	3.99187	0.936671	3.49286			0.723079	2.84559	0.836592	3.78185	0.991184	2.85172		
0.793034	3.95501	0.365841	2.22882	0.793352	3.95405	0.866234	3.99862	0.93993	3.50286			0.725722	2.82747	0.840119	3.78908	0.993846	2.86099		
0.796714	3.94393	0.367917	2.22877	0.797031	3.94296	0.869963	4.00525	0.943198	3.51291			0.728348	2.80947	0.843652	3.7961	0.996516	2.87027		
0.800383	3.93264	0.369994	2.2287	0.8007	3.93166	0.873698	4.01179	0.946475	3.52296			0.730957	2.79161	0.847192	3.80283	0.999194	2.87953		
0.804042	3.92124	0.37207	2.2286	0.804357	3.92026	0.877438	4.0182	0.949762	3.53299			0.73355	2.77389	0.850739	3.80934	1.00188	2.88415		
0.80769	3.90976	0.374146	2.22855	0.808005	3.90878	0.881185	4.02445	0.953059	3.54307			0.736126	2.75632	0.854291	3.81564				
0.811327	3.89812	0.376223	2.22848	0.811641	3.8971	0.884937	4.03062	0.956365	3.55312			0.738686	2.73885	0.857849	3.82168				
0.814954	3.88637	0.378299	2.22842	0.815266	3.88533	0.888696	4.03663	0.95968	3.56317			0.74123	2.72155	0.861412	3.82745				
0.818569	3.87449	0.380375	2.22834	0.818881	3.87348	0.892459	4.04245	0.963004	3.57324			0.743757	2.70444	0.864981	3.833				
0.822173	3.86251	0.382451	2.22827	0.822484	3.86147	0.896228	4.04822	0.966338	3.5833			0.746269	2.68742	0.868554	3.83838				
0.825767	3.85044	0.384527	2.22824	0.826076	3.84939	0.900003	4.05382	0.969681	3.59334			0.748765	2.6706	0.872133	3.84345				
0.829348	3.83828	0.386603	2.22818	0.829657	3.83723	0.903782	4.05925	0.973034	3.60342			0.751245	2.65391	0.875716	3.84826				
0.832919	3.82602	0.388679	2.22808	0.833227	3.82493	0.907567	4.06457	0.976396	3.61347			0.75371	2.6374	0.879304	3.85286				
0.836478	3.81363	0.390755	2.22803	0.836784	3.81259	0.911356	4.06975	0.979767	3.62355			0.75616	2.62106	0.882896	3.85721				
0.840025	3.80124	0.392831	2.22801	0.840331	3.80016	0.91515	4.07476	0.983148	3.63365			0.758594	2.60486	0.886491	3.86133				
0.843561	3.78875	0.394907	2.22792	0.843866	3.7876	0.918949	4.07961	0.986538	3.64371			0.761014	2.58886	0.890091	3.86525				
0.847085	3.77613	0.396982	2.22784	0.847389	3.77507	0.922752	4.08431	0.989938	3.6538			0.763418	2.57301	0.893694	3.8689				
0.850597	3.76349	0.399058	2.2278	0.8509	3.76243	0.92656	4.08885	0.993346	3.66386			0.765808	2.55737	0.8973	3.8723				
0.854098	3.75079	0.401134	2.22774	0.8544	3.7497	0.930371	4.09329	0.996765	3.67394			0.768184	2.54185	0.900909	3.87546				
0.857587	3.73807	0.403209	2.22768	0.857887	3.73696	0.934187	4.09755	1.00019	3.67901			0.770545	2.52655	0.904522	3.8784				
0.861063	3.72527	0.405285	2.22761	0.861363	3.72415	0.938007	4.10163					0.772892	2.51139	0.908136	3.88115				
0.864528	3.71238	0.40736	2.22758	0.864827	3.71126	0.94183	4.1055					0.775224	2.49642	0.911754	3.88366				
0.867981	3.69949	0.409436	2.22752	0.868278	3.69837	0.945657	4.10926					0.777543	2.48164	0.915373	3.8859				
0.871422	3.68657	0.411511	2.22746	0.871718	3.68548	0.949487	4.11286					0.779849	2.467	0.918995	3.88794				
0.87485	3.67362	0.413586	2.22743	0.875146	3.67251	0.953321	4.11628					0.78214	2.45258	0.922618	3.88976				
0.878267	3.66063	0.415661	2.22734	0.878562	3.65951	0.957157	4.11952					0.784419	2.43834	0.926243	3.89134				
0.881672	3.64762	0.417737	2.22729	0.881965	3.64649	0.960997	4.12261					0.786684	2.42422	0.929869	3.89271				
0.885064	3.63463	0.419812	2.22727	0.885356	3.63347	0.964839	4.12554					0.788936	2.41035	0.933496	3.89387				
0.888444	3.62158	0.421887	2.22722	0.888736	3.62043	0.968684	4.12826					0.791175	2.39664	0.937125	3.89482				
0.891812	3.6085	0.423962	2.22716	0.892103	3.6074	0.972532	4.13082					0.793402	2.38305	0.940754	3.89555				
0.895168	3.59544	0.426037	2.2271	0.895458	3.59433	0.976382	4.13324					0.795616	2.36973	0.944384	3.89606				
0.898512	3.58239	0.428112	2.22703	0.8988	3.58127	0.980234	4.13547					0.797818	2.35656	0.948014	3.89635				
0.901844	3.56935	0.430187	2.22699	0.902131	3.56823	0.984088	4.13751					0.800007	2.34352	0.951644	3.89642				
0.905163	3.55628	0.432262	2.22697	0.905449	3.55515	0.987943	4.13937					0.802185	2.33071	0.955274	3.89631				
0.908471	3.54322	0.434336	2.22693	0.908756	3.54209	0.991801	4.14106					0.80435	2.31804	0.958904	3.89604				
0.911766	3.53017	0.436411	2.22687	0.91205	3.52904	0.99566	4.14261					0.806504	2.30555	0.962534	3.8955				
0.915049	3.51717	0.438486	2.2268	0.915332	3.51604	0.99952	4.14397					0.808646	2.29326	0.966163	3.89475				
0.91832	3.50415	0.440561	2.22677	0.918601	3.50302	1.00338	4.14457					0.810777	2.28115	0.969792	3.89387				
0.921578	3.49115	0.442635	2.22672	0.921859	3.49002							0.812897	2.2692	0.973419	3.89276				
0.924825	3.47817	0.44471	2.22665	0.925105	3.47708							0.815006	2.25744	0.977045	3.89144				
0.928059	3.4652	0.446784	2.22662	0.928338	3.46409							0.817103	2.24584	0.98067	3.88994				
0.931282	3.45231	0.448859	2.22661	0.93156	3.45119							0.819191	2.23437	0.984294	3.88828				
0.934492	3.43942	0.450933	2.22656	0.934769	3.43829							0.821267	2.2231	0.987916	3.88638				
0.937691	3.42653	0.453008	2.2265	0.937966	3.4254							0.823333	2.21205	0.991536	3.8843				
0.940877	3.41367	0.455082	2.22647	0.941152	3.41258							0.825389	2.20114	0.995154	3.88208				
0.944052	3.40087	0.457157	2.22642	0.944325	3.3998							0.827435	2.19038	0.99877	3.87966				
0.947215	3.3881	0.459231	2.22636	0.947487	3.38703							0.82947	2.17976	1.00238	3.87839				
0.950365	3.37538	0.461305	2.22633	0.950637	3.37428							0.831496	2.16936						
0.953504	3.36268	0.46338	2.22628	0.953775	3.36157							0.833513	2.1591						
0.956631	3.35004	0.465454	2.22625	0.956901	3.34891							0.83552	2.149						
0.959747	3.33741	0.467528	2.22624	0.960015	3.33632							0.837517	2.13907						
0.96285	3.32484	0.469602	2.22616	0.963118	3.32373							0.839506	2.12931						
0.965942	3.31229	0.471676	2.22612	0.966208	3.31121							0.841485	2.11971						
0.969022	3.29979	0.47375	2.2261	0.969288	3.29872							0.843455	2.11026						
0.972091	3.28735	0.475824	2.22605	0.972355	3.28625							0.845417	2.10095						
0.975148	3.27494	0.477898	2.22603	0.975411	3.27387							0.84737	2.09179						
0.978193	3.26259	0.479972	2.22598	0.978456	3.26156							0.849315	2.08282						
0.981227	3.25026	0.482046	2.22595	0.981489	3.24925							0.851251	2.07398						
0.98425	3.23801	0.48412	2.22591	0.98451	3.23694							0.85318	2.06527						
0.987261	3.22581	0.486194	2.22584	0.98752	3.22475							0.8551	2.05674						
0.990261	3.21363	0.488268	2.22581	0.990519	3.21257							0.857012	2.04841						
0.993249	3.20153	0.490341	2.2258	0.993507	3.20044							0.858917	2.04015						
0.996226	3.18944	0.492415	2.22576	0.996483	3.18841							0.860814	2.03202						
0.999192	3.17739	0.494489	2.2257	0.999448	3.17642							0.862703	2.02412						
1.00215	3.1714	0.496562	2.2257	1.0024	3.17045							0.864585	2.01628						
		0.498636	2.22567									0.86646	2.00863						
		0.50071	2.22562									0.868328	2.0011						
		0.502783	2.22559									0.870189	1.99368						
		0.504857	2.22554									0.872043	1.98645						
		0.50693	2.22552									0.873891	1.97936						
		0.509004	2.22547									0.875732	1.97237						
		0.511077	2.22544									0.877566	1.96547						
		0.513151	2.22543									0.879394	1.95876						
		0.515224	2.22535									0.881216	1.95218						
		0.517297	2.22535									0.883032	1.94567						
		0.519371	2.22535									0.884841	1.93934						
		0.521444	2.22527									0.886645	1.93313						
		0.523517	2.22524									0.888444	1.92703						
		0.525591	2.22522									0.890236	1.92104						
		0.527664	2.22517									0.892023	1.91516						
		0.529737	2.22515									0.893805	1.90943						
		0.53181	2.22514									0.895581	1.90382						
		0.533883	2.22509									0.897352	1.89827						
		0.535956	2.22507									0.899119	1.89286						
		0.538029	2.22506									0.90088	1.88759						
		0.540102	2.22498									0.902636	1.88243						
		0.542175	2.22494									0.904387	1.87732						
		0.544248	2.22496									0.906134	1.87235						
		0.546321	2.22493									0.907876	1.86752						
		0.548394	2.22488									0.909614	1.86276						
		0.550467	2.22486									0.911347	1.85808						
		0.55254	2.22484									0.913076	1.8535						
		0.554613	2.2248									0.914801	1.84909						
		0.556686	2.22474									0.916522	1.84472						
		0.558759	2.22475									0.918239	1.84045						
		0.560831	2.22472									0.919951	1.83626						
		0.562904	2.22467									0.92166	1.83219						
		0.564977	2.22468									0.923365	1.82822						
		0.56705	2.22464									0.925067	1.82429						
		0.569122	2.22459									0.926765	1.82049						
		0.571195	2.2246									0.928459	1.8168						
		0.573267	2.22457									0.93015	1.81316						
		0.57534	2.22452									0.931838	1.80962						
		0.577413	2.22449									0.933522	1.80616						
		0.579485	2.22448									0.935203	1.80275						
		0.581558	2.22447									0.936881	1.79947						
		0.58363	2.2244									0.938556	1.79625						
		0.585703	2.22439									0.940229	1.79311						
		0.587775	2.22439									0.941898	1.79003						
		0.589848	2.22432									0.943564	1.78703						
		0.59192	2.22432									0.945228	1.78414						
		0.593992	2.22432									0.946889	1.78126						
		0.596065	2.22425									0.948547	1.77851						
		0.598137	2.22425									0.950203	1.77585						
		0.600209	2.22425									0.951856	1.77316						
		0.602282	2.22417									0.953507	1.77061						
		0.604354	2.22417									0.955155	1.76817						
		0.606426	2.22414									0.956802	1.7657						
		0.608498	2.22412									0.958445	1.76333						
		0.61057	2.22411									0.960087	1.76108						
		0.612643	2.22407									0.961727	1.75882						
		0.614715	2.22405									0.963365	1.75663						
		0.616787	2.22404									0.965	1.75455						
		0.618859	2.22399									0.966634	1.75248						
		0.620931	2.22397									0.968266	1.75049						
		0.623003	2.22396									0.969896	1.74855						
		0.625075	2.22392									0.971524	1.74666						
		0.627147	2.2239									0.973151	1.74487						
		0.629219	2.22389									0.974776	1.7431						
		0.631291	2.22388									0.976399	1.74137						
		0.633363	2.22385									0.97802	1.7397						
		0.635435	2.22379									0.97964	1.7381						
		0.637507	2.2238									0.981259	1.73657						
		0.639579	2.2238									0.982876	1.73507						
		0.641651	2.22373									0.984492	1.73362						
		0.643723	2.22373									0.986107	1.7322						
		0.645794	2.2237									0.98772	1.7308						
		0.647866	2.22368									0.989332	1.72951						
		0.649938	2.22367									0.990943	1.72824						
		0.65201	2.22363									0.992552	1.72702						
		0.654081	2.22364									0.994161	1.72586						
		0.656153	2.22362									0.995768	1.7247						
		0.658225	2.22356									0.997375	1.7236						
		0.660297	2.22354									0.99898	1.72258						
		0.662368	2.22353									1.00058	1.72209						
		0.66444	2.22352																
		0.666512	2.22348																
		0.668583	2.22346																
		0.670655	2.22345																
		0.672726	2.22345																
		0.674798	2.22341																
		0.676869	2.22339																
		0.678941	2.22338																
		0.681012	2.22334																
		0.683084	2.22331																
		0.685155	2.2233																
		0.687227	2.2233																
		0.689298	2.22326																
		0.69137	2.22324																
		0.693441	2.22323																
		0.695512	2.22319																
		0.697584	2.22317																
		0.699655	2.22319																
		0.701726	2.22317																
		0.703798	2.22312																
		0.705869	2.2231																
		0.70794	2.22309																
		0.710011	2.22304																
		0.712082	2.22302																
		0.714154	2.22305																
		0.716225	2.22302																
		0.718296	2.22298																
		0.720367	2.22295																
		0.722438	2.22298																
		0.724509	2.22295																
		0.72658	2.2229																
		0.728651	2.22288																
		0.730723	2.22287																
		0.732794	2.22286																
		0.734865	2.22286																
		0.736936	2.22282																
		0.739007	2.2228																
		0.741078	2.22279																
		0.743148	2.22275																
		0.745219	2.22277																
		0.74729	2.22274																
		0.749361	2.22269																
		0.751432	2.2227																
		0.753503	2.2227																
		0.755574	2.22263																
		0.757645	2.22263																
		0.759715	2.22263																
		0.761786	2.2226																
		0.763857	2.22258																
		0.765928	2.22257																
		0.767999	2.22257																
		0.770069	2.22253																
		0.77214	2.22251																
		0.774211	2.2225																
		0.776281	2.22246																
		0.778352	2.22244																
		0.780423	2.22246																
		0.782493	2.22244																
		0.784564	2.22239																
		0.786634	2.2224																
		0.788705	2.22237																
		0.790776	2.22236																
		0.792846	2.22235																
		0.794917	2.22231																
		0.796987	2.22233																
		0.799058	2.2223																
		0.801128	2.22225																
		0.803199	2.22226																
		0.805269	2.22223																
		0.80734	2.22221																
		0.80941	2.2222																
		0.81148	2.2222																
		0.813551	2.2222																
		0.815621	2.22212																
		0.817692	2.22212																
		0.819762	2.22212																
		0.821832	2.22209																
		0.823903	2.2221																
		0.825973	2.22208																
		0.828043	2.22203																
		0.830113	2.22204																
		0.832184	2.22204																
		0.834254	2.22201																
		0.836324	2.22199																
		0.838394	2.22198																
		0.840465	2.22194																
		0.842535	2.22192																
		0.844605	2.22191																
		0.846675	2.22191																
		0.848745	2.2219																
		0.850815	2.22187																
		0.852885	2.22185																
		0.854955	2.22184																
		0.857025	2.22183																
		0.859096	2.22183																
		0.861166	2.22179																
		0.863236	2.22177																
		0.865306	2.22177																
		0.867376	2.22172																
		0.869446	2.2217																
		0.871516	2.22173																
		0.873586	2.22171																
		0.875655	2.22166																
		0.877725	2.22167																
		0.879795	2.22168																
		0.881865	2.22164																
		0.883935	2.22159																
		0.886005	2.2216																
		0.888075	2.2216																
		0.890145	2.22157																
		0.892214	2.22155																
		0.894284	2.22151																
		0.896354	2.22152																
		0.898424	2.22153																
		0.900494	2.2215																
		0.902563	2.22148																
		0.904633	2.22147																
		0.906703	2.22143																
		0.908772	2.22141																
		0.910842	2.22144																
		0.912912	2.22141																
		0.914981	2.22136																
		0.917051	2.22138																
		0.919121	2.22135																
		0.92119	2.22133																
		0.92326	2.22132																
		0.92533	2.22128																
		0.927399	2.2213																
		0.929469	2.22131																
		0.931538	2.22128																
		0.933608	2.22122																
		0.935677	2.22123																
		0.937747	2.22124																
		0.939816	2.2212																
		0.941886	2.22119																
		0.943955	2.22118																
		0.946025	2.22114																
		0.948094	2.22112																
		0.950163	2.22114																
		0.952233	2.22112																
		0.954302	2.22107																
		0.956372	2.22108																
		0.958441	2.22109																
		0.96051	2.22106																
		0.96258	2.22104																
		0.964649	2.221																
		0.966718	2.22101																
		0.968788	2.22102																
		0.970857	2.22095																
		0.972926	2.22095																
		0.974995	2.22095																
		0.977065	2.22095																
		0.979134	2.22095																
		0.981203	2.22088																
		0.983272	2.22088																
		0.985342	2.22088																
		0.987411	2.22084																
		0.98948	2.22086																
		0.991549	2.22083																
		0.993618	2.22082																
		0.995687	2.22081																
		0.997756	2.22077																
		0.999825	2.22079																
		1.00189	2.22082																
