Sym0		Asym0		Sym1		Sym2		Sym3		Sym4		Asym1		Asym2		Asym3		Asym4	
484  Points		500  Points		283  Points		231  Points		213  Points		152  Points		389  Points		245  Points		205  Points		156  Points	
Freq (MHz)	Vph (m/ms)	Freq (MHz)	Vph (m/ms)	Freq (MHz)	Vph (m/ms)	Freq (MHz)	Vph (m/ms)	Freq (MHz)	Vph (m/ms)	Freq (MHz)	Vph (m/ms)	Freq (MHz)	Vph (m/ms)	Freq (MHz)	Vph (m/ms)	Freq (MHz)	Vph (m/ms)	Freq (MHz)	Vph (m/ms)
0.0011784	4.52921	0.000234294	0.123944	0.279512	754.769	0.418029	12981.6	0.559025	784.907	0.838526	4209.07	0.139784	238.695	0.419276	505.864	0.698773	1630.22	0.836064	970.047
0.00539809	4.52908	0.000520855	0.184569	0.279547	214.702	0.418043	433.701	0.559061	340.08	0.838538	741.469	0.139951	92.2364	0.419324	238.181	0.698791	513.691	0.836082	466.154
0.00961753	4.52895	0.000918116	0.244589	0.279622	125.182	0.418082	220.555	0.559126	217.085	0.838567	406.557	0.140267	57.2749	0.419405	155.784	0.698827	304.895	0.836113	306.8
0.0138366	4.52879	0.00142377	0.303874	0.279736	88.3725	0.418147	147.897	0.559218	159.444	0.838613	280.07	0.140728	41.6269	0.41952	115.764	0.698882	216.793	0.836157	228.648
0.0180552	4.52856	0.00203486	0.362261	0.279889	68.3137	0.418238	111.264	0.55934	126.006	0.838677	213.621	0.141333	32.7737	0.41967	92.1215	0.698956	168.203	0.836214	182.235
0.022273	4.52827	0.00274774	0.41958	0.280081	55.6953	0.418354	89.1884	0.559489	104.174	0.838757	172.666	0.14208	27.0933	0.419853	76.5135	0.699048	137.415	0.836283	151.491
0.02649	4.52793	0.00355874	0.475737	0.280312	47.0283	0.418496	74.4341	0.559667	88.8024	0.838854	144.895	0.142963	23.149	0.42007	65.4417	0.699158	116.162	0.836366	129.628
0.0307059	4.52752	0.00446346	0.530595	0.280582	40.7101	0.418664	63.8785	0.559873	77.3938	0.838969	124.826	0.143981	20.2576	0.420321	57.1812	0.699287	100.61	0.836461	113.284
0.0349205	4.52705	0.00545751	0.584073	0.28089	35.9016	0.418858	55.9539	0.560108	68.5921	0.8391	109.646	0.145127	18.0525	0.420606	50.7832	0.699435	88.736	0.836569	100.604
0.0391337	4.52652	0.0065363	0.636101	0.281237	32.1209	0.419077	49.7867	0.56037	61.5963	0.839248	97.7635	0.146399	16.3193	0.420925	45.6827	0.6996	79.3747	0.83669	90.481
0.0433454	4.52593	0.00769506	0.686614	0.281622	29.0713	0.419323	44.8515	0.560661	55.903	0.839413	88.2092	0.14779	14.9244	0.421277	41.5223	0.699785	71.8053	0.836823	82.2121
0.0475553	4.52527	0.008929	0.735566	0.282045	26.5604	0.419595	40.8133	0.56098	51.1803	0.839596	80.3605	0.149296	13.7799	0.421662	38.0648	0.699988	65.5586	0.83697	75.3313
0.0517632	4.52455	0.0102336	0.782945	0.282505	24.4579	0.419894	37.4486	0.561327	47.1998	0.839795	73.7985	0.150911	12.8261	0.422081	35.1466	0.700209	60.3161	0.83713	69.5162
0.0559689	4.52376	0.011604	0.82872	0.283002	22.6721	0.420219	34.6023	0.561702	43.7999	0.840011	68.2311	0.152632	12.0205	0.422533	32.6511	0.700448	55.8541	0.837302	64.5373
0.0601722	4.5229	0.013036	0.872904	0.283536	21.1372	0.42057	32.1637	0.562104	40.8626	0.840244	63.4484	0.154452	11.3323	0.423018	30.4932	0.700706	52.0106	0.837487	60.2266
0.0643731	4.52198	0.0145251	0.9155	0.284106	19.8042	0.420948	30.0514	0.562535	38.2999	0.840494	59.2956	0.156367	10.7387	0.423537	28.6091	0.700983	48.6656	0.837686	56.4581
0.0685711	4.52098	0.0160672	0.956524	0.284713	18.6361	0.421353	28.2043	0.562993	36.0446	0.840761	55.6562	0.158371	10.2223	0.424088	26.9502	0.701277	45.7282	0.837897	53.1357
0.0727662	4.51992	0.0176583	0.996004	0.285355	17.6046	0.421785	26.5758	0.563479	34.0449	0.841044	52.4406	0.160462	9.76969	0.424671	25.4788	0.70159	43.1284	0.838122	50.1848
0.076958	4.51879	0.0192947	1.03397	0.286032	16.6872	0.422245	25.1296	0.563992	32.2599	0.841345	49.5792	0.162349	9.419	0.425287	24.165	0.701921	40.8114	0.838359	47.5465
0.0811464	4.51758	0.0209729	1.07045	0.286744	15.8663	0.422732	23.8368	0.564533	30.6571	0.841662	47.0165	0.164004	9.14772	0.425936	22.985	0.70227	38.7334	0.838609	45.1738
0.0853312	4.51629	0.0226896	1.1055	0.28749	15.1277	0.423247	22.6746	0.5651	29.21	0.841997	44.7083	0.165404	8.94039	0.426617	21.9197	0.702637	36.8596	0.838873	43.0284
0.089512	4.51493	0.0244417	1.13916	0.28827	14.4598	0.423789	21.6243	0.565696	27.8973	0.842348	42.6185	0.16653	8.78633	0.427329	20.9532	0.703023	35.1613	0.83915	41.0795
0.0936886	4.51349	0.0262263	1.17146	0.289084	13.8532	0.42436	20.6707	0.566318	26.7011	0.842715	40.7177	0.167369	8.67821	0.428073	20.0727	0.703426	33.615	0.83944	39.3011
0.0978607	4.51196	0.0280407	1.20247	0.28993	13.3	0.424958	19.8013	0.566967	25.6069	0.8431	38.9815	0.16791	8.61119	0.428849	19.2674	0.703847	32.2015	0.839743	37.6721
0.102028	4.51036	0.0298824	1.23222	0.290809	12.7935	0.425586	19.0054	0.567643	24.6021	0.843501	37.3894	0.168694	8.51767	0.429657	18.5281	0.704287	30.9042	0.840059	36.1743
0.10619	4.50866	0.0317492	1.26075	0.291719	12.3282	0.426242	18.2744	0.568345	23.6765	0.843919	35.9243	0.169554	8.41966	0.430495	17.8472	0.704744	29.7097	0.840389	34.7926
0.110348	4.50688	0.0336388	1.28813	0.292661	11.8995	0.426927	17.6007	0.569074	22.8211	0.844353	34.5716	0.170738	8.29208	0.431364	17.2181	0.705219	28.6062	0.840731	33.514
0.114499	4.505	0.0355494	1.3144	0.293634	11.5033	0.427642	16.978	0.56983	22.0284	0.844804	33.3191	0.172256	8.13956	0.432264	16.6354	0.705712	27.5837	0.841088	32.3276
0.118644	4.50303	0.037479	1.3396	0.294637	11.1361	0.428385	16.4009	0.570612	21.2917	0.845272	32.1559	0.174122	7.96719	0.433195	16.0941	0.706223	26.6337	0.841457	31.2237
0.122783	4.50096	0.039426	1.36378	0.295671	10.795	0.429159	15.8646	0.57142	20.6055	0.845756	31.073	0.176353	7.78022	0.434155	15.5902	0.706751	25.7489	0.84184	30.194
0.126915	4.49879	0.0413889	1.38697	0.296734	10.4774	0.429963	15.3651	0.572254	19.9648	0.846256	30.0623	0.178965	7.58373	0.435146	15.1199	0.707297	24.9228	0.842236	29.2314
0.131041	4.49651	0.0433663	1.40924	0.297825	10.1811	0.430796	14.8988	0.573113	19.3654	0.846774	29.117	0.18163	7.40433	0.436166	14.6801	0.70786	24.1498	0.842646	28.3296
0.135158	4.49413	0.0453568	1.43061	0.298946	9.90393	0.43166	14.4627	0.573999	18.8033	0.847307	28.2309	0.184345	7.24003	0.437216	14.268	0.708441	23.4251	0.84307	27.4829
0.139268	4.49163	0.0473593	1.45112	0.300095	9.6443	0.432555	14.054	0.574909	18.2754	0.847857	27.3987	0.187107	7.08912	0.438295	13.8812	0.70904	22.7442	0.843507	26.6867
0.143369	4.48901	0.0493726	1.47083	0.301118	9.43112	0.433481	13.6702	0.575845	17.7786	0.848423	26.6157	0.189915	6.95016	0.439403	13.5174	0.709656	22.1033	0.843958	25.9364
0.147461	4.48627	0.0513958	1.48975	0.302008	9.25828	0.434438	13.3094	0.576807	17.3103	0.849006	25.8776	0.192765	6.82187	0.440539	13.1747	0.710289	21.4992	0.844422	25.2283
0.151544	4.4834	0.0534279	1.50793	0.302754	9.12113	0.435426	12.9694	0.577793	16.8683	0.849605	25.1808	0.195656	6.70315	0.441704	12.8515	0.710939	20.9286	0.8449	24.559
0.155617	4.4804	0.0552053	1.52319	0.303352	9.01621	0.436446	12.6488	0.578804	16.4503	0.85022	24.5218	0.198585	6.59306	0.442897	12.5461	0.711607	20.3891	0.845392	23.9253
0.15968	4.47727	0.056725	1.53579	0.303795	8.94097	0.437498	12.3459	0.57984	16.0547	0.850851	23.8979	0.201551	6.49075	0.444118	12.2572	0.712291	19.8781	0.845898	23.3246
0.163731	4.47399	0.0579846	1.54594	0.304081	8.89363	0.438581	12.0594	0.580901	15.6795	0.851499	23.3062	0.204551	6.39548	0.445367	11.9835	0.712993	19.3934	0.846417	22.7544
0.167771	4.47055	0.0589822	1.55379	0.304494	8.82668	0.439697	11.7881	0.581985	15.3235	0.852162	22.7443	0.207585	6.3066	0.446642	11.7239	0.713711	18.9331	0.846951	22.2124
0.171798	4.46696	0.0597167	1.55947	0.304946	8.75534	0.440846	11.5309	0.583094	14.9851	0.852842	22.2102	0.210649	6.22354	0.447945	11.4774	0.714447	18.4955	0.847498	21.6966
0.175812	4.46321	0.0601872	1.56306	0.305567	8.66063	0.442027	11.2867	0.584227	14.6631	0.853537	21.7017	0.213743	6.14579	0.449275	11.2431	0.715199	18.0789	0.84806	21.2052
0.179812	4.45928	0.060864	1.56817	0.30636	8.54452	0.443241	11.0547	0.585384	14.3564	0.854249	21.2172	0.216866	6.07288	0.450631	11.0201	0.715968	17.6819	0.848635	20.7365
0.183797	4.45518	0.0616004	1.57365	0.307333	8.40932	0.444488	10.8341	0.586564	14.064	0.854976	20.755	0.220015	6.00441	0.452013	10.8076	0.716754	17.3032	0.849225	20.289
0.187767	4.45089	0.0626029	1.58099	0.308493	8.25761	0.445768	10.624	0.587768	13.7849	0.85572	20.3136	0.22319	5.94002	0.453421	10.6051	0.717556	16.9415	0.849829	19.8613
0.191721	4.4464	0.0638725	1.59007	0.309848	8.09208	0.447081	10.4239	0.588995	13.5183	0.856479	19.8917	0.226389	5.87938	0.454854	10.4117	0.718374	16.5958	0.850447	19.4522
0.195657	4.44171	0.0654103	1.60077	0.31123	7.93507	0.448428	10.233	0.590245	13.2634	0.857254	19.488	0.229611	5.82219	0.456313	10.227	0.719209	16.265	0.85108	19.0605
0.199574	4.4368	0.0672174	1.61294	0.312637	7.786	0.449808	10.0508	0.591518	13.0194	0.858044	19.1014	0.232856	5.76818	0.457797	10.0504	0.720061	15.9482	0.851727	18.6851
0.203472	4.43166	0.0692947	1.62643	0.31407	7.64432	0.451222	9.87675	0.592814	12.7857	0.85885	18.7308	0.236121	5.71712	0.459305	9.88138	0.720928	15.6446	0.852388	18.325
0.207349	4.42629	0.0713756	1.63942	0.315529	7.50954	0.452669	9.7104	0.594132	12.5617	0.859672	18.3754	0.239406	5.66878	0.460838	9.71954	0.721812	15.3533	0.853064	17.9794
0.211205	4.42068	0.0734598	1.65194	0.317014	7.38121	0.453958	9.57135	0.595473	12.3469	0.86051	18.0341	0.24271	5.62297	0.462193	9.58401	0.722712	15.0737	0.853754	17.6475
0.215037	4.4148	0.0755468	1.66401	0.318526	7.25894	0.455077	9.45694	0.596835	12.1406	0.861362	17.7063	0.246032	5.5795	0.463363	9.47232	0.723628	14.8051	0.854459	17.3283
0.218845	4.40865	0.0776363	1.67565	0.320064	7.14235	0.456016	9.36507	0.59822	11.9424	0.862231	17.391	0.249372	5.53821	0.464341	9.38252	0.72456	14.5469	0.855179	17.0213
0.222143	4.40306	0.079728	1.68687	0.321629	7.03109	0.456768	9.29414	0.599627	11.7519	0.863114	17.0877	0.252727	5.49895	0.465119	9.31311	0.725507	14.2985	0.855913	16.7257
0.224938	4.39812	0.0818217	1.6977	0.323222	6.92487	0.457326	9.24291	0.601055	11.5687	0.864013	16.7957	0.256098	5.46158	0.465696	9.26293	0.726471	14.0593	0.856662	16.441
0.227237	4.39391	0.0839172	1.70816	0.324843	6.82339	0.457685	9.21053	0.602505	11.3923	0.864928	16.5144	0.259484	5.42597	0.466066	9.23119	0.72745	13.8289	0.857426	16.1666
0.229047	4.39049	0.0860141	1.71826	0.326492	6.7264	0.458205	9.16452	0.603976	11.2224	0.865857	16.2432	0.262884	5.39201	0.466601	9.18608	0.728444	13.6068	0.858205	15.902
0.230374	4.38793	0.0881123	1.72801	0.328171	6.63365	0.458774	9.11524	0.605468	11.0587	0.866802	15.9816	0.266296	5.35959	0.467184	9.13772	0.729454	13.3926	0.858999	15.6466
0.231221	4.38628	0.0902116	1.73743	0.32988	6.54492	0.459554	9.04938	0.60698	10.9008	0.867761	15.7291	0.269722	5.32862	0.467983	9.07303	0.73048	13.1859	0.859808	15.3999
0.232435	4.38386	0.0923119	1.74654	0.331619	6.46002	0.460553	8.96798	0.608514	10.7485	0.868736	15.4852	0.273159	5.29899	0.469001	8.99298	0.73152	12.9863	0.860632	15.1617
0.233752	4.38119	0.0944129	1.75535	0.333391	6.37876	0.461778	8.87225	0.610068	10.6015	0.869725	15.2496	0.276608	5.27062	0.470243	8.8987	0.732576	12.7934	0.861471	14.9314
0.235536	4.3775	0.0965146	1.76387	0.335195	6.30097	0.463238	8.7636	0.611643	10.4595	0.87073	15.0218	0.280067	5.24345	0.471716	8.79151	0.733648	12.607	0.862326	14.7087
0.237781	4.37271	0.0986168	1.77212	0.337034	6.22648	0.464945	8.64355	0.613237	10.3223	0.871749	14.8015	0.283536	5.21739	0.473428	8.6728	0.734734	12.4267	0.863196	14.4932
0.240478	4.36674	0.100719	1.7801	0.338908	6.15516	0.466686	8.5282	0.614852	10.1897	0.872783	14.5883	0.287014	5.19238	0.475161	8.55848	0.735835	12.2523	0.864081	14.2846
0.243618	4.35948	0.102822	1.78783	0.340819	6.08687	0.468461	8.41732	0.616486	10.0614	0.873832	14.3818	0.290502	5.16835	0.476916	8.44831	0.736951	12.0834	0.864981	14.0826
0.247186	4.3508	0.104926	1.79531	0.342768	6.02149	0.470268	8.31067	0.61814	9.93729	0.874896	14.1819	0.293997	5.14526	0.478692	8.3421	0.738082	11.9198	0.865897	13.8868
0.250716	4.34173	0.107029	1.80256	0.344757	5.95889	0.472109	8.20806	0.619598	9.83239	0.875974	13.9881	0.297501	5.12304	0.48049	8.23964	0.739228	11.7614	0.866828	13.6971
0.254205	4.33225	0.109132	1.80959	0.346787	5.89897	0.473983	8.10928	0.620851	9.74525	0.877066	13.8002	0.301011	5.10164	0.482308	8.14075	0.740388	11.6078	0.867775	13.5131
0.257652	4.32236	0.111236	1.81641	0.348859	5.84164	0.47589	8.01416	0.621896	9.67474	0.878173	13.618	0.304529	5.08102	0.484147	8.04527	0.741563	11.4588	0.868738	13.3347
0.261055	4.31204	0.113339	1.82302	0.350975	5.7868	0.477829	7.92251	0.622728	9.61994	0.879294	13.4412	0.308052	5.06113	0.486006	7.95304	0.742752	11.3143	0.869716	13.1615
0.264411	4.30128	0.115442	1.82943	0.353137	5.73436	0.479801	7.83419	0.623342	9.58019	0.88043	13.2696	0.311582	5.04194	0.487886	7.8639	0.743956	11.174	0.87071	12.9933
0.267719	4.29008	0.117545	1.83566	0.355347	5.68424	0.481805	7.74903	0.623736	9.55497	0.88158	13.1029	0.315116	5.0234	0.489785	7.77771	0.745174	11.0379	0.87172	12.83
0.270977	4.27842	0.119648	1.8417	0.357605	5.63636	0.483842	7.66689	0.624305	9.51904	0.882744	12.941	0.318656	5.00548	0.491704	7.69434	0.746406	10.9056	0.872746	12.6713
0.274184	4.26629	0.121751	1.84757	0.359913	5.59065	0.485909	7.58763	0.624925	9.4804	0.883922	12.7837	0.322199	4.98814	0.493642	7.61367	0.747653	10.7771	0.873788	12.5171
0.277338	4.2537	0.123853	1.85327	0.362273	5.54702	0.488009	7.51114	0.625772	9.42853	0.885114	12.6307	0.325747	4.97136	0.495599	7.53558	0.748913	10.6522	0.874845	12.3672
0.280438	4.24064	0.125955	1.85881	0.364686	5.50543	0.490139	7.43727	0.62685	9.36402	0.88632	12.482	0.329298	4.9551	0.497576	7.45995	0.750188	10.5308	0.875919	12.2214
0.283482	4.22711	0.128057	1.86419	0.367152	5.46578	0.4923	7.36593	0.628163	9.28761	0.88754	12.3373	0.332852	4.93933	0.499571	7.38668	0.751476	10.4127	0.877009	12.0796
0.286468	4.21312	0.130158	1.86943	0.369673	5.42803	0.494492	7.297	0.629717	9.20014	0.888774	12.1965	0.336409	4.92403	0.501585	7.31567	0.752779	10.2978	0.878115	11.9416
0.289398	4.19866	0.132259	1.87452	0.37225	5.39209	0.496714	7.23038	0.631516	9.10252	0.890022	12.0594	0.339968	4.90918	0.503616	7.24683	0.754095	10.186	0.879237	11.8073
0.292268	4.18376	0.134359	1.87947	0.374883	5.35792	0.498966	7.16598	0.633334	9.00776	0.891283	11.9259	0.343529	4.89474	0.505666	7.18006	0.755253	10.091	0.880375	11.6764
0.29508	4.16842	0.136459	1.88429	0.377571	5.32543	0.501247	7.10369	0.63517	8.91572	0.892558	11.7959	0.347091	4.8807	0.507734	7.11529	0.756249	10.0117	0.881529	11.549
0.297833	4.15265	0.138559	1.88898	0.380316	5.29457	0.503557	7.04343	0.637024	8.82631	0.893846	11.6693	0.350654	4.86704	0.50982	7.05244	0.757077	9.94729	0.8827	11.4249
0.300527	4.13647	0.140659	1.89355	0.383118	5.26528	0.505896	6.98512	0.638895	8.73943	0.895148	11.5458	0.354217	4.85373	0.511923	6.99142	0.757736	9.8971	0.883888	11.304
0.303162	4.11991	0.142757	1.898	0.385975	5.23748	0.508264	6.92867	0.640784	8.65496	0.896463	11.4255	0.357781	4.84076	0.514043	6.93217	0.758223	9.8606	0.885091	11.1861
0.305739	4.10298	0.144856	1.90233	0.388887	5.21111	0.510659	6.87402	0.64269	8.57283	0.897792	11.3082	0.361344	4.82811	0.516181	6.87462	0.758535	9.83742	0.886311	11.0711
0.308258	4.08571	0.146954	1.90656	0.391853	5.18611	0.513082	6.82109	0.644614	8.49294	0.899134	11.1937	0.364907	4.81577	0.518335	6.81871	0.758986	9.80433	0.887548	10.9591
0.310722	4.06812	0.149051	1.91067	0.394872	5.16241	0.515533	6.76981	0.646555	8.41521	0.900489	11.082	0.368469	4.80371	0.520506	6.76436	0.759476	9.76869	0.888801	10.8497
0.31313	4.05024	0.151148	1.91469	0.397943	5.13995	0.51801	6.72012	0.648512	8.33956	0.901857	10.9731	0.372029	4.79192	0.522694	6.71153	0.760147	9.72073	0.890071	10.743
0.315484	4.0321	0.153245	1.9186	0.401064	5.11867	0.520513	6.67196	0.650487	8.26591	0.903239	10.8667	0.375588	4.78038	0.524899	6.66016	0.761	9.66093	0.891357	10.6389
0.317786	4.01374	0.155341	1.92242	0.404234	5.0985	0.523043	6.62526	0.652478	8.1942	0.904633	10.7628	0.379144	4.76909	0.52712	6.6102	0.762037	9.58984	0.89266	10.5373
0.320038	3.99516	0.157437	1.92615	0.407452	5.07939	0.525598	6.57997	0.654486	8.12436	0.90604	10.6614	0.382697	4.75803	0.529357	6.56159	0.763264	9.50813	0.89398	10.4381
0.322241	3.97641	0.159532	1.92979	0.410714	5.06128	0.528179	6.53604	0.65651	8.05631	0.90746	10.5623	0.386248	4.74719	0.53161	6.51428	0.764684	9.41653	0.895143	10.3535
0.324397	3.95752	0.161627	1.93334	0.41402	5.0441	0.530784	6.49341	0.65855	7.98999	0.908892	10.4655	0.389795	4.73655	0.533879	6.46824	0.766118	9.32717	0.896145	10.2828
0.326509	3.93851	0.163721	1.9368	0.417367	5.02781	0.533413	6.45204	0.660607	7.92536	0.910151	10.3829	0.393339	4.7261	0.536164	6.42342	0.767564	9.23997	0.896981	10.2252
0.328577	3.91941	0.165815	1.94019	0.420754	5.01235	0.536067	6.41188	0.662679	7.86234	0.911232	10.3138	0.396878	4.71583	0.538465	6.37978	0.769024	9.15486	0.897646	10.1803
0.330604	3.90025	0.167909	1.9435	0.424178	4.99768	0.538744	6.37288	0.664767	7.80088	0.912131	10.2575	0.400413	4.70574	0.540782	6.33727	0.770496	9.07177	0.898137	10.1476
0.332592	3.88104	0.170002	1.94673	0.427638	4.98373	0.541444	6.335	0.666872	7.74094	0.912845	10.2136	0.403943	4.6958	0.543114	6.29586	0.771982	8.99064	0.898453	10.1268
0.334543	3.86183	0.172094	1.94989	0.431131	4.97047	0.544167	6.29821	0.668991	7.68246	0.913372	10.1816	0.407467	4.68602	0.545462	6.25552	0.773481	8.9114	0.898908	10.097
0.336459	3.84262	0.174186	1.95298	0.434656	4.95785	0.546913	6.26245	0.671126	7.62539	0.91371	10.1612	0.410986	4.67638	0.547825	6.2162	0.774992	8.83399	0.899406	10.065
0.338342	3.82343	0.176278	1.956	0.43821	4.94584	0.54968	6.2277	0.673277	7.5697	0.914197	10.1321	0.414498	4.66687	0.550204	6.17788	0.776517	8.75835	0.900085	10.0219
0.340193	3.8043	0.178369	1.95895	0.441793	4.93438	0.552469	6.19392	0.675443	7.51532	0.914728	10.1008	0.418004	4.65749	0.552598	6.14052	0.778054	8.68443	0.90095	9.96797
0.342015	3.78523	0.18046	1.96184	0.445401	4.92345	0.555279	6.16106	0.677624	7.46223	0.915453	10.0585	0.421504	4.64823	0.555008	6.1041	0.779604	8.61217	0.902004	9.9038
0.343809	3.76625	0.182551	1.96467	0.449034	4.91301	0.55811	6.12911	0.67982	7.41039	0.916373	10.0057	0.424995	4.63907	0.557433	6.06859	0.781167	8.54152	0.903253	9.82988
0.345576	3.74736	0.184641	1.96743	0.45269	4.90303	0.560961	6.09803	0.682031	7.35974	0.917493	9.94278	0.428479	4.63001	0.559873	6.03395	0.782742	8.47243	0.904702	9.74682
0.347319	3.72859	0.186731	1.97014	0.456366	4.89347	0.563833	6.06779	0.684257	7.31027	0.918815	9.87026	0.431955	4.62105	0.562328	6.00016	0.78433	8.40486	0.906168	9.66559
0.349038	3.70994	0.18882	1.97279	0.460063	4.88431	0.566724	6.03836	0.686498	7.26192	0.920343	9.78871	0.435423	4.61217	0.564798	5.9672	0.785931	8.33876	0.90765	9.58614
0.350736	3.69143	0.190909	1.97539	0.463778	4.87552	0.569634	6.00971	0.688753	7.21467	0.921884	9.70888	0.438881	4.60338	0.567284	5.93504	0.787544	8.27409	0.90915	9.50841
0.352413	3.67307	0.192998	1.97793	0.467509	4.86708	0.572563	5.98182	0.691023	7.16849	0.923436	9.63074	0.442331	4.59466	0.569785	5.90366	0.78917	8.2108	0.910666	9.43236
0.354071	3.65486	0.195086	1.98042	0.471256	4.85896	0.575511	5.95466	0.693307	7.12334	0.925001	9.55422	0.44577	4.586	0.572301	5.87303	0.790808	8.14885	0.912199	9.35794
0.355712	3.63681	0.197174	1.98287	0.475017	4.85114	0.578478	5.9282	0.695606	7.07919	0.926578	9.47928	0.449199	4.57741	0.574833	5.84314	0.792459	8.08821	0.913749	9.28509
0.357335	3.61894	0.199261	1.98526	0.478792	4.84359	0.581462	5.90242	0.697919	7.03601	0.928166	9.40588	0.452618	4.56887	0.577379	5.81397	0.794123	8.02884	0.915316	9.21378
0.358943	3.60125	0.201348	1.9876	0.482578	4.83631	0.584464	5.87731	0.700246	6.99378	0.929766	9.33396	0.456026	4.56038	0.579941	5.78549	0.795798	7.9707	0.9169	9.14397
0.360537	3.58373	0.203435	1.9899	0.486375	4.82927	0.587483	5.85283	0.702587	6.95247	0.931378	9.2635	0.459423	4.55193	0.582518	5.75768	0.797487	7.91376	0.918501	9.07561
0.362117	3.56641	0.205522	1.99215	0.490182	4.82246	0.590519	5.82898	0.704942	6.91205	0.933001	9.19444	0.462807	4.54352	0.585111	5.73053	0.799187	7.85798	0.920118	9.00866
0.363684	3.54928	0.207608	1.99436	0.493997	4.81585	0.593571	5.80571	0.707312	6.8725	0.934636	9.12676	0.46618	4.53515	0.587719	5.70403	0.8009	7.80334	0.921753	8.94308
0.36524	3.53234	0.209694	1.99653	0.49782	4.80944	0.59664	5.78303	0.709695	6.83379	0.936283	9.0604	0.46954	4.52681	0.590342	5.67814	0.802625	7.7498	0.923404	8.87884
0.366784	3.5156	0.211779	1.99866	0.501651	4.80321	0.599725	5.76091	0.712092	6.7959	0.93794	8.99534	0.472887	4.51849	0.592981	5.65286	0.804363	7.69733	0.925073	8.81591
0.368319	3.49906	0.213864	2.00075	0.505487	4.79715	0.602826	5.73933	0.714502	6.75881	0.93961	8.93154	0.476221	4.51019	0.595635	5.62818	0.806113	7.6459	0.926758	8.75424
0.369844	3.48272	0.215949	2.00279	0.509329	4.79125	0.605943	5.71828	0.716927	6.7225	0.94129	8.86897	0.47954	4.50191	0.598305	5.60407	0.807875	7.5955	0.928459	8.6938
0.37136	3.46659	0.218034	2.0048	0.513176	4.78549	0.609074	5.69773	0.719365	6.68694	0.942982	8.80759	0.482846	4.49364	0.60099	5.58052	0.809649	7.54608	0.930178	8.63456
0.372869	3.45066	0.220118	2.00678	0.517026	4.77986	0.612221	5.67768	0.721817	6.65211	0.944685	8.74738	0.486138	4.48538	0.603691	5.55752	0.811436	7.49762	0.931913	8.5765
0.374369	3.43493	0.222202	2.00871	0.520879	4.77436	0.615382	5.65811	0.724282	6.61801	0.946398	8.68829	0.489414	4.47712	0.606407	5.53505	0.813235	7.45011	0.933665	8.51957
0.375864	3.41941	0.224286	2.01062	0.524734	4.76898	0.618557	5.639	0.72676	6.5846	0.948123	8.63031	0.492675	4.46887	0.609139	5.51311	0.815046	7.40351	0.935434	8.46375
0.377351	3.40409	0.226369	2.01249	0.528592	4.7637	0.621747	5.62034	0.729252	6.55187	0.949859	8.5734	0.495921	4.46061	0.611887	5.49167	0.81687	7.35781	0.93722	8.40902
0.378833	3.38897	0.228453	2.01432	0.53245	4.75851	0.624951	5.60212	0.731758	6.51981	0.951606	8.51754	0.49915	4.45235	0.614651	5.47073	0.818705	7.31297	0.939022	8.35535
0.38031	3.37406	0.230536	2.01612	0.536309	4.75342	0.628168	5.58432	0.734277	6.48839	0.953363	8.46269	0.502364	4.44408	0.617431	5.45027	0.820553	7.26898	0.940841	8.3027
0.381782	3.35935	0.232618	2.0179	0.540168	4.74841	0.631399	5.56693	0.736809	6.4576	0.955131	8.40884	0.50556	4.43579	0.620226	5.43029	0.822413	7.22582	0.942676	8.25105
0.38325	3.34485	0.234701	2.01964	0.544026	4.74348	0.634643	5.54995	0.739354	6.42742	0.95691	8.35596	0.50874	4.4275	0.623038	5.41076	0.824286	7.18347	0.944528	8.20039
0.384713	3.33054	0.236783	2.02135	0.547883	4.73861	0.6379	5.53334	0.741913	6.39785	0.958699	8.30403	0.511902	4.41919	0.625865	5.39169	0.82617	7.1419	0.946396	8.15068
0.386173	3.31643	0.238865	2.02303	0.551739	4.73381	0.64117	5.51712	0.744485	6.36885	0.960499	8.25302	0.515047	4.41086	0.628708	5.37306	0.828067	7.1011	0.948281	8.1019
0.38763	3.30251	0.240946	2.02468	0.555592	4.72907	0.644452	5.50126	0.74707	6.34043	0.96231	8.2029	0.518174	4.40251	0.631567	5.35485	0.829976	7.06106	0.950182	8.05403
0.389084	3.28879	0.243028	2.02631	0.559442	4.72438	0.647747	5.48576	0.749668	6.31257	0.96413	8.15367	0.521283	4.39414	0.634442	5.33707	0.831897	7.02174	0.9521	8.00705
0.390535	3.27527	0.245109	2.02791	0.563289	4.71973	0.651054	5.4706	0.752279	6.28525	0.965961	8.10529	0.524373	4.38574	0.637333	5.31969	0.83383	6.98314	0.954033	7.96094
0.391985	3.26194	0.24719	2.02948	0.567133	4.71513	0.654373	5.45578	0.754903	6.25845	0.967803	8.05775	0.527444	4.37732	0.640239	5.30272	0.835775	6.94524	0.955983	7.91567
0.393432	3.24879	0.249271	2.03103	0.570972	4.71056	0.657705	5.44128	0.757541	6.23218	0.969654	8.01102	0.530497	4.36888	0.643162	5.28613	0.837733	6.90803	0.95795	7.87123
0.394878	3.23583	0.251351	2.03255	0.574807	4.70602	0.661047	5.42711	0.760191	6.20642	0.971516	7.96509	0.533531	4.3604	0.646101	5.26993	0.839703	6.87148	0.959932	7.82759
0.396322	3.22306	0.253431	2.03405	0.578637	4.70151	0.664401	5.41324	0.762855	6.18115	0.973388	7.91994	0.536545	4.3519	0.649055	5.2541	0.841684	6.83558	0.96193	7.78474
0.397765	3.21047	0.255512	2.03552	0.582461	4.69703	0.667767	5.39967	0.765532	6.15636	0.97527	7.87555	0.539539	4.34336	0.652025	5.23863	0.843678	6.80032	0.963945	7.74266
0.399207	3.19806	0.257591	2.03697	0.58628	4.69257	0.671144	5.38639	0.768222	6.13204	0.977161	7.8319	0.542514	4.3348	0.65501	5.22351	0.845685	6.76568	0.965975	7.70134
0.400649	3.18583	0.259671	2.0384	0.590092	4.68812	0.674531	5.3734	0.770924	6.10819	0.979063	7.78898	0.545469	4.3262	0.658011	5.20875	0.847703	6.73165	0.968021	7.66075
0.40209	3.17378	0.261751	2.03981	0.593898	4.68369	0.67793	5.36069	0.77364	6.08479	0.980974	7.74676	0.548404	4.31758	0.661028	5.19431	0.849733	6.69822	0.970083	7.62088
0.40353	3.1619	0.26383	2.04119	0.597696	4.67926	0.681339	5.34825	0.776369	6.06184	0.982896	7.70524	0.551319	4.30892	0.664059	5.18021	0.851776	6.66537	0.972161	7.58171
0.404971	3.15019	0.265909	2.04255	0.601488	4.67484	0.684759	5.33606	0.779111	6.03931	0.984826	7.6644	0.554214	4.30023	0.667107	5.16643	0.853831	6.63308	0.974255	7.54322
0.406412	3.13865	0.267988	2.04389	0.605271	4.67043	0.688189	5.32414	0.781866	6.01721	0.986767	7.62422	0.557088	4.29151	0.670168	5.15297	0.855898	6.60136	0.976364	7.50541
0.407853	3.12728	0.270067	2.04521	0.609046	4.66602	0.69163	5.31247	0.784635	5.99553	0.988717	7.58469	0.559942	4.28276	0.673245	5.1398	0.857977	6.57018	0.978488	7.46825
0.409294	3.11607	0.272145	2.04652	0.612813	4.6616	0.69508	5.30103	0.787416	5.97425	0.990677	7.54579	0.562776	4.27397	0.676337	5.12694	0.860068	6.53954	0.980628	7.43174
0.410736	3.10502	0.274224	2.0478	0.616571	4.65718	0.698541	5.28984	0.79021	5.95336	0.992646	7.50751	0.565589	4.26516	0.679443	5.11436	0.862171	6.50942	0.982784	7.39585
0.412179	3.09414	0.276302	2.04906	0.62032	4.65275	0.702012	5.27888	0.793018	5.93287	0.994625	7.46984	0.568382	4.25632	0.682564	5.10207	0.864286	6.47981	0.984955	7.36058
0.413623	3.08341	0.27838	2.0503	0.624059	4.64832	0.705492	5.26814	0.795838	5.91276	0.996613	7.43276	0.571154	4.24744	0.685699	5.09005	0.866414	6.4507	0.98714	7.32591
0.415067	3.07283	0.280458	2.05153	0.627789	4.64387	0.708982	5.25762	0.798672	5.89302	0.99861	7.39626	0.573906	4.23854	0.688847	5.0783	0.868553	6.42208	0.989342	7.29183
0.416513	3.06241	0.282535	2.05274	0.631508	4.63941	0.712481	5.24731	0.801519	5.87365	1.00062	7.36033	0.576638	4.22961	0.692009	5.06682	0.870705	6.39394	0.991558	7.25832
0.41796	3.05214	0.284613	2.05393	0.635217	4.63493	0.715989	5.23721	0.804379	5.85464			0.579349	4.22065	0.695185	5.05558	0.872868	6.36627	0.993789	7.22537
0.419408	3.04202	0.28669	2.0551	0.638915	4.63043	0.719507	5.22732	0.807253	5.83597			0.58204	4.21167	0.698374	5.04459	0.875044	6.33906	0.996035	7.19298
0.420857	3.03204	0.288768	2.05626	0.642602	4.62592	0.723034	5.21762	0.81014	5.81766			0.584711	4.20266	0.701576	5.03384	0.877232	6.31231	0.998296	7.16112
0.422309	3.02221	0.290845	2.0574	0.646278	4.62138	0.726569	5.20812	0.813039	5.79968			0.587362	4.19363	0.704791	5.02333	0.879431	6.28599	1.00057	7.1298
0.423761	3.01252	0.292922	2.05853	0.649942	4.61683	0.730114	5.19881	0.815953	5.78203			0.589993	4.18458	0.708017	5.01304	0.881643	6.26011		
0.425215	3.00297	0.294998	2.05963	0.653594	4.61224	0.733667	5.18968	0.818879	5.76471			0.592604	4.17551	0.711256	5.00297	0.883867	6.23465		
0.426672	2.99356	0.297075	2.06073	0.657234	4.60764	0.737228	5.18073	0.821819	5.74771			0.595195	4.16641	0.714507	4.99311	0.886103	6.20962		
0.428129	2.98428	0.299151	2.06181	0.660862	4.603	0.740798	5.17195	0.824773	5.73102			0.597767	4.1573	0.717769	4.98346	0.88835	6.18498		
0.429589	2.97513	0.301228	2.06287	0.664477	4.59834	0.744376	5.16335	0.827739	5.71464			0.600319	4.14818	0.721043	4.97401	0.89061	6.16075		
0.431051	2.96612	0.303304	2.06392	0.668079	4.59365	0.747962	5.15491	0.83072	5.69856			0.602853	4.13903	0.724327	4.96476	0.892881	6.13691		
0.432515	2.95723	0.30538	2.06496	0.671668	4.58893	0.751556	5.14663	0.833713	5.68278			0.605367	4.12988	0.727622	4.95569	0.895165	6.11346		
0.433981	2.94847	0.307456	2.06598	0.675243	4.58418	0.755158	5.13851	0.836721	5.66728			0.607862	4.12071	0.730926	4.94681	0.89746	6.09038		
0.435449	2.93984	0.309532	2.06698	0.678805	4.5794	0.758767	5.13054	0.839741	5.65208			0.610339	4.11154	0.734241	4.93811	0.899767	6.06768		
0.436919	2.93132	0.311607	2.06798	0.682354	4.57458	0.762384	5.12273	0.842776	5.63715			0.612798	4.10235	0.737565	4.92957	0.902087	6.04533		
0.438392	2.92293	0.313683	2.06896	0.685888	4.56973	0.766008	5.11506	0.845824	5.6225			0.615238	4.09316	0.740899	4.92121	0.904417	6.02335		
0.439867	2.91466	0.315758	2.06993	0.689408	4.56485	0.769639	5.10753	0.848885	5.60812			0.617661	4.08396	0.744241	4.913	0.90676	6.00171		
0.441344	2.9065	0.317834	2.07089	0.692914	4.55993	0.773278	5.10014	0.851961	5.594			0.620065	4.07476	0.747591	4.90495	0.909115	5.98041		
0.442823	2.89846	0.319909	2.07183	0.696406	4.55498	0.776922	5.09288	0.85505	5.58015			0.622452	4.06555	0.75095	4.89705	0.911481	5.95945		
0.444305	2.89054	0.321984	2.07276	0.699883	4.55	0.780574	5.08576	0.858152	5.56655			0.624822	4.05634	0.754316	4.8893	0.913859	5.93882		
0.44579	2.88272	0.324059	2.07368	0.703345	4.54497	0.784232	5.07876	0.861269	5.5532			0.627175	4.04714	0.75769	4.88169	0.916248	5.91852		
0.447277	2.87501	0.326133	2.07459	0.706792	4.53992	0.787896	5.07189	0.864399	5.5401			0.629511	4.03794	0.761071	4.87421	0.91865	5.89853		
0.448766	2.86741	0.328208	2.07549	0.710224	4.53482	0.791566	5.06513	0.867543	5.52725			0.631831	4.02874	0.764458	4.86686	0.921063	5.87885		
0.450258	2.85992	0.330283	2.07637	0.713641	4.52969	0.795242	5.0585	0.870701	5.51464			0.634134	4.01955	0.767852	4.85964	0.923487	5.85948		
0.451752	2.85253	0.332357	2.07725	0.717043	4.52453	0.798924	5.05198	0.873873	5.50226			0.636421	4.01036	0.771251	4.85255	0.925923	5.84041		
0.45325	2.84525	0.334432	2.07811	0.720429	4.51933	0.802611	5.04557	0.877059	5.49011			0.638693	4.00118	0.774656	4.84557	0.928371	5.82164		
0.454749	2.83806	0.336506	2.07896	0.7238	4.51409	0.806303	5.03926	0.880258	5.47819			0.640948	3.99201	0.778067	4.8387	0.93083	5.80316		
0.456252	2.83098	0.33858	2.07981	0.727155	4.50882	0.81	5.03306	0.883472	5.46649			0.643189	3.98286	0.781482	4.83194	0.933301	5.78496		
0.457757	2.82399	0.340654	2.08064	0.730495	4.50351	0.813702	5.02696	0.886699	5.45501			0.645414	3.97371	0.784902	4.82529	0.935783	5.76704		
0.459264	2.8171	0.342728	2.08146	0.733819	4.49817	0.817409	5.02096	0.889941	5.44375			0.647625	3.96458	0.788327	4.81874	0.938277	5.74939		
0.460775	2.81031	0.344802	2.08227	0.737128	4.49279	0.82112	5.01506	0.893196	5.4327			0.649821	3.95547	0.791754	4.81229	0.940782	5.73202		
0.462288	2.8036	0.346875	2.08308	0.74042	4.48737	0.824835	5.00924	0.896466	5.42186			0.652003	3.94637	0.795186	4.80593	0.943298	5.71491		
0.463804	2.79699	0.348949	2.08387	0.743697	4.48193	0.828554	5.00352	0.899749	5.41123			0.654171	3.93728	0.798621	4.79966	0.945826	5.69806		
0.465322	2.79047	0.351023	2.08465	0.746959	4.47645	0.832277	4.99788	0.903046	5.4008			0.656325	3.92822	0.802058	4.79348	0.948365	5.68147		
0.466844	2.78404	0.353096	2.08543	0.750204	4.47093	0.836003	4.99232	0.906358	5.39057			0.658466	3.91918	0.805498	4.78738	0.950915	5.66512		
0.468368	2.77769	0.355169	2.08619	0.753433	4.46538	0.839732	4.98684	0.909683	5.38053			0.660593	3.91016	0.808941	4.78136	0.953477	5.64903		
0.469894	2.77143	0.357243	2.08695	0.756647	4.4598	0.843464	4.98145	0.913023	5.37068			0.662707	3.90116	0.812385	4.77542	0.956049	5.63318		
0.471424	2.76526	0.359316	2.0877	0.759845	4.45419	0.847199	4.97612	0.916376	5.36103			0.664809	3.89218	0.81583	4.76956	0.958633	5.61756		
0.472956	2.75917	0.361389	2.08844	0.763027	4.44855	0.850937	4.97087	0.919743	5.35156			0.666898	3.88323	0.819277	4.76376	0.961228	5.60218		
0.474491	2.75316	0.363462	2.08917	0.766194	4.44288	0.854676	4.96569	0.923125	5.34227			0.668974	3.8743	0.822725	4.75803	0.963834	5.58703		
0.476029	2.74723	0.365535	2.08989	0.769344	4.43717	0.858418	4.96058	0.92652	5.33316			0.671039	3.8654	0.826173	4.75237	0.966451	5.57211		
0.47757	2.74138	0.367608	2.09061	0.772479	4.43144	0.862161	4.95553	0.929929	5.32423			0.673091	3.85652	0.829622	4.74677	0.96908	5.55741		
0.479113	2.73561	0.36968	2.09131	0.775598	4.42568	0.865906	4.95054	0.933352	5.31548			0.675132	3.84768	0.833071	4.74122	0.971719	5.54293		
0.480659	2.72992	0.371753	2.09201	0.778702	4.41989	0.869652	4.94562	0.936789	5.30689			0.677161	3.83886	0.836519	4.73574	0.974369	5.52867		
0.482208	2.7243	0.373826	2.0927	0.78179	4.41408	0.873399	4.94075	0.940239	5.29847			0.67918	3.83007	0.839967	4.7303	0.97703	5.51461		
0.48376	2.71875	0.375898	2.09339	0.784862	4.40823	0.877147	4.93593	0.943704	5.29022			0.681187	3.82132	0.843413	4.72492	0.979703	5.50077		
0.485314	2.71328	0.37797	2.09406	0.787919	4.40237	0.880895	4.93117	0.947182	5.28213			0.683184	3.81259	0.846859	4.71959	0.982386	5.48713		
0.486871	2.70788	0.380043	2.09473	0.790961	4.39647	0.884644	4.92646	0.950674	5.2742			0.68517	3.80389	0.850303	4.71431	0.985079	5.47369		
0.488431	2.70255	0.382115	2.09539	0.793987	4.39056	0.888393	4.9218	0.95418	5.26643			0.687145	3.79523	0.853745	4.70907	0.987784	5.46045		
0.489994	2.6973	0.384187	2.09605	0.796998	4.38462	0.892141	4.91719	0.957699	5.25881			0.689111	3.7866	0.857186	4.70387	0.990499	5.4474		
0.49156	2.69211	0.386259	2.09669	0.799994	4.37866	0.895889	4.91262	0.961232	5.25134			0.691067	3.77801	0.860624	4.69871	0.993225	5.43455		
0.493128	2.68698	0.388331	2.09733	0.802975	4.37267	0.899636	4.90809	0.964778	5.24402			0.693013	3.76945	0.864059	4.69359	0.995962	5.42188		
0.494699	2.68193	0.390403	2.09797	0.805941	4.36667	0.903383	4.9036	0.968337	5.23685			0.694949	3.76092	0.867491	4.68851	0.99871	5.4094		
0.496272	2.67694	0.392475	2.09859	0.808892	4.36065	0.907128	4.89916	0.97191	5.22982			0.696876	3.75243	0.870921	4.68346	1.00147	5.39711		
0.497849	2.67201	0.394547	2.09921	0.811828	4.3546	0.910872	4.89475	0.975496	5.22293			0.698795	3.74397	0.874347	4.67845				
0.499428	2.66715	0.396618	2.09983	0.814749	4.34854	0.914614	4.89037	0.979096	5.21618			0.700704	3.73556	0.877769	4.67346				
0.50101	2.66235	0.39869	2.10043	0.817656	4.34246	0.918355	4.88604	0.982708	5.20957			0.702604	3.72718	0.881188	4.6685				
0.502594	2.65762	0.400762	2.10103	0.820549	4.33637	0.922094	4.88173	0.986333	5.20309			0.704496	3.71883	0.884602	4.66357				
0.504182	2.65294	0.402833	2.10163	0.823427	4.33026	0.92583	4.87745	0.989971	5.19674			0.70638	3.71053	0.888012	4.65867				
0.505772	2.64832	0.404904	2.10222	0.82629	4.32413	0.929564	4.8732	0.993622	5.19052			0.708255	3.70226	0.891418	4.65379				
0.507364	2.64376	0.406976	2.1028	0.82914	4.31799	0.933296	4.86898	0.997286	5.18442			0.710122	3.69403	0.894818	4.64893				
0.50896	2.63926	0.409047	2.10338	0.831975	4.31183	0.937025	4.86479	1.00096	5.17845			0.711982	3.68584	0.898214	4.64409				
0.510558	2.63482	0.411118	2.10395	0.834797	4.30566	0.940751	4.86062					0.713834	3.67769	0.901604	4.63927				
0.512158	2.63043	0.413189	2.10451	0.837604	4.29948	0.944473	4.85648					0.715678	3.66957	0.904989	4.63447				
0.513761	2.6261	0.415261	2.10507	0.840398	4.29329	0.948193	4.85236					0.717515	3.6615	0.908368	4.62968				
0.515367	2.62182	0.417331	2.10562	0.843178	4.28709	0.951909	4.84826					0.719345	3.65347	0.911741	4.62491				
0.516976	2.6176	0.419402	2.10617	0.845945	4.28088	0.955621	4.84418					0.721168	3.64548	0.915108	4.62015				
0.518587	2.61343	0.421473	2.10672	0.848698	4.27466	0.959329	4.84012					0.722984	3.63753	0.918468	4.61541				
0.520201	2.60931	0.423544	2.10725	0.851439	4.26843	0.963034	4.83608					0.724794	3.62962	0.921822	4.61068				
0.521817	2.60524	0.425615	2.10778	0.854165	4.26219	0.966735	4.83205					0.726597	3.62175	0.925169	4.60596				
0.523436	2.60122	0.427686	2.10831	0.856879	4.25595	0.970431	4.82804					0.728393	3.61392	0.92851	4.60124				
0.525057	2.59725	0.429756	2.10883	0.85958	4.2497	0.974123	4.82405					0.730184	3.60613	0.931843	4.59654				
0.526681	2.59334	0.431827	2.10935	0.862268	4.24344	0.97781	4.82007					0.731968	3.59839	0.935169	4.59184				
0.528307	2.58946	0.433897	2.10986	0.864944	4.23718	0.981493	4.8161					0.733746	3.59068	0.938487	4.58715				
0.529936	2.58564	0.435968	2.11037	0.867606	4.23091	0.985171	4.81215					0.735519	3.58302	0.941798	4.58246				
0.531568	2.58186	0.438038	2.11087	0.870257	4.22464	0.988844	4.80821					0.737286	3.5754	0.945101	4.57778				
0.533202	2.57813	0.440108	2.11137	0.872895	4.21837	0.992512	4.80428					0.739047	3.56782	0.948396	4.57311				
0.534838	2.57445	0.442179	2.11186	0.87552	4.21209	0.996175	4.80036					0.740803	3.56028	0.951683	4.56843				
0.536477	2.57081	0.444249	2.11235	0.878134	4.20581	0.999833	4.79646					0.742553	3.55279	0.954962	4.56376				
0.538119	2.56721	0.446319	2.11283	0.880736	4.19953	1.00349	4.79256					0.744299	3.54534	0.958232	4.55909				
0.539762	2.56366	0.448389	2.11331	0.883325	4.19325							0.746039	3.53793	0.961494	4.55442				
0.541409	2.56015	0.450459	2.11378	0.885903	4.18697							0.747775	3.53056	0.964747	4.54975				
0.543057	2.55668	0.452529	2.11425	0.888469	4.18069							0.749506	3.52323	0.967992	4.54508				
0.544709	2.55326	0.454599	2.11472	0.891024	4.17441							0.751232	3.51595	0.971227	4.54041				
0.546362	2.54987	0.456669	2.11518	0.893567	4.16813							0.752954	3.5087	0.974454	4.53573				
0.548018	2.54653	0.458739	2.11564	0.896099	4.16186							0.754671	3.5015	0.977671	4.53106				
0.549676	2.54322	0.460809	2.11609	0.89862	4.15558							0.756384	3.49435	0.980879	4.52638				
0.551337	2.53995	0.462878	2.11654	0.901129	4.14931							0.758093	3.48723	0.984078	4.5217				
0.552999	2.53673	0.464948	2.11698	0.903628	4.14304							0.759797	3.48016	0.987267	4.51702				
0.554665	2.53354	0.467018	2.11743	0.906115	4.13677							0.761498	3.47312	0.990446	4.51233				
0.556332	2.53039	0.469087	2.11786	0.908592	4.13051							0.763195	3.46614	0.993617	4.50764				
0.558002	2.52727	0.471157	2.1183	0.911058	4.12425							0.764888	3.45919	0.996777	4.50295				
0.559674	2.52419	0.473226	2.11872	0.913513	4.118							0.766577	3.45228	0.999928	4.49825				
0.561348	2.52115	0.475295	2.11915	0.915958	4.11175							0.768263	3.44542	1.00307	4.49354				
0.563025	2.51814	0.477365	2.11957	0.918393	4.10551							0.769946	3.43859						
0.564704	2.51517	0.479434	2.11999	0.920817	4.09927							0.771625	3.43181						
0.566385	2.51223	0.481503	2.1204	0.923231	4.09304							0.7733	3.42507						
0.568068	2.50933	0.483573	2.12081	0.925635	4.08682							0.774973	3.41837						
0.569754	2.50646	0.485642	2.12122	0.928029	4.08061							0.776642	3.41172						
0.571441	2.50362	0.487711	2.12163	0.930413	4.0744							0.778309	3.4051						
0.573131	2.50082	0.48978	2.12203	0.932788	4.0682							0.779972	3.39853						
0.574823	2.49804	0.491849	2.12242	0.935152	4.062							0.781633	3.39199						
0.576517	2.4953	0.493918	2.12282	0.937507	4.05582							0.783291	3.3855						
0.578213	2.49259	0.495987	2.12321	0.939853	4.04964							0.784946	3.37905						
0.579911	2.48991	0.498056	2.12359	0.942189	4.04348							0.786599	3.37263						
0.581612	2.48726	0.500124	2.12398	0.944516	4.03732							0.788249	3.36626						
0.583314	2.48464	0.502193	2.12436	0.946833	4.03117							0.789897	3.35993						
0.585019	2.48205	0.504262	2.12473	0.949142	4.02503							0.791542	3.35364						
0.586725	2.47949	0.506331	2.12511	0.951441	4.01891							0.793185	3.34738						
0.588434	2.47696	0.508399	2.12548	0.953732	4.01279							0.794826	3.34117						
0.590145	2.47446	0.510468	2.12584	0.956013	4.00668							0.796465	3.335						
0.591857	2.47198	0.512537	2.12621	0.958286	4.00059							0.798101	3.32887						
0.593572	2.46953	0.514605	2.12657	0.96055	3.9945							0.799736	3.32277						
0.595289	2.46711	0.516673	2.12693	0.962806	3.98843							0.801369	3.31672						
0.597008	2.46472	0.518742	2.12729	0.965053	3.98237							0.802999	3.3107						
0.598728	2.46235	0.52081	2.12764	0.967291	3.97632							0.804628	3.30472						
0.600451	2.46001	0.522879	2.12799	0.969521	3.97028							0.806256	3.29878						
0.602175	2.45769	0.524947	2.12834	0.971743	3.96425							0.807881	3.29288						
0.603902	2.4554	0.527015	2.12868	0.973957	3.95824							0.809505	3.28702						
0.60563	2.45314	0.529083	2.12902	0.976163	3.95224							0.811128	3.28119						
0.60736	2.4509	0.531152	2.12936	0.978361	3.94625							0.812749	3.2754						
0.609092	2.44868	0.53322	2.1297	0.98055	3.94027							0.814368	3.26965						
0.610826	2.44649	0.535288	2.13003	0.982732	3.93431							0.815987	3.26394						
0.612562	2.44432	0.537356	2.13036	0.984907	3.92836							0.817603	3.25827						
0.6143	2.44217	0.539424	2.13069	0.987073	3.92243							0.819219	3.25263						
0.616039	2.44005	0.541492	2.13102	0.989232	3.91651							0.820833	3.24703						
0.617781	2.43795	0.54356	2.13134	0.991383	3.9106							0.822446	3.24146						
0.619524	2.43587	0.545628	2.13166	0.993527	3.90471							0.824058	3.23593						
0.621269	2.43382	0.547695	2.13198	0.995664	3.89883							0.825669	3.23044						
0.623015	2.43178	0.549763	2.1323	0.997793	3.89296							0.827279	3.22498						
0.624764	2.42977	0.551831	2.13261	0.999915	3.88711							0.828888	3.21956						
0.626514	2.42778	0.553899	2.13292	1.00203	3.88128							0.830496	3.21417						
0.628266	2.42581	0.555966	2.13323									0.832103	3.20882						
0.63002	2.42387	0.558034	2.13354									0.83371	3.20351						
0.631775	2.42194	0.560102	2.13384									0.835315	3.19823						
0.633532	2.42003	0.562169	2.13414									0.83692	3.19298						
0.635291	2.41814	0.564237	2.13444									0.838524	3.18777						
0.637052	2.41627	0.566304	2.13474									0.840128	3.18259						
0.638814	2.41443	0.568372	2.13503									0.84173	3.17745						
0.640578	2.4126	0.570439	2.13533									0.843333	3.17234						
0.642343	2.41079	0.572506	2.13562									0.844934	3.16727						
0.64411	2.409	0.574574	2.1359									0.846535	3.16222						
0.645879	2.40722	0.576641	2.13619									0.848136	3.15722						
0.647649	2.40547	0.578708	2.13647									0.849736	3.15224						
0.649421	2.40373	0.580776	2.13676									0.851336	3.1473						
0.651195	2.40201	0.582843	2.13704									0.852936	3.14239						
0.65297	2.40031	0.58491	2.13732									0.854535	3.13751						
0.654747	2.39863	0.586977	2.13759									0.856134	3.13266						
0.656525	2.39696	0.589044	2.13787									0.857732	3.12785						
0.658305	2.39531	0.591111	2.13814									0.859331	3.12307						
0.660086	2.39368	0.593178	2.13841									0.860929	3.11832						
0.661869	2.39206	0.595245	2.13868									0.862527	3.1136						
0.663654	2.39046	0.597312	2.13894									0.864125	3.10891						
0.665439	2.38888	0.599379	2.13921									0.865723	3.10425						
0.667227	2.38731	0.601446	2.13947									0.86732	3.09963						
0.669016	2.38576	0.603513	2.13973									0.868918	3.09503						
0.670806	2.38422	0.60558	2.13999									0.870516	3.09046						
0.672598	2.3827	0.607646	2.14025									0.872113	3.08593						
0.674391	2.38119	0.609713	2.1405									0.873711	3.08142						
0.676186	2.3797	0.61178	2.14075									0.875309	3.07695						
0.677982	2.37822	0.613846	2.14101									0.876907	3.0725						
0.67978	2.37676	0.615913	2.14125									0.878505	3.06808						
0.681578	2.37531	0.61798	2.1415									0.880103	3.0637						
0.683379	2.37388	0.620046	2.14175									0.881701	3.05934						
0.685181	2.37246	0.622113	2.14199									0.883299	3.05501						
0.686984	2.37105	0.624179	2.14224									0.884898	3.05071						
0.688788	2.36966	0.626246	2.14248									0.886496	3.04643						
0.690594	2.36828	0.628312	2.14272									0.888095	3.04219						
0.692401	2.36692	0.630379	2.14296									0.889695	3.03797						
0.69421	2.36557	0.632445	2.14319									0.891294	3.03378						
0.69602	2.36423	0.634511	2.14343									0.892894	3.02962						
0.697831	2.3629	0.636578	2.14366									0.894494	3.02548						
0.699644	2.36159	0.638644	2.14389									0.896095	3.02138						
0.701458	2.36029	0.64071	2.14412									0.897696	3.01729						
0.703273	2.359	0.642776	2.14435									0.899297	3.01324						
0.705089	2.35773	0.644842	2.14458									0.900899	3.00921						
0.706907	2.35646	0.646909	2.1448									0.902501	3.00521						
0.708726	2.35521	0.648975	2.14503									0.904103	3.00124						
0.710546	2.35397	0.651041	2.14525									0.905706	2.99729						
0.712368	2.35274	0.653107	2.14547									0.90731	2.99337						
0.71419	2.35153	0.655173	2.14569									0.908914	2.98947						
0.716014	2.35032	0.657239	2.14591									0.910518	2.9856						
0.71784	2.34913	0.659305	2.14613									0.912123	2.98175						
0.719666	2.34795	0.661371	2.14634									0.913729	2.97793						
0.721494	2.34678	0.663436	2.14656									0.915335	2.97413						
0.723323	2.34562	0.665502	2.14677									0.916941	2.97036						
0.725153	2.34447	0.667568	2.14698									0.918548	2.96661						
0.726984	2.34333	0.669634	2.14719									0.920156	2.96289						
0.728816	2.3422	0.6717	2.1474									0.921764	2.95919						
0.73065	2.34109	0.673765	2.14761									0.923373	2.95551						
0.732484	2.33998	0.675831	2.14781									0.924983	2.95186						
0.73432	2.33888	0.677897	2.14802									0.926593	2.94824						
0.736157	2.3378	0.679962	2.14822									0.928204	2.94463						
0.737996	2.33672	0.682028	2.14842									0.929815	2.94105						
0.739835	2.33565	0.684094	2.14862									0.931428	2.93749						
0.741675	2.3346	0.686159	2.14882									0.93304	2.93396						
0.743517	2.33355	0.688225	2.14902									0.934654	2.93045						
0.745359	2.33251	0.69029	2.14922									0.936268	2.92696						
0.747203	2.33149	0.692355	2.14941									0.937883	2.92349						
0.749048	2.33047	0.694421	2.14961									0.939499	2.92005						
0.750894	2.32946	0.696486	2.1498									0.941115	2.91663						
0.752741	2.32846	0.698552	2.14999									0.942732	2.91323						
0.754589	2.32747	0.700617	2.15018									0.94435	2.90985						
0.756438	2.32648	0.702682	2.15037									0.945969	2.90649						
0.758288	2.32551	0.704748	2.15056									0.947588	2.90316						
0.760139	2.32455	0.706813	2.15075									0.949208	2.89984						
0.761992	2.32359	0.708878	2.15093									0.950829	2.89655						
0.763845	2.32264	0.710943	2.15112									0.952451	2.89328						
0.765699	2.3217	0.713008	2.1513									0.954074	2.89003						
0.767554	2.32077	0.715074	2.15149									0.955697	2.8868						
0.769411	2.31985	0.717139	2.15167									0.957321	2.88359						
0.771268	2.31894	0.719204	2.15185									0.958946	2.8804						
0.773126	2.31803	0.721269	2.15203									0.960572	2.87723						
0.774986	2.31713	0.723334	2.15221									0.962199	2.87408						
0.776846	2.31624	0.725399	2.15238									0.963826	2.87095						
0.778707	2.31536	0.727464	2.15256									0.965455	2.86785						
0.780569	2.31448	0.729529	2.15274									0.967084	2.86476						
0.782433	2.31362	0.731593	2.15291									0.968714	2.86169						
0.784297	2.31276	0.733658	2.15308									0.970345	2.85864						
0.786162	2.31191	0.735723	2.15326									0.971977	2.85561						
0.788028	2.31106	0.737788	2.15343									0.973609	2.8526						
0.789895	2.31022	0.739853	2.1536									0.975243	2.8496						
0.791763	2.30939	0.741917	2.15377									0.976877	2.84663						
0.793632	2.30857	0.743982	2.15393									0.978513	2.84367						
0.795502	2.30776	0.746047	2.1541									0.980149	2.84074						
0.797372	2.30695	0.748111	2.15427									0.981786	2.83782						
0.799244	2.30615	0.750176	2.15443									0.983424	2.83492						
0.801116	2.30535	0.752241	2.1546									0.985063	2.83204						
0.80299	2.30456	0.754305	2.15476									0.986703	2.82917						
0.804864	2.30378	0.75637	2.15492									0.988344	2.82633						
0.806739	2.30301	0.758434	2.15508									0.989985	2.8235						
0.808615	2.30224	0.760499	2.15524									0.991628	2.82069						
0.810492	2.30148	0.762563	2.1554									0.993272	2.8179						
0.81237	2.30072	0.764628	2.15556									0.994916	2.81512						
0.814249	2.29998	0.766692	2.15572									0.996562	2.81236						
0.816128	2.29923	0.768757	2.15588									0.998208	2.80962						
0.818008	2.2985	0.770821	2.15603									0.999855	2.8069						
0.81989	2.29777	0.772885	2.15619									1.0015	2.80419						
0.821772	2.29705	0.77495	2.15634																
0.823655	2.29633	0.777014	2.15649																
0.825538	2.29562	0.779078	2.15665																
0.827423	2.29491	0.781142	2.1568																
0.829308	2.29421	0.783206	2.15695																
0.831194	2.29352	0.785271	2.1571																
0.833081	2.29283	0.787335	2.15725																
0.834969	2.29215	0.789399	2.1574																
0.836857	2.29147	0.791463	2.15754																
0.838747	2.2908	0.793527	2.15769																
0.840637	2.29014	0.795591	2.15784																
0.842528	2.28948	0.797655	2.15798																
0.844419	2.28882	0.799719	2.15812																
0.846312	2.28817	0.801783	2.15827																
0.848205	2.28753	0.803847	2.15841																
0.850099	2.28689	0.805911	2.15855																
0.851994	2.28626	0.807975	2.15869																
0.853889	2.28563	0.810038	2.15883																
0.855785	2.28501	0.812102	2.15897																
0.857682	2.28439	0.814166	2.15911																
0.85958	2.28378	0.81623	2.15925																
0.861478	2.28317	0.818294	2.15939																
0.863378	2.28256	0.820357	2.15952																
0.865277	2.28197	0.822421	2.15966																
0.867178	2.28137	0.824485	2.15979																
0.869079	2.28079	0.826548	2.15993																
0.870981	2.2802	0.828612	2.16006																
0.872884	2.27962	0.830675	2.16019																
0.874787	2.27905	0.832739	2.16033																
0.876691	2.27848	0.834802	2.16046																
0.878596	2.27791	0.836866	2.16059																
0.880502	2.27735	0.838929	2.16072																
0.882408	2.27679	0.840993	2.16085																
0.884315	2.27624	0.843056	2.16098																
0.886222	2.2757	0.84512	2.1611																
0.88813	2.27515	0.847183	2.16123																
0.890039	2.27461	0.849246	2.16136																
0.891949	2.27408	0.85131	2.16148																
0.893859	2.27355	0.853373	2.16161																
0.89577	2.27302	0.855436	2.16173																
0.897681	2.2725	0.857499	2.16186																
0.899593	2.27198	0.859562	2.16198																
0.901506	2.27147	0.861626	2.1621																
0.903419	2.27096	0.863689	2.16222																
0.905333	2.27045	0.865752	2.16235																
0.907248	2.26995	0.867815	2.16247																
0.909163	2.26945	0.869878	2.16259																
0.911079	2.26896	0.871941	2.16271																
0.912995	2.26846	0.874004	2.16282																
0.914913	2.26798	0.876067	2.16294																
0.91683	2.26749	0.87813	2.16306																
0.918749	2.26701	0.880193	2.16318																
0.920667	2.26654	0.882256	2.16329																
0.922587	2.26607	0.884319	2.16341																
0.924507	2.2656	0.886382	2.16353																
0.926428	2.26513	0.888445	2.16364																
0.928349	2.26467	0.890507	2.16375																
0.930271	2.26421	0.89257	2.16387																
0.932193	2.26376	0.894633	2.16398																
0.934116	2.26331	0.896696	2.16409																
0.93604	2.26286	0.898758	2.1642																
0.937964	2.26242	0.900821	2.16432																
0.939889	2.26198	0.902884	2.16443																
0.941814	2.26154	0.904946	2.16454																
0.94374	2.2611	0.907009	2.16465																
0.945666	2.26067	0.909072	2.16476																
0.947593	2.26025	0.911134	2.16486																
0.949521	2.25982	0.913197	2.16497																
0.951449	2.2594	0.915259	2.16508																
0.953378	2.25898	0.917322	2.16519																
0.955307	2.25857	0.919384	2.16529																
0.957236	2.25816	0.921446	2.1654																
0.959167	2.25775	0.923509	2.1655																
0.961097	2.25734	0.925571	2.16561																
0.963028	2.25694	0.927634	2.16571																
0.96496	2.25654	0.929696	2.16582																
0.966893	2.25614	0.931758	2.16592																
0.968825	2.25575	0.93382	2.16602																
0.970759	2.25536	0.935883	2.16612																
0.972693	2.25497	0.937945	2.16623																
0.974627	2.25458	0.940007	2.16633																
0.976562	2.2542	0.942069	2.16643																
0.978497	2.25382	0.944131	2.16653																
0.980433	2.25344	0.946194	2.16663																
0.982369	2.25307	0.948256	2.16673																
0.984306	2.2527	0.950318	2.16683																
0.986243	2.25233	0.95238	2.16693																
0.988181	2.25196	0.954442	2.16702																
0.99012	2.2516	0.956504	2.16712																
0.992058	2.25124	0.958566	2.16722																
0.993998	2.25088	0.960628	2.16731																
0.995937	2.25052	0.96269	2.16741																
0.997878	2.25017	0.964752	2.16751																
0.999818	2.24982	0.966813	2.1676																
1.00176	2.24947	0.968875	2.1677																
		0.970937	2.16779																
		0.972999	2.16788																
		0.975061	2.16798																
		0.977122	2.16807																
		0.979184	2.16816																
		0.981246	2.16825																
		0.983308	2.16835																
		0.985369	2.16844																
		0.987431	2.16853																
		0.989492	2.16862																
		0.991554	2.16871																
		0.993616	2.1688																
		0.995677	2.16889																
		0.997739	2.16897																
		0.9998	2.16906																
		1.00186	2.16915																
