Sym0		Asym0		Sym1		Sym2		Sym3		Sym4		Asym1		Asym2		Asym3		Asym4	
499  Points		502  Points		387  Points		240  Points		191  Points		166  Points		453  Points		303  Points		209  Points		160  Points	
Freq (MHz)	Vgr (m/ms)	Freq (MHz)	Vgr (m/ms)	Freq (MHz)	Vgr (m/ms)	Freq (MHz)	Vgr (m/ms)	Freq (MHz)	Vgr (m/ms)	Freq (MHz)	Vgr (m/ms)	Freq (MHz)	Vgr (m/ms)	Freq (MHz)	Vgr (m/ms)	Freq (MHz)	Vgr (m/ms)	Freq (MHz)	Vgr (m/ms)
0.00145028	4.86252	0.000136268	0.260709	0.279508	-0.0144567	0.32884	0.16218	0.559023	0.030265	0.838526	0.00858499	0.139755	0.101959	0.419263	0.0172825	0.657581	0.0155798	0.698778	0.0373142
0.00598067	4.86198	0.000379169	0.32499	0.279495	-0.0243593	0.328991	0.216167	0.559051	0.042958	0.838534	0.0152808	0.13985	0.189192	0.419279	0.0312284	0.657595	0.0249739	0.698813	0.0531032
0.0105101	4.86052	0.000741851	0.452207	0.279463	-0.0437398	0.329242	0.323565	0.559103	0.068366	0.838554	0.0287764	0.140107	0.362928	0.419321	0.0591501	0.657627	0.0437812	0.698877	0.084723
0.0150377	4.85825	0.00122181	0.576417	0.279413	-0.0619198	0.329594	0.429449	0.559178	0.0937668	0.838587	0.0422911	0.140526	0.534691	0.419389	0.0870149	0.657677	0.0625724	0.698971	0.116322
0.0195629	4.85516	0.00181594	0.696883	0.279347	-0.0784311	0.330043	0.533405	0.559277	0.119154	0.838633	0.0557707	0.141104	0.703534	0.419483	0.114839	0.657744	0.0813318	0.699094	0.14788
0.0240848	4.85127	0.00252037	0.813009	0.279267	-0.0928502	0.330588	0.635041	0.5594	0.144585	0.838691	0.0692533	0.141837	0.868661	0.419603	0.142656	0.657829	0.100174	0.699246	0.179427
0.0286027	4.84649	0.0033309	0.924266	0.279174	-0.104769	0.331226	0.734018	0.559547	0.16996	0.838762	0.082742	0.142722	1.02943	0.419749	0.170457	0.657931	0.119034	0.699428	0.210882
0.0331157	4.84088	0.00424264	1.03025	0.279072	-0.11396	0.331955	0.830164	0.559717	0.195296	0.838845	0.0962427	0.143755	1.18516	0.419921	0.198228	0.65805	0.137932	0.699639	0.242298
0.0376231	4.83441	0.00525066	1.13075	0.278962	-0.120108	0.332773	0.92336	0.559911	0.220624	0.838941	0.109768	0.144931	1.3354	0.420118	0.225938	0.658188	0.156904	0.69988	0.273708
0.0421241	4.82698	0.00634967	1.22554	0.278848	-0.123031	0.333676	1.01344	0.560128	0.245939	0.83905	0.123268	0.146244	1.47981	0.420342	0.253598	0.658343	0.17588	0.700149	0.305035
0.0466177	4.81864	0.00753432	1.31456	0.278733	-0.122723	0.334661	1.10036	0.560369	0.271228	0.839171	0.136718	0.147688	1.61804	0.420591	0.281233	0.658516	0.194933	0.700448	0.336267
0.0511031	4.80934	0.00879921	1.39783	0.278619	-0.119105	0.335726	1.18418	0.560633	0.296464	0.839305	0.150215	0.149259	1.74999	0.420866	0.308817	0.658706	0.214071	0.700776	0.367457
0.0555793	4.79904	0.010139	1.47538	0.278511	-0.11209	0.336868	1.26489	0.560921	0.321667	0.839451	0.163732	0.150949	1.87553	0.421166	0.3363	0.658914	0.233231	0.701133	0.398562
0.0600455	4.78765	0.0115484	1.54743	0.27841	-0.10172	0.338083	1.3426	0.561233	0.346804	0.83961	0.177218	0.152753	1.99479	0.421493	0.363726	0.659141	0.252434	0.701519	0.429571
0.0645006	4.77521	0.0130225	1.61417	0.278321	-0.0880848	0.33937	1.41744	0.561568	0.371956	0.839781	0.190712	0.154666	2.10776	0.421844	0.391114	0.659385	0.271724	0.701933	0.460535
0.0689436	4.76167	0.0145563	1.67573	0.278246	-0.0712152	0.340725	1.48949	0.561926	0.397064	0.839965	0.204223	0.156681	2.21455	0.422221	0.418423	0.659647	0.291115	0.702377	0.491409
0.0733734	4.7469	0.016145	1.73242	0.278188	-0.0511722	0.342145	1.55881	0.562307	0.422087	0.840162	0.217697	0.158793	2.3154	0.422624	0.445649	0.659927	0.31056	0.702849	0.522174
0.0777889	4.73083	0.0177844	1.78451	0.278151	-0.0280786	0.343629	1.62567	0.562712	0.447082	0.840371	0.231167	0.160996	2.41045	0.423052	0.472781	0.660226	0.330041	0.70335	0.552797
0.0821888	4.7135	0.0194703	1.83228	0.278136	-0.00203288	0.345175	1.69017	0.563141	0.472025	0.840592	0.244631	0.163284	2.50001	0.423505	0.499872	0.660542	0.349666	0.703879	0.583354
0.086572	4.6948	0.0211987	1.87603	0.278147	0.0269873	0.346779	1.75238	0.563592	0.496934	0.840827	0.258155	0.165654	2.58427	0.423983	0.526881	0.660877	0.369362	0.704437	0.613852
0.0909371	4.6746	0.022966	1.91594	0.278186	0.05888	0.34844	1.81249	0.564067	0.521778	0.841073	0.271654	0.1681	2.66343	0.424487	0.553799	0.661231	0.389052	0.705023	0.644233
0.0952826	4.65289	0.0247688	1.95231	0.278257	0.0935153	0.350156	1.8706	0.564564	0.546562	0.841333	0.285102	0.170617	2.73782	0.425015	0.58061	0.661602	0.408876	0.705637	0.674454
0.0996072	4.62953	0.0266039	1.98551	0.278361	0.130925	0.351926	1.92683	0.565085	0.571301	0.841605	0.298594	0.173201	2.80764	0.425569	0.607352	0.661992	0.428823	0.70628	0.704573
0.103909	4.60443	0.0284686	2.01566	0.278501	0.171029	0.353747	1.9813	0.565629	0.595951	0.841889	0.312102	0.175849	2.87316	0.426147	0.634029	0.662401	0.448793	0.70695	0.734636
0.108187	4.57752	0.0303599	2.04299	0.278679	0.213808	0.355617	2.03413	0.566196	0.620567	0.842186	0.325568	0.178555	2.93462	0.42675	0.660577	0.662829	0.468812	0.707648	0.764586
0.112439	4.54866	0.0322755	2.06785	0.278899	0.259305	0.357537	2.08544	0.566785	0.645118	0.842496	0.339024	0.181317	2.99221	0.427378	0.687085	0.663275	0.488928	0.708375	0.794382
0.116663	4.51776	0.0342131	2.09031	0.279163	0.30745	0.359503	2.13525	0.567398	0.66961	0.842818	0.352531	0.184131	3.04615	0.42803	0.713515	0.66374	0.509166	0.709129	0.824092
0.120857	4.48474	0.0361705	2.11063	0.279472	0.358332	0.361516	2.18369	0.568033	0.694058	0.843153	0.365997	0.186993	3.09669	0.428707	0.739861	0.664224	0.529426	0.70991	0.853703
0.12502	4.44939	0.038146	2.12901	0.27983	0.411975	0.363573	2.23082	0.568691	0.718417	0.8435	0.379453	0.189525	3.13815	0.429409	0.766113	0.664726	0.549731	0.71072	0.883189
0.129148	4.41166	0.0401377	2.14555	0.28024	0.468356	0.365673	2.27675	0.569372	0.742746	0.84386	0.39296	0.191709	3.17161	0.430135	0.792322	0.665248	0.570126	0.711556	0.91257
0.13324	4.37134	0.042144	2.16046	0.280703	0.52758	0.367815	2.3215	0.570075	0.767014	0.844232	0.406425	0.193532	3.19795	0.430885	0.818446	0.665789	0.590556	0.71242	0.941816
0.137294	4.32835	0.0441635	2.17388	0.281223	0.589705	0.369998	2.36517	0.570801	0.791161	0.844617	0.419879	0.194983	3.21813	0.43166	0.844474	0.666348	0.611054	0.713311	0.971011
0.141306	4.28257	0.0461948	2.18592	0.281802	0.654775	0.372222	2.40783	0.571549	0.815285	0.845015	0.433383	0.196057	3.23256	0.432459	0.870456	0.666927	0.631614	0.714229	1.0001
0.145274	4.2338	0.0482367	2.19675	0.282443	0.722878	0.374485	2.44948	0.57232	0.839364	0.845425	0.446841	0.196746	3.24149	0.433282	0.896418	0.667525	0.652228	0.715175	1.02907
0.149195	4.18202	0.0500239	2.20528	0.283149	0.794118	0.376787	2.49017	0.573113	0.86335	0.845847	0.46028	0.19774	3.25416	0.434129	0.922341	0.668143	0.672875	0.716147	1.05791
0.153067	4.12703	0.0515526	2.21186	0.283923	0.868484	0.379125	2.52995	0.573929	0.8873	0.846282	0.473755	0.198825	3.26754	0.435001	0.948187	0.668779	0.693513	0.717146	1.08668
0.156885	4.06877	0.05282	2.21692	0.284767	0.946024	0.381501	2.56893	0.574767	0.911176	0.84673	0.487229	0.200308	3.28516	0.435896	0.974025	0.669435	0.71421	0.718172	1.11535
0.160648	4.00716	0.0538241	2.22071	0.285685	1.02684	0.383912	2.60705	0.575627	0.934977	0.84719	0.500701	0.202195	3.30672	0.436816	0.999845	0.67011	0.734948	0.719224	1.14391
0.164352	3.94211	0.0545635	2.22332	0.286681	1.1109	0.386359	2.6444	0.576509	0.958777	0.847663	0.514167	0.204492	3.33147	0.437759	1.02563	0.670804	0.755697	0.720303	1.17239
0.167994	3.8736	0.0550372	2.2249	0.287756	1.19824	0.38884	2.68101	0.577413	0.982498	0.848148	0.527624	0.207208	3.35887	0.438727	1.05142	0.671518	0.776468	0.721409	1.2008
0.17157	3.80169	0.0557186	2.22712	0.288913	1.28875	0.391355	2.71686	0.57834	1.00614	0.848646	0.54106	0.210352	3.38816	0.439719	1.07722	0.672251	0.797209	0.722541	1.22911
0.175078	3.72643	0.0564601	2.22952	0.290157	1.38234	0.393902	2.75203	0.579288	1.02976	0.849157	0.554528	0.213522	3.41533	0.440734	1.10304	0.673004	0.817964	0.723699	1.25731
0.178514	3.64784	0.0574697	2.23254	0.291313	1.46633	0.396483	2.78655	0.580258	1.05335	0.84968	0.567989	0.216716	3.44045	0.441774	1.1289	0.673775	0.838746	0.724884	1.28545
0.181875	3.56616	0.0587485	2.2361	0.292353	1.53959	0.399095	2.82044	0.581251	1.07687	0.850215	0.581434	0.219933	3.46349	0.442838	1.15476	0.674567	0.859508	0.726095	1.31353
0.185159	3.48162	0.0602976	2.24009	0.293252	1.60131	0.401738	2.85365	0.582265	1.10032	0.850763	0.594921	0.22317	3.48464	0.443926	1.1807	0.675377	0.880232	0.727331	1.34149
0.188363	3.39442	0.0621182	2.24427	0.293987	1.65081	0.404412	2.88629	0.583301	1.12378	0.851324	0.608344	0.226426	3.50396	0.445038	1.20673	0.676207	0.900953	0.728594	1.36936
0.191484	3.30498	0.0642113	2.24853	0.294543	1.68744	0.407117	2.91833	0.584359	1.1472	0.851897	0.621788	0.229699	3.52146	0.446174	1.23279	0.677056	0.921667	0.729883	1.39719
0.194521	3.21361	0.066308	2.25227	0.294905	1.71116	0.40985	2.94982	0.585439	1.17061	0.852482	0.635272	0.232988	3.53728	0.447335	1.25898	0.677924	0.942295	0.731198	1.42495
0.197473	3.12083	0.0684081	2.25557	0.295434	1.7456	0.412613	2.98078	0.58654	1.19398	0.85308	0.64869	0.23629	3.55142	0.44852	1.28528	0.678812	0.962895	0.732538	1.45264
0.200337	3.02719	0.070511	2.25835	0.296021	1.78304	0.415405	3.01122	0.587664	1.21729	0.853691	0.662123	0.239605	3.56394	0.44973	1.31167	0.679718	0.983443	0.733905	1.48025
0.203113	2.93313	0.0726163	2.26077	0.296839	1.83442	0.418224	3.04111	0.588809	1.24061	0.854314	0.675587	0.242931	3.57493	0.450964	1.33821	0.680644	1.00396	0.735297	1.5078
0.205802	2.83922	0.0747237	2.26282	0.297908	1.90011	0.421071	3.0705	0.589975	1.26395	0.85495	0.689036	0.246267	3.58437	0.452224	1.36494	0.681589	1.0244	0.736714	1.53528
0.208404	2.74601	0.0768328	2.26454	0.299251	1.98012	0.423946	3.09946	0.591164	1.28729	0.855598	0.70246	0.249611	3.59232	0.453508	1.39181	0.682553	1.04479	0.738157	1.5627
0.210919	2.65416	0.0789435	2.26599	0.300896	2.07473	0.426847	3.12788	0.592374	1.31059	0.856259	0.715902	0.252961	3.59882	0.454817	1.41889	0.683536	1.06512	0.739626	1.59007
0.21335	2.56414	0.0810552	2.26712	0.30288	2.18388	0.429774	3.15584	0.593606	1.3339	0.856932	0.729385	0.256317	3.60397	0.456152	1.44616	0.684538	1.08535	0.74112	1.61736
0.215697	2.47638	0.083168	2.26805	0.304966	2.29313	0.432728	3.18343	0.59486	1.35724	0.857618	0.7428	0.259676	3.60772	0.457512	1.47361	0.685559	1.10552	0.74264	1.6446
0.217964	2.39138	0.0852815	2.26873	0.307153	2.40195	0.435706	3.21057	0.596135	1.38062	0.858316	0.756227	0.263039	3.61007	0.458898	1.50133	0.686598	1.12558	0.744185	1.67178
0.220153	2.30957	0.0873955	2.26925	0.309442	2.50976	0.43871	3.23722	0.597432	1.40401	0.859027	0.769678	0.266403	3.61118	0.460309	1.52932	0.687656	1.14555	0.745755	1.69887
0.222268	2.23121	0.08951	2.26959	0.31183	2.61592	0.441738	3.26349	0.598751	1.42743	0.85975	0.783102	0.269768	3.61092	0.461747	1.55753	0.688733	1.16543	0.747351	1.72597
0.224311	2.15658	0.0916247	2.26976	0.314316	2.71998	0.444791	3.28937	0.600092	1.45092	0.860486	0.796549	0.273132	3.60937	0.463212	1.58604	0.689828	1.1852	0.748971	1.75299
0.226286	2.08592	0.0937395	2.26981	0.316898	2.82134	0.447868	3.31485	0.601455	1.47445	0.861235	0.809965	0.276494	3.60657	0.464703	1.61486	0.690941	1.20488	0.750617	1.77994
0.228198	2.01922	0.0958542	2.26972	0.319573	2.91944	0.450968	3.33995	0.60284	1.49807	0.861996	0.823393	0.279852	3.6025	0.466221	1.64394	0.692073	1.22447	0.752288	1.80681
0.230049	1.95666	0.0979688	2.26953	0.322338	3.01401	0.454091	3.36465	0.604247	1.52172	0.862769	0.836846	0.283207	3.59725	0.467766	1.67333	0.693223	1.24394	0.753984	1.83366
0.231844	1.89825	0.100083	2.26925	0.32519	3.10465	0.457238	3.38902	0.605675	1.54546	0.863555	0.850277	0.286556	3.59074	0.469339	1.70309	0.694391	1.26325	0.755705	1.86048
0.233586	1.84384	0.102197	2.26886	0.328124	3.19099	0.460407	3.413	0.607126	1.56933	0.864353	0.863734	0.289898	3.58301	0.47094	1.73317	0.695577	1.28247	0.757451	1.88718
0.23528	1.79347	0.104311	2.2684	0.331136	3.27283	0.463186	3.43356	0.6086	1.59328	0.865164	0.877172	0.293232	3.5741	0.472568	1.76359	0.69678	1.30158	0.759221	1.91383
0.236928	1.747	0.106424	2.26788	0.334222	3.35001	0.465568	3.45092	0.610095	1.61731	0.865988	0.890572	0.296558	3.56404	0.474226	1.7944	0.698002	1.32052	0.761017	1.94048
0.238535	1.70422	0.108537	2.26729	0.337378	3.42247	0.467548	3.46517	0.611613	1.64148	0.866824	0.903968	0.299873	3.55278	0.475694	1.82145	0.699241	1.33937	0.762837	1.96705
0.240104	1.66497	0.110649	2.26667	0.340599	3.49016	0.469118	3.4763	0.613154	1.6658	0.867672	0.917431	0.303178	3.54034	0.476962	1.84475	0.700498	1.3581	0.764682	1.99352
0.241442	1.63349	0.112761	2.26599	0.343882	3.55304	0.470276	3.48453	0.614717	1.69027	0.868533	0.930879	0.30647	3.5268	0.478024	1.86424	0.701772	1.37667	0.766552	2.01994
0.242564	1.60866	0.114872	2.26529	0.34722	3.61122	0.471019	3.48974	0.616304	1.71489	0.869407	0.944298	0.30975	3.51212	0.478871	1.87964	0.703063	1.39512	0.768446	2.04628
0.243479	1.58942	0.116982	2.26453	0.350611	3.66473	0.472088	3.49707	0.617913	1.73967	0.870293	0.957734	0.313015	3.49632	0.479498	1.89107	0.704371	1.41342	0.770365	2.0726
0.244195	1.57493	0.119091	2.26375	0.354049	3.71372	0.473253	3.50503	0.619545	1.76463	0.871192	0.97113	0.316265	3.47941	0.479902	1.89843	0.705697	1.43156	0.772308	2.09886
0.244717	1.56478	0.1212	2.26296	0.357531	3.75839	0.474842	3.51586	0.621201	1.78979	0.872103	0.984591	0.319498	3.46143	0.480484	1.90897	0.707039	1.44961	0.774276	2.12502
0.24505	1.55849	0.123308	2.26216	0.361052	3.79882	0.476858	3.52951	0.62288	1.8152	0.873026	0.998037	0.322715	3.44237	0.481122	1.92051	0.708398	1.46754	0.776268	2.15111
0.245525	1.54977	0.125415	2.26132	0.36461	3.83518	0.479307	3.54576	0.624583	1.84082	0.873962	1.01145	0.325913	3.42226	0.481994	1.93633	0.709774	1.4853	0.778284	2.17715
0.24604	1.54064	0.127522	2.2605	0.368199	3.86772	0.482193	3.56456	0.62631	1.86665	0.874911	1.02488	0.329092	3.40111	0.483108	1.95644	0.711166	1.50289	0.780325	2.20309
0.246734	1.52868	0.129627	2.25964	0.371817	3.89655	0.485524	3.5859	0.628062	1.89276	0.875872	1.03833	0.33225	3.37896	0.484471	1.98085	0.712574	1.52035	0.78239	2.22896
0.247605	1.51449	0.131732	2.25878	0.37546	3.92188	0.488875	3.6069	0.629837	1.91912	0.876846	1.05175	0.335388	3.35584	0.486091	2.00975	0.713999	1.53768	0.784478	2.25477
0.248647	1.49856	0.133836	2.25791	0.379125	3.94388	0.492245	3.62751	0.631638	1.94576	0.877832	1.06519	0.338504	3.33175	0.487979	2.04328	0.715439	1.55492	0.786591	2.28046
0.249857	1.48151	0.13594	2.25703	0.382809	3.96272	0.495634	3.64781	0.633463	1.97275	0.878831	1.07866	0.341596	3.30671	0.489898	2.07703	0.716896	1.57202	0.788728	2.30606
0.251228	1.46395	0.138042	2.25619	0.386509	3.97858	0.499043	3.66777	0.635314	2	0.879842	1.09206	0.344665	3.28078	0.491849	2.11112	0.718369	1.58895	0.790888	2.33155
0.252584	1.44836	0.140144	2.25537	0.390222	3.99157	0.502469	3.68735	0.63719	2.02761	0.880866	1.10552	0.34771	3.25401	0.493832	2.14549	0.719857	1.60575	0.793072	2.35697
0.253927	1.43467	0.142245	2.25452	0.393947	4.00191	0.505913	3.70659	0.639092	2.05559	0.881902	1.11898	0.350729	3.22642	0.495847	2.18011	0.721361	1.62242	0.79528	2.38233
0.255258	1.42273	0.144345	2.25362	0.397679	4.00971	0.509376	3.72551	0.64102	2.08386	0.882951	1.13241	0.353722	3.19805	0.497894	2.21496	0.72288	1.639	0.797511	2.40756
0.256578	1.41241	0.146444	2.2528	0.401418	4.01504	0.512856	3.74401	0.642975	2.11257	0.884012	1.14587	0.356688	3.16892	0.499974	2.24996	0.724415	1.65545	0.799766	2.43268
0.25789	1.40355	0.148543	2.25199	0.405161	4.01818	0.516352	3.76216	0.644957	2.14171	0.885086	1.15932	0.359627	3.13909	0.502087	2.28511	0.725965	1.67172	0.802044	2.45771
0.259194	1.39608	0.15064	2.25114	0.408906	4.01913	0.519866	3.77992	0.646966	2.17122	0.886172	1.17282	0.362537	3.10864	0.504232	2.32041	0.72753	1.68793	0.804346	2.48259
0.260491	1.38985	0.152737	2.25032	0.41265	4.01803	0.523396	3.79722	0.648739	2.19726	0.887271	1.18626	0.365419	3.0776	0.506411	2.35582	0.72911	1.70401	0.806671	2.50737
0.261783	1.38476	0.154834	2.2495	0.416393	4.01503	0.526942	3.81418	0.650268	2.21972	0.888383	1.19973	0.368272	3.04596	0.508622	2.39122	0.730705	1.72	0.809018	2.53202
0.263071	1.38075	0.156929	2.24873	0.420132	4.01016	0.530503	3.83068	0.651543	2.23852	0.889507	1.21321	0.371095	3.01385	0.510866	2.4266	0.732315	1.73586	0.811389	2.55658
0.264356	1.37772	0.159024	2.24794	0.423865	4.00355	0.53408	3.84674	0.65256	2.25351	0.890643	1.22668	0.373888	2.98135	0.513144	2.46195	0.73394	1.75161	0.813782	2.581
0.265639	1.37558	0.161118	2.24714	0.427592	3.9953	0.537671	3.86234	0.653312	2.26469	0.891793	1.24021	0.376651	2.94847	0.515454	2.4972	0.735579	1.76729	0.816198	2.60524
0.26692	1.37426	0.163211	2.24641	0.43131	3.98546	0.541277	3.87747	0.653795	2.27179	0.892954	1.25367	0.379382	2.91523	0.517797	2.53222	0.737233	1.78283	0.818637	2.6294
0.268199	1.37367	0.165304	2.24564	0.435018	3.97417	0.544896	3.8921	0.654492	2.28199	0.894129	1.26717	0.382083	2.88176	0.520173	2.56705	0.738901	1.7983	0.821098	2.6534
0.269479	1.37378	0.167396	2.2449	0.438715	3.96146	0.548529	3.90619	0.655253	2.29334	0.895316	1.2807	0.384752	2.84814	0.52258	2.60168	0.740584	1.81373	0.823581	2.67723
0.270759	1.37449	0.169487	2.24419	0.4424	3.94734	0.552175	3.91976	0.656294	2.30877	0.896515	1.29422	0.38739	2.81438	0.52502	2.63591	0.742281	1.82906	0.826086	2.70094
0.27204	1.3758	0.171578	2.24347	0.446071	3.93204	0.555833	3.93273	0.657621	2.32838	0.897727	1.30777	0.389996	2.78054	0.527492	2.66976	0.743992	1.84427	0.828614	2.72449
0.273323	1.37762	0.173667	2.24278	0.449727	3.91549	0.559503	3.94511	0.659241	2.35244	0.898952	1.32131	0.392571	2.74674	0.529995	2.7032	0.745717	1.85945	0.831163	2.74786
0.274607	1.37986	0.175757	2.24207	0.453367	3.89773	0.563185	3.9569	0.661162	2.38106	0.900189	1.33486	0.395115	2.71296	0.532529	2.73615	0.747457	1.87458	0.833734	2.77109
0.275894	1.38258	0.177845	2.24139	0.45699	3.87896	0.566877	3.96807	0.663396	2.41439	0.901439	1.3484	0.397626	2.67926	0.535094	2.76855	0.748984	1.8877	0.836327	2.79418
0.277184	1.38574	0.179933	2.24075	0.460595	3.85914	0.570579	3.97856	0.665661	2.44827	0.902702	1.36201	0.400107	2.64578	0.537688	2.80035	0.750295	1.89883	0.838941	2.81707
0.278476	1.38919	0.182021	2.24007	0.464181	3.83832	0.57429	3.98831	0.667958	2.48271	0.903977	1.37561	0.402557	2.61256	0.540312	2.83149	0.751384	1.90802	0.841576	2.83978
0.279772	1.393	0.184107	2.23943	0.467747	3.81662	0.57801	3.99736	0.670288	2.51777	0.905265	1.38918	0.404975	2.57958	0.542964	2.86189	0.752249	1.91538	0.844232	2.86234
0.281072	1.3971	0.186194	2.23882	0.471293	3.79402	0.581739	4.0057	0.67265	2.55343	0.906566	1.40285	0.407363	2.54694	0.545645	2.89159	0.752887	1.92063	0.84691	2.88469
0.282376	1.40142	0.188279	2.23819	0.474817	3.77057	0.585475	4.0132	0.675046	2.58967	0.907879	1.41649	0.409721	2.51473	0.548353	2.92054	0.753297	1.92402	0.849608	2.90684
0.283683	1.406	0.190364	2.23761	0.478319	3.74638	0.589217	4.01991	0.677475	2.62658	0.909205	1.43015	0.412049	2.48291	0.551087	2.94863	0.753887	1.92894	0.852326	2.92879
0.284996	1.41082	0.192449	2.237	0.481798	3.72148	0.592965	4.02584	0.67994	2.66412	0.910544	1.44384	0.414348	2.45155	0.553847	2.97583	0.754529	1.93423	0.855065	2.95058
0.286312	1.41586	0.194533	2.2364	0.485253	3.69584	0.596719	4.03088	0.68244	2.7023	0.911896	1.45753	0.416617	2.42075	0.556632	3.0021	0.755406	1.94153	0.857824	2.97218
0.287634	1.42102	0.196616	2.23588	0.488685	3.66962	0.600476	4.03506	0.684975	2.74116	0.91326	1.47128	0.418859	2.39047	0.559441	3.0275	0.75652	1.95062	0.860604	2.99356
0.28896	1.42635	0.198699	2.23532	0.492091	3.64285	0.604238	4.03831	0.687548	2.78062	0.914637	1.48501	0.421072	2.36076	0.562273	3.05192	0.757874	1.96166	0.863403	3.01471
0.290292	1.43183	0.200781	2.23472	0.495473	3.61551	0.608001	4.04064	0.690157	2.82075	0.916027	1.49878	0.423258	2.33163	0.565128	3.0753	0.759472	1.97457	0.866221	3.0357
0.291628	1.43739	0.202863	2.23419	0.498829	3.58763	0.611767	4.04202	0.692804	2.86155	0.91743	1.51262	0.425417	2.30314	0.568004	3.09772	0.761318	1.98935	0.869059	3.05643
0.29297	1.4431	0.204945	2.23371	0.502158	3.55934	0.615533	4.04249	0.695489	2.90296	0.918846	1.52646	0.427549	2.27539	0.5709	3.11911	0.763179	2.00418	0.871916	3.07694
0.294317	1.44892	0.207025	2.23318	0.505461	3.53061	0.6193	4.04196	0.698213	2.94502	0.920275	1.54029	0.429656	2.24821	0.573816	3.13944	0.765053	2.01895	0.874422	3.09469
0.29567	1.4548	0.209106	2.23266	0.508737	3.50153	0.623065	4.04045	0.700977	2.98773	0.921716	1.55419	0.431739	2.2217	0.57675	3.15872	0.766941	2.03366	0.876569	3.10963
0.297028	1.46074	0.211186	2.23214	0.511986	3.47216	0.626828	4.03801	0.70378	3.03098	0.923171	1.56815	0.433796	2.19596	0.579702	3.17693	0.768842	2.04845	0.878352	3.12182
0.298392	1.46671	0.213265	2.23166	0.515207	3.44246	0.630589	4.03451	0.706625	3.0748	0.924638	1.58215	0.435831	2.17093	0.58267	3.19402	0.770758	2.06324	0.879767	3.13153
0.299761	1.47278	0.215344	2.23124	0.5184	3.41248	0.634346	4.0301	0.70951	3.11927	0.926119	1.59615	0.437842	2.14655	0.585654	3.21007	0.772687	2.078	0.88081	3.13858
0.301136	1.47889	0.217423	2.23077	0.521566	3.38233	0.638099	4.02474	0.712437	3.16417	0.927612	1.61017	0.43983	2.12286	0.588652	3.22505	0.77463	2.09281	0.881479	3.14303
0.302517	1.48502	0.219501	2.23028	0.524703	3.35202	0.641846	4.01836	0.715406	3.20955	0.928925	1.62246	0.441797	2.09995	0.591663	3.23892	0.776587	2.10762	0.882442	3.14952
0.303904	1.49116	0.221579	2.22982	0.527812	3.32156	0.645587	4.01107	0.718418	3.25538	0.930051	1.63299	0.443743	2.07777	0.594687	3.25175	0.778557	2.12249	0.883492	3.15653
0.305296	1.49734	0.223656	2.2294	0.530892	3.29099	0.64932	4.00292	0.721472	3.30159	0.930988	1.64167	0.445669	2.05624	0.597722	3.26347	0.780542	2.13736	0.884922	3.16595
0.306694	1.50354	0.225733	2.22897	0.533944	3.26036	0.653046	3.9939	0.72457	3.34817	0.931733	1.64848	0.447575	2.03544	0.600768	3.27409	0.78254	2.15223	0.886737	3.17772
0.308097	1.50969	0.227809	2.22854	0.536968	3.22973	0.656762	3.98401	0.727711	3.39497	0.932282	1.65376	0.449462	2.01534	0.603823	3.28373	0.784552	2.16717	0.888942	3.19196
0.309507	1.51587	0.229886	2.22814	0.539962	3.19908	0.660469	3.97335	0.730896	3.44199	0.932635	1.65698	0.45133	1.99591	0.606887	3.29231	0.786578	2.18215	0.89154	3.20847
0.310922	1.52207	0.231961	2.22772	0.542929	3.16848	0.664166	3.96194	0.734125	3.48919	0.933143	1.6615	0.453181	1.97719	0.609958	3.29983	0.788618	2.19718	0.894538	3.2271
0.312343	1.52825	0.234037	2.22733	0.545867	3.13791	0.667852	3.94986	0.737398	3.53641	0.933696	1.66668	0.455015	1.95911	0.613036	3.3063	0.790673	2.21228	0.897553	3.24554
0.31377	1.53442	0.236112	2.22695	0.548776	3.10746	0.671526	3.93712	0.740714	3.58365	0.934452	1.67359	0.456832	1.94169	0.616119	3.3118	0.792741	2.22741	0.900586	3.26369
0.315202	1.54054	0.238186	2.22654	0.551657	3.07719	0.675188	3.9238	0.744075	3.63077	0.935413	1.68241	0.458633	1.92496	0.619207	3.31631	0.794823	2.24255	0.903635	3.28156
0.31664	1.54664	0.240261	2.22619	0.55451	3.047	0.678838	3.91003	0.74748	3.67774	0.936581	1.69306	0.460419	1.90883	0.622299	3.31981	0.79692	2.25778	0.906701	3.2992
0.318084	1.55277	0.242335	2.22583	0.557335	3.017	0.682474	3.89575	0.750928	3.72444	0.93796	1.70561	0.46219	1.89329	0.625393	3.32241	0.79903	2.27305	0.909783	3.31656
0.319534	1.55883	0.244408	2.22543	0.560132	2.98728	0.686097	3.8811	0.75442	3.77078	0.939556	1.72011	0.463947	1.87838	0.62849	3.32403	0.801155	2.28841	0.912881	3.33363
0.320989	1.56483	0.246481	2.22508	0.562901	2.95773	0.689706	3.86616	0.757955	3.81674	0.941166	1.73465	0.46569	1.86404	0.631587	3.3247	0.803294	2.30382	0.915995	3.35043
0.32245	1.57087	0.248554	2.22473	0.565643	2.92842	0.693301	3.85088	0.761532	3.86216	0.942789	1.74924	0.46742	1.85032	0.634685	3.32448	0.805448	2.31925	0.919124	3.3669
0.323916	1.57686	0.250627	2.2244	0.568358	2.89945	0.696882	3.83549	0.765152	3.90699	0.944425	1.7639	0.469138	1.83712	0.637782	3.32339	0.807616	2.33476	0.922268	3.38307
0.325388	1.58274	0.252699	2.22409	0.571046	2.87075	0.700448	3.81995	0.768812	3.95116	0.946075	1.77866	0.470843	1.82444	0.640878	3.32137	0.809799	2.35036	0.925428	3.39896
0.326865	1.58865	0.254771	2.22372	0.573707	2.84238	0.704	3.80431	0.772514	3.99463	0.947739	1.79351	0.472537	1.81232	0.643971	3.31857	0.811996	2.36599	0.928602	3.41452
0.328348	1.5945	0.256843	2.22339	0.576342	2.81431	0.707537	3.78872	0.776256	4.03724	0.949417	1.80841	0.47422	1.80073	0.647061	3.31497	0.814207	2.38165	0.93179	3.42981
0.329837	1.60028	0.258914	2.22311	0.578951	2.78658	0.71106	3.77313	0.780037	4.07898	0.951109	1.82344	0.475893	1.78962	0.650148	3.3105	0.816434	2.39738	0.934993	3.44474
0.33133	1.60607	0.260986	2.22279	0.581535	2.75924	0.714568	3.75757	0.783857	4.11985	0.952815	1.83857	0.477555	1.77894	0.65323	3.30523	0.818675	2.4132	0.938209	3.45935
0.332829	1.61181	0.263056	2.22248	0.584093	2.73231	0.718062	3.74214	0.787714	4.15969	0.954535	1.85379	0.479208	1.76877	0.656307	3.29926	0.82093	2.42902	0.941439	3.47365
0.334334	1.61747	0.265127	2.22218	0.586626	2.70574	0.721541	3.72688	0.791608	4.19847	0.956269	1.86913	0.480851	1.75906	0.659378	3.29254	0.823201	2.44487	0.944682	3.48761
0.335843	1.62308	0.267197	2.22188	0.589135	2.67956	0.725006	3.71181	0.795537	4.23617	0.958018	1.88456	0.482485	1.74978	0.662442	3.28504	0.825486	2.46078	0.947938	3.50118
0.337358	1.62867	0.269267	2.22159	0.591619	2.65384	0.728458	3.69692	0.799501	4.27282	0.959781	1.90011	0.484112	1.74093	0.665499	3.27686	0.827786	2.47672	0.951206	3.51441
0.338878	1.63421	0.271337	2.22129	0.59408	2.62849	0.731895	3.68222	0.803499	4.30832	0.961559	1.9158	0.48573	1.73244	0.668548	3.26801	0.830101	2.49271	0.954487	3.52729
0.340403	1.63969	0.273406	2.221	0.596517	2.60358	0.735319	3.6678	0.80753	4.34262	0.963351	1.93159	0.48734	1.72439	0.671589	3.25853	0.832431	2.50869	0.957779	3.53977
0.341934	1.64511	0.275475	2.22071	0.598931	2.57912	0.73873	3.65364	0.811591	4.37577	0.965158	1.94754	0.488943	1.71673	0.67462	3.24844	0.834776	2.5247	0.961083	3.55191
0.343469	1.65049	0.277544	2.22045	0.601323	2.55509	0.742127	3.63971	0.815683	4.40773	0.96698	1.96365	0.490539	1.70939	0.677642	3.23768	0.837136	2.54072	0.964397	3.56362
0.345009	1.65581	0.279613	2.22021	0.603693	2.53154	0.745512	3.626	0.819805	4.43851	0.968817	1.9799	0.492128	1.70242	0.680653	3.22634	0.83951	2.55672	0.967723	3.57496
0.346554	1.66108	0.281681	2.21995	0.60604	2.50842	0.748884	3.61252	0.823954	4.46803	0.970669	1.99634	0.493711	1.69579	0.683654	3.21447	0.8419	2.5727	0.971059	3.58591
0.348104	1.66631	0.28375	2.21967	0.608367	2.48572	0.752244	3.59934	0.82813	4.49638	0.972537	2.01291	0.495288	1.68951	0.686643	3.20206	0.844304	2.58871	0.974405	3.59636
0.349659	1.67149	0.285818	2.21942	0.610672	2.4635	0.755591	3.58637	0.832333	4.52352	0.97442	2.02969	0.496859	1.68358	0.689621	3.18912	0.846724	2.60466	0.97776	3.60646
0.351219	1.6766	0.287885	2.21915	0.612957	2.44173	0.758926	3.57359	0.836559	4.54946	0.976319	2.04665	0.498425	1.67791	0.692586	3.17569	0.849158	2.62051	0.981125	3.61612
0.352783	1.68169	0.289953	2.2189	0.615222	2.42044	0.76225	3.56101	0.84081	4.57423	0.978234	2.06381	0.499986	1.67255	0.695538	3.16179	0.851607	2.63638	0.984499	3.62528
0.354353	1.68669	0.29202	2.21867	0.617467	2.39958	0.765562	3.54861	0.845083	4.59778	0.980165	2.08118	0.501542	1.66749	0.698477	3.14745	0.85407	2.65219	0.987881	3.63399
0.355926	1.69164	0.294087	2.21844	0.619693	2.37912	0.768862	3.5364	0.849377	4.62018	0.982112	2.09876	0.503093	1.66265	0.701403	3.1327	0.856549	2.6679	0.99127	3.64227
0.357505	1.6966	0.296154	2.21822	0.621901	2.35915	0.772152	3.52436	0.853692	4.64141	0.984076	2.11664	0.50464	1.65814	0.704315	3.11752	0.859042	2.68355	0.994668	3.64999
0.359088	1.70147	0.29822	2.21796	0.624089	2.33964	0.77543	3.51241	0.858026	4.66151	0.986056	2.13477	0.506183	1.65387	0.707212	3.10198	0.861549	2.69907	0.998072	3.65723
0.360675	1.70624	0.300287	2.21772	0.62626	2.32054	0.778697	3.50057	0.862378	4.68046	0.988054	2.15313	0.507722	1.64984	0.710095	3.08609	0.864071	2.71448	1.00148	3.66076
0.362267	1.71101	0.302353	2.21749	0.628414	2.30192	0.781953	3.48887	0.866748	4.69825	0.990068	2.17173	0.509257	1.64602	0.712963	3.06986	0.866607	2.7298		
0.363863	1.7157	0.304419	2.21727	0.63055	2.2837	0.785198	3.47727	0.871133	4.71494	0.9921	2.19069	0.510789	1.64247	0.715815	3.05336	0.869158	2.74494		
0.365464	1.72035	0.306484	2.21708	0.632669	2.26592	0.788432	3.46568	0.875533	4.7305	0.99415	2.21003	0.512318	1.63915	0.718652	3.03658	0.871722	2.7599		
0.367069	1.72499	0.30855	2.21685	0.634772	2.24857	0.791656	3.45407	0.879948	4.74495	0.996218	2.22962	0.513843	1.63603	0.721474	3.01951	0.874301	2.77474		
0.368678	1.72954	0.310615	2.21662	0.636859	2.23158	0.794868	3.44255	0.884375	4.75832	0.998305	2.24959	0.515366	1.63311	0.724279	3.00222	0.876893	2.78941		
0.370292	1.73401	0.31268	2.21643	0.63893	2.21506	0.79807	3.43107	0.888814	4.77054	1.00041	2.25972	0.516886	1.63037	0.727068	2.98475	0.879498	2.80385		
0.37191	1.73848	0.314745	2.21622	0.640986	2.19893	0.801262	3.41955	0.893264	4.78167			0.518404	1.62783	0.729841	2.96705	0.882117	2.81811		
0.373531	1.74288	0.31681	2.21601	0.643028	2.18317	0.804442	3.40796	0.897724	4.7917			0.51992	1.62546	0.732597	2.94918	0.88475	2.83212		
0.375157	1.74724	0.318875	2.2158	0.645055	2.16786	0.807612	3.39639	0.902193	4.80059			0.521433	1.62333	0.735336	2.93121	0.887395	2.8459		
0.376787	1.75158	0.320939	2.21562	0.647067	2.15292	0.810771	3.38474	0.90667	4.80834			0.522945	1.62134	0.738059	2.9131	0.890053	2.85945		
0.378421	1.7558	0.323003	2.21542	0.649066	2.13831	0.813919	3.37302	0.911153	4.81496			0.524454	1.61947	0.740764	2.89486	0.892723	2.87268		
0.380059	1.75999	0.325067	2.21521	0.651052	2.12408	0.817056	3.36123	0.915642	4.82039			0.525962	1.6178	0.743453	2.87658	0.895405	2.88566		
0.381701	1.76418	0.327131	2.21503	0.653024	2.11026	0.820182	3.34932	0.920135	4.82461			0.527469	1.61631	0.746125	2.85825	0.8981	2.89838		
0.383346	1.76829	0.329195	2.21483	0.654984	2.09676	0.823298	3.33737	0.924632	4.82763			0.528974	1.6149	0.748779	2.83982	0.900806	2.91078		
0.384996	1.77236	0.331258	2.21462	0.656931	2.08364	0.826401	3.32531	0.929131	4.82937			0.530478	1.61365	0.751416	2.82141	0.903524	2.92284		
0.386649	1.77637	0.333321	2.21444	0.658867	2.07082	0.829494	3.31313	0.933631	4.82979			0.531981	1.61259	0.754036	2.80298	0.906253	2.93454		
0.388306	1.78031	0.335384	2.21428	0.66079	2.05833	0.832575	3.30081	0.938131	4.82887			0.533483	1.61161	0.756639	2.78457	0.908992	2.94596		
0.389966	1.78426	0.337447	2.21412	0.662702	2.04622	0.835645	3.28839	0.942629	4.82654			0.534984	1.61076	0.759225	2.76621	0.911742	2.95702		
0.391631	1.78814	0.33951	2.21394	0.664603	2.03442	0.838703	3.27585	0.947125	4.82274			0.536484	1.61004	0.761794	2.74788	0.914502	2.96771		
0.393298	1.79199	0.341573	2.21373	0.666493	2.02288	0.841749	3.26313	0.951616	4.8174			0.537984	1.60946	0.764346	2.72959	0.917272	2.97804		
0.39497	1.79578	0.343635	2.21356	0.668372	2.01169	0.844783	3.25032	0.956101	4.81048			0.539483	1.60895	0.76688	2.7114	0.920051	2.98792		
0.396645	1.7995	0.345698	2.2134	0.670242	2.00082	0.847805	3.23737	0.96058	4.80185			0.540982	1.60855	0.769398	2.69333	0.92284	2.99745		
0.398323	1.80323	0.34776	2.21321	0.672101	1.99019	0.850815	3.22426	0.965049	4.79143			0.542481	1.60832	0.771899	2.67537	0.925637	3.00664		
0.400005	1.80689	0.349822	2.21304	0.67395	1.97985	0.853813	3.21108	0.969508	4.77918			0.543979	1.60812	0.774383	2.65748	0.928442	3.01537		
0.40169	1.81052	0.351883	2.21288	0.67579	1.96982	0.856799	3.19767	0.973955	4.76497			0.545477	1.60803	0.776851	2.63975	0.931256	3.02366		
0.403378	1.81409	0.353945	2.21273	0.677621	1.96004	0.859772	3.18416	0.978387	4.74863			0.546976	1.60805	0.779302	2.62217	0.934077	3.03154		
0.40507	1.8176	0.356007	2.21254	0.679442	1.95053	0.862732	3.17056	0.982803	4.73013			0.548474	1.60818	0.781737	2.6047	0.936905	3.03899		
0.406765	1.82111	0.358068	2.21238	0.681255	1.94131	0.86568	3.1568	0.987201	4.70939			0.549972	1.60835	0.784156	2.58743	0.939739	3.04605		
0.408464	1.82458	0.360129	2.21226	0.68306	1.93231	0.868615	3.14288	0.991579	4.68627			0.551471	1.60862	0.786558	2.57034	0.942581	3.05266		
0.410165	1.82797	0.36219	2.21209	0.684856	1.92356	0.871536	3.12886	0.995933	4.66061			0.55297	1.60901	0.788945	2.55341	0.945428	3.05882		
0.41187	1.83135	0.364251	2.21189	0.686644	1.91504	0.874445	3.11478	1.00026	4.64713			0.554469	1.60942	0.791316	2.5367	0.94828	3.06453		
0.413578	1.83468	0.366312	2.21176	0.688424	1.90676	0.87734	3.10053					0.555969	1.60992	0.793672	2.52018	0.951138	3.06981		
0.415289	1.83796	0.368373	2.21162	0.690197	1.89873	0.880222	3.08611					0.557469	1.6105	0.796012	2.50379	0.954001	3.07464		
0.417003	1.84121	0.370433	2.21144	0.691962	1.89091	0.883091	3.07165					0.55897	1.61116	0.798338	2.48765	0.956867	3.079		
0.418719	1.84441	0.372493	2.21131	0.693721	1.8833	0.885946	3.05714					0.560471	1.61189	0.800648	2.47178	0.959738	3.08294		
0.420439	1.84763	0.374553	2.21114	0.695472	1.87591	0.888788	3.04248					0.561973	1.61266	0.802943	2.45608	0.962612	3.08641		
0.422162	1.85077	0.376614	2.21098	0.697216	1.86874	0.891615	3.02772					0.563476	1.61348	0.805225	2.44058	0.965489	3.08942		
0.423888	1.85388	0.378673	2.21086	0.698954	1.86178	0.894429	3.01287					0.56498	1.61437	0.807491	2.42535	0.968369	3.09203		
0.425617	1.85694	0.380733	2.21073	0.700685	1.85497	0.89723	2.99801					0.566484	1.61536	0.809744	2.41035	0.971251	3.09414		
0.427348	1.85997	0.382793	2.21059	0.70241	1.84838	0.900016	2.98307					0.56799	1.61637	0.811983	2.39552	0.974135	3.09582		
0.429083	1.86298	0.384852	2.21041	0.70413	1.84197	0.902788	2.96802					0.569496	1.61743	0.814208	2.38096	0.97702	3.0971		
0.43082	1.86592	0.386912	2.21025	0.705843	1.83576	0.905546	2.95299					0.571004	1.61854	0.816419	2.36665	0.979906	3.09792		
0.43256	1.86885	0.388971	2.21013	0.70755	1.82973	0.908291	2.93789					0.572512	1.61968	0.818618	2.35254	0.982792	3.09829		
0.434302	1.87175	0.39103	2.21004	0.709252	1.82382	0.911021	2.92273					0.574022	1.62091	0.820803	2.33867	0.985679	3.09822		
0.436047	1.87459	0.393089	2.20988	0.710949	1.81815	0.913737	2.90756					0.575533	1.62215	0.822976	2.32504	0.988565	3.09775		
0.437795	1.87743	0.395148	2.20973	0.71264	1.81261	0.916439	2.8924					0.577045	1.62343	0.825135	2.31163	0.991451	3.09685		
0.439546	1.88025	0.397207	2.20958	0.714326	1.80724	0.919127	2.8772					0.578558	1.6248	0.827283	2.29848	0.994336	3.09553		
0.441299	1.88301	0.399265	2.20943	0.716008	1.80203	0.9218	2.86202					0.580072	1.62618	0.829418	2.28557	0.997219	3.09384		
0.443055	1.88571	0.401324	2.20936	0.717684	1.79693	0.92446	2.84685					0.581588	1.62757	0.831542	2.27289	1.0001	3.09291		
0.444813	1.88842	0.403382	2.20921	0.719356	1.79204	0.927105	2.83169					0.583105	1.62903	0.833654	2.26043				
0.446573	1.89109	0.40544	2.20903	0.721024	1.78728	0.929736	2.81652					0.584623	1.63053	0.835754	2.24816				
0.448337	1.8937	0.407498	2.20893	0.722687	1.78264	0.932353	2.8014					0.586143	1.63201	0.837843	2.23616				
0.450102	1.89633	0.409556	2.20882	0.724345	1.77815	0.934956	2.78637					0.587664	1.63356	0.839921	2.22438				
0.45187	1.89893	0.411614	2.20865	0.726	1.77382	0.937545	2.77134					0.589187	1.63517	0.841988	2.21281				
0.453641	1.90147	0.413672	2.20852	0.727651	1.76957	0.94012	2.75632					0.590711	1.63679	0.844044	2.2015				
0.455413	1.90395	0.41573	2.20843	0.729297	1.76547	0.942681	2.74141					0.592237	1.6384	0.84609	2.19035				
0.457188	1.90647	0.417787	2.20831	0.73094	1.76151	0.945229	2.7266					0.593764	1.64009	0.848126	2.17943				
0.458966	1.90894	0.419845	2.20817	0.73258	1.7577	0.947762	2.7118					0.595293	1.64177	0.850151	2.16877				
0.460745	1.91135	0.421902	2.20803	0.734216	1.75397	0.950282	2.69711					0.596824	1.64349	0.852167	2.15827				
0.462527	1.91376	0.423959	2.20789	0.735848	1.75034	0.952788	2.68251					0.598356	1.64523	0.854173	2.14797				
0.464312	1.9161	0.426016	2.20782	0.737477	1.74684	0.95528	2.66796					0.599889	1.64698	0.856169	2.13791				
0.466098	1.91844	0.428073	2.20767	0.739103	1.74345	0.957759	2.65358					0.601425	1.64877	0.858157	2.12805				
0.467886	1.92082	0.43013	2.20752	0.740726	1.74021	0.960225	2.63929					0.602962	1.65058	0.860135	2.11836				
0.469677	1.92311	0.432186	2.20745	0.742346	1.73702	0.962677	2.62504					0.6045	1.6524	0.862104	2.10886				
0.47147	1.92535	0.434243	2.2073	0.743963	1.73396	0.965117	2.61095					0.606041	1.65423	0.864064	2.09957				
0.473265	1.92761	0.4363	2.20719	0.745577	1.731	0.967543	2.59699					0.607583	1.65609	0.866016	2.0905				
0.475062	1.92984	0.438356	2.20707	0.747188	1.72813	0.969956	2.58316					0.609127	1.65798	0.86796	2.08156				
0.476861	1.93201	0.440412	2.20693	0.748797	1.72537	0.972356	2.56943					0.610672	1.65987	0.869895	2.07281				
0.478662	1.93416	0.442468	2.20686	0.750403	1.72268	0.974744	2.55583					0.61222	1.66173	0.871822	2.06426				
0.480465	1.93634	0.444524	2.20672	0.752007	1.72008	0.977119	2.5424					0.613769	1.66365	0.873742	2.05585				
0.48227	1.93845	0.44658	2.20661	0.753608	1.71762	0.979481	2.5291					0.61532	1.66564	0.875653	2.04765				
0.484077	1.94053	0.448636	2.20652	0.755208	1.71521	0.981831	2.51592					0.616873	1.66758	0.877557	2.0396				
0.485886	1.94263	0.450692	2.20636	0.756805	1.71287	0.984169	2.50286					0.618427	1.66951	0.879454	2.03172				
0.487697	1.94467	0.452748	2.20625	0.758399	1.71064	0.986495	2.48999					0.619983	1.67146	0.881343	2.02402				
0.48951	1.94672	0.454803	2.20615	0.759992	1.70846	0.988809	2.47729					0.621542	1.67346	0.883225	2.01643				
0.491324	1.94873	0.456858	2.20603	0.761583	1.70642	0.991111	2.46468					0.623102	1.67545	0.8851	2.00901				
0.493141	1.95069	0.458914	2.20594	0.763172	1.70441	0.993402	2.45226					0.624664	1.67743	0.886969	2.00178				
0.494959	1.95262	0.460969	2.20581	0.764759	1.70246	0.995681	2.44001					0.626227	1.67949	0.88883	1.99469				
0.496779	1.95457	0.463024	2.20568	0.766344	1.70064	0.997948	2.42787					0.627793	1.68147	0.890686	1.9877				
0.498601	1.9565	0.465079	2.20558	0.767928	1.69888	1.0002	2.42185					0.629361	1.68348	0.892534	1.98091				
0.500425	1.95838	0.467134	2.20549	0.76951	1.69716							0.63093	1.68555	0.894377	1.97422				
0.502251	1.96027	0.469189	2.20541	0.77109	1.69554							0.632502	1.68754	0.896213	1.96769				
0.504078	1.96214	0.471243	2.20526	0.772669	1.69399							0.634075	1.68959	0.898043	1.96131				
0.505907	1.96398	0.473298	2.20515	0.774247	1.69245							0.63565	1.69165	0.899868	1.95501				
0.507738	1.96575	0.475352	2.20505	0.775823	1.69102							0.637227	1.6937	0.901686	1.94889				
0.50957	1.96755	0.477407	2.20493	0.777398	1.68964							0.638806	1.69575	0.903499	1.94287				
0.511404	1.96936	0.479461	2.20484	0.778972	1.68833							0.640387	1.6978	0.905307	1.93696				
0.513239	1.97111	0.481515	2.20475	0.780544	1.68709							0.64197	1.69989	0.907109	1.93122				
0.515077	1.97283	0.483569	2.20464	0.782115	1.68589							0.643554	1.70192	0.908905	1.92561				
0.516916	1.97453	0.485623	2.20451	0.783685	1.68477							0.645141	1.704	0.910697	1.92006				
0.518756	1.97626	0.487677	2.2044	0.785255	1.6837							0.64673	1.7061	0.912483	1.9146				
0.520598	1.97793	0.489731	2.20432	0.786823	1.68269							0.64832	1.70818	0.914264	1.90935				
0.522442	1.97957	0.491785	2.2042	0.78839	1.68171							0.649913	1.7102	0.916041	1.90416				
0.524287	1.98123	0.493838	2.2041	0.789956	1.68078							0.651507	1.71228	0.917813	1.89904				
0.526134	1.98287	0.495892	2.20402	0.791522	1.67991							0.653103	1.71441	0.91958	1.89406				
0.527982	1.98449	0.497945	2.2039	0.793087	1.67911							0.654701	1.71647	0.921342	1.88919				
0.529831	1.98607	0.499999	2.20381	0.794651	1.67834							0.656302	1.71853	0.9231	1.88445				
0.531683	1.98763	0.502052	2.20369	0.796214	1.67763							0.657904	1.72061	0.924853	1.87978				
0.533535	1.98918	0.504105	2.20359	0.797777	1.67698							0.659508	1.72268	0.926603	1.87517				
0.535389	1.99072	0.506158	2.20347	0.799339	1.67633							0.661114	1.72474	0.928348	1.8707				
0.537245	1.99227	0.508211	2.20337	0.800901	1.67574							0.662722	1.72684	0.930089	1.86634				
0.539102	1.99377	0.510264	2.20333	0.802462	1.67523							0.664332	1.72891	0.931825	1.86204				
0.54096	1.99525	0.512317	2.20319	0.804022	1.67475							0.665943	1.73097	0.933558	1.8578				
0.542819	1.99673	0.514369	2.20309	0.805582	1.6743							0.667557	1.73306	0.935287	1.85371				
0.544681	1.9982	0.516422	2.203	0.807142	1.67389							0.669173	1.73513	0.937012	1.84968				
0.546543	1.99966	0.518474	2.20288	0.808701	1.67353							0.67079	1.73719	0.938734	1.84569				
0.548407	2.00109	0.520527	2.20279	0.810261	1.67317							0.67241	1.73925	0.940452	1.84186				
0.550272	2.0025	0.522579	2.2027	0.811819	1.67288							0.674031	1.7413	0.942166	1.83808				
0.552138	2.0039	0.524631	2.20262	0.813378	1.67267							0.675654	1.74336	0.943877	1.83436				
0.554006	2.00526	0.526683	2.20251	0.814936	1.67245							0.67728	1.74544	0.945584	1.83074				
0.555875	2.00664	0.528735	2.20242	0.816494	1.67226							0.678907	1.74748	0.947288	1.82717				
0.557745	2.00802	0.530787	2.2023	0.818052	1.67214							0.680536	1.74952	0.948989	1.82374				
0.559616	2.00937	0.532839	2.2022	0.81961	1.672							0.682167	1.75157	0.950686	1.82034				
0.561489	2.01071	0.534891	2.20212	0.821168	1.67193							0.6838	1.75361	0.952381	1.81699				
0.563363	2.012	0.536942	2.20204	0.822725	1.6719							0.685435	1.75566	0.954072	1.81375				
0.565238	2.0133	0.538994	2.20196	0.824283	1.67188							0.687071	1.75764	0.955761	1.81055				
0.567115	2.01461	0.541045	2.20181	0.825841	1.67194							0.68871	1.75969	0.957446	1.80745				
0.568992	2.01589	0.543097	2.2017	0.827399	1.67198							0.69035	1.76174	0.959129	1.80439				
0.570871	2.01715	0.545148	2.20165	0.828956	1.67203							0.691993	1.76376	0.960808	1.8014				
0.572751	2.01837	0.547199	2.20158	0.830514	1.67217							0.693637	1.76575	0.962485	1.79848				
0.574632	2.0196	0.54925	2.20144	0.832072	1.67231							0.695283	1.76774	0.96416	1.79563				
0.576514	2.02088	0.551301	2.20133	0.83363	1.67245							0.696931	1.76976	0.965831	1.79284				
0.578398	2.0221	0.553352	2.20128	0.835189	1.67267							0.698581	1.77179	0.9675	1.7901				
0.580282	2.02326	0.555403	2.20118	0.836747	1.67292							0.700232	1.77376	0.969167	1.78741				
0.582168	2.02446	0.557454	2.20109	0.838306	1.67316							0.701886	1.77573	0.970831	1.78482				
0.584055	2.02565	0.559505	2.20098	0.839865	1.67339							0.703541	1.77775	0.972493	1.78228				
0.585943	2.02679	0.561555	2.20088	0.841424	1.67373							0.705198	1.7797	0.974152	1.77976				
0.587831	2.02795	0.563606	2.20083	0.842984	1.67408							0.706858	1.78167	0.975809	1.77729				
0.589721	2.02908	0.565656	2.2007	0.844544	1.6744							0.708518	1.78361	0.977464	1.77489				
0.591612	2.03023	0.567707	2.2006	0.846104	1.67478							0.710181	1.78557	0.979116	1.77259				
0.593504	2.03135	0.569757	2.20054	0.847664	1.67515							0.711846	1.78757	0.980767	1.77034				
0.595398	2.03243	0.571807	2.20045	0.849225	1.67556							0.713512	1.78949	0.982415	1.76808				
0.597292	2.03355	0.573857	2.20032	0.850787	1.67605							0.71518	1.79143	0.984061	1.76589				
0.599187	2.03466	0.575907	2.20026	0.852348	1.67652							0.71685	1.79336	0.985706	1.76377				
0.601083	2.03573	0.577957	2.20019	0.853911	1.67698							0.718522	1.79528	0.987348	1.76168				
0.60298	2.03678	0.580007	2.20005	0.855473	1.67746							0.720195	1.79722	0.988988	1.75969				
0.604878	2.03781	0.582057	2.19998	0.857036	1.67799							0.721871	1.79911	0.990627	1.7577				
0.606777	2.03888	0.584106	2.19991	0.8586	1.67855							0.723548	1.80104	0.992264	1.75575				
0.608678	2.03993	0.586156	2.1998	0.860164	1.67909							0.725227	1.80296	0.993899	1.75387				
0.610579	2.04093	0.588206	2.19971	0.861729	1.67969							0.726908	1.8048	0.995532	1.75201				
0.612481	2.04194	0.590255	2.19962	0.863294	1.68028							0.72859	1.80671	0.997163	1.7502				
0.614384	2.04296	0.592304	2.19955	0.86486	1.6809							0.730274	1.80861	0.998793	1.74845				
0.616287	2.04394	0.594354	2.19943	0.866426	1.68155							0.73196	1.81045	1.00042	1.7476				
0.618192	2.04491	0.596403	2.19934	0.867993	1.68216							0.733648	1.81231						
0.620098	2.04591	0.598452	2.19926	0.869561	1.68283							0.735337	1.8142						
0.622005	2.04688	0.600501	2.19918	0.871129	1.68354							0.737028	1.81606						
0.623912	2.04785	0.60255	2.1991	0.872698	1.68422							0.738721	1.8179						
0.625821	2.04877	0.604599	2.19899	0.874267	1.68493							0.740416	1.81974						
0.62773	2.04971	0.606647	2.1989	0.875838	1.68568							0.742112	1.82154						
0.62964	2.05065	0.608696	2.19885	0.877408	1.68643							0.74381	1.82335						
0.631551	2.05156	0.610745	2.19876	0.87898	1.68716							0.74551	1.82521						
0.633463	2.05249	0.612793	2.19864	0.880552	1.68794							0.747211	1.82702						
0.635376	2.0534	0.614842	2.19858	0.882125	1.68876							0.748914	1.82881						
0.637289	2.05425	0.61689	2.19847	0.883699	1.68954							0.750619	1.83061						
0.639203	2.05516	0.618938	2.19838	0.885274	1.69033							0.752325	1.8324						
0.641119	2.05605	0.620986	2.1983	0.886849	1.69117							0.754033	1.83417						
0.643035	2.0569	0.623034	2.19819	0.888425	1.69199							0.755743	1.83597						
0.644951	2.05776	0.625082	2.19813	0.890002	1.69284							0.757454	1.83771						
0.646869	2.05863	0.62713	2.19807	0.891579	1.6937							0.759167	1.83946						
0.648787	2.05947	0.629178	2.19796	0.893158	1.69457							0.760882	1.84125						
0.650707	2.06029	0.631226	2.19787	0.894737	1.69545							0.762598	1.84295						
0.652627	2.06114	0.633274	2.19779	0.896317	1.69636							0.764316	1.84468						
0.654547	2.06194	0.635321	2.19768	0.897898	1.69726							0.766036	1.84646						
0.656469	2.06277	0.637369	2.19762	0.89948	1.69815							0.767757	1.84816						
0.658391	2.06359	0.639416	2.19756	0.901062	1.6991							0.76948	1.84985						
0.660314	2.06437	0.641464	2.19745	0.902646	1.70002							0.771204	1.85161						
0.662238	2.06516	0.643511	2.19736	0.90423	1.70096							0.77293	1.85329						
0.664162	2.06596	0.645558	2.19728	0.905815	1.70194							0.774657	1.85494						
0.666087	2.06672	0.647606	2.1972	0.907401	1.70287							0.776386	1.85664						
0.668013	2.06747	0.649653	2.19709	0.908988	1.70384							0.778117	1.85834						
0.66994	2.06829	0.6517	2.197	0.910576	1.70481							0.779849	1.85999						
0.671867	2.06902	0.653746	2.19695	0.912165	1.7058							0.781583	1.86166						
0.673795	2.06976	0.655793	2.19685	0.913755	1.70681							0.783318	1.86334						
0.675724	2.07053	0.65784	2.19677	0.915346	1.7078							0.785055	1.86498						
0.677654	2.07124	0.659887	2.19669	0.916937	1.7088							0.786793	1.86661						
0.679584	2.07196	0.661933	2.19658	0.91853	1.70981							0.788533	1.86823						
0.681514	2.07269	0.66398	2.19652	0.920123	1.71087							0.790275	1.86984						
0.683446	2.07342	0.666026	2.19646	0.921718	1.71187							0.792017	1.87149						
0.685378	2.07412	0.668073	2.19635	0.923313	1.71289							0.793762	1.87309						
0.687311	2.07479	0.670119	2.19626	0.92491	1.71398							0.795508	1.87469						
0.689244	2.0755	0.672165	2.19618	0.926507	1.715							0.797255	1.8763						
0.691178	2.07622	0.674211	2.1961	0.928105	1.71607							0.799004	1.87787						
0.693113	2.07691	0.676257	2.19603	0.929705	1.71714							0.800754	1.87946						
0.695048	2.07758	0.678303	2.19595	0.931305	1.71816							0.802506	1.88103						
0.696984	2.07825	0.680349	2.19584	0.932906	1.71925							0.804259	1.88258						
0.698921	2.07891	0.682395	2.19575	0.934509	1.72035							0.806014	1.88416						
0.700858	2.07957	0.684441	2.19571	0.936112	1.72141							0.80777	1.88572						
0.702796	2.08019	0.686487	2.19561	0.937716	1.72249							0.809528	1.88723						
0.704734	2.08087	0.688532	2.19552	0.939322	1.72362							0.811287	1.88879						
0.706673	2.08154	0.690578	2.19545	0.940928	1.72473							0.813047	1.89034						
0.708613	2.08213	0.692623	2.19537	0.942536	1.7258							0.814809	1.89185						
0.710553	2.08276	0.694668	2.19529	0.944144	1.72688							0.816573	1.89334						
0.712494	2.0834	0.696714	2.19518	0.945753	1.72801							0.818337	1.89485						
0.714435	2.08405	0.698759	2.19513	0.947364	1.72912							0.820104	1.89637						
0.716378	2.08467	0.700804	2.19506	0.948975	1.73027							0.821871	1.89787						
0.71832	2.08523	0.702849	2.19496	0.950588	1.73139							0.82364	1.89935						
0.720263	2.08585	0.704894	2.19487	0.952202	1.7325							0.82541	1.90082						
0.722207	2.08648	0.706939	2.19479	0.953816	1.73364							0.827182	1.90229						
0.724151	2.08706	0.708984	2.19471	0.955432	1.73476							0.828955	1.90376						
0.726096	2.08764	0.711029	2.19464	0.957049	1.73587							0.830729	1.90522						
0.728041	2.08822	0.713073	2.19456	0.958667	1.73701							0.832505	1.90669						
0.729987	2.0888	0.715118	2.19445	0.960286	1.7382							0.834282	1.90812						
0.731933	2.08939	0.717163	2.1944	0.961906	1.73931							0.836061	1.90953						
0.73388	2.08994	0.719207	2.19433	0.963527	1.74045							0.837841	1.911						
0.735828	2.0905	0.721251	2.19423	0.965149	1.7416							0.839622	1.91243						
0.737776	2.09108	0.723296	2.19414	0.966772	1.74277							0.841404	1.91381						
0.739724	2.09163	0.72534	2.19406	0.968396	1.74394							0.843188	1.91523						
0.741673	2.09215	0.727384	2.19398	0.970022	1.74507							0.844973	1.91663						
0.743623	2.09271	0.729428	2.1939	0.971648	1.74622							0.846759	1.91803						
0.745573	2.09325	0.731472	2.19387	0.973275	1.74738							0.848547	1.91943						
0.747523	2.09381	0.733516	2.19377	0.974904	1.74855							0.850336	1.92082						
0.749474	2.09434	0.73556	2.19365	0.976534	1.74968							0.852126	1.92218						
0.751426	2.09483	0.737604	2.19359	0.978164	1.75087							0.853918	1.92355						
0.753378	2.09537	0.739648	2.19353	0.979796	1.75205							0.855711	1.92493						
0.75533	2.09589	0.741691	2.19342	0.981429	1.75319							0.857505	1.92625						
0.757283	2.09641	0.743735	2.19333	0.983063	1.75439							0.8593	1.9276						
0.759237	2.09689	0.745778	2.19329	0.984698	1.75557							0.861097	1.92897						
0.761191	2.09739	0.747822	2.19323	0.986334	1.75671							0.862894	1.93032						
0.763145	2.09793	0.749865	2.19313	0.987972	1.7579							0.864693	1.93161						
0.7651	2.09842	0.751908	2.19304	0.98961	1.75908							0.866494	1.93292						
0.767055	2.09892	0.753952	2.19296	0.99125	1.76022							0.868295	1.93427						
0.769011	2.09939	0.755995	2.19288	0.99289	1.76138							0.870098	1.9356						
0.770967	2.09988	0.758038	2.1928	0.994532	1.76258							0.871902	1.93689						
0.772924	2.10038	0.760081	2.19273	0.996174	1.76377							0.873707	1.93816						
0.774881	2.10082	0.762124	2.19266	0.997818	1.76495							0.875514	1.93945						
0.776839	2.10129	0.764167	2.19258	0.999463	1.76612							0.877321	1.94076						
0.778797	2.10179	0.766209	2.19251	1.00111	1.76668							0.87913	1.94203						
0.780755	2.10225	0.768252	2.1924									0.88094	1.94329						
0.782714	2.1027	0.770295	2.19234									0.882751	1.94458						
0.784673	2.10315	0.772337	2.19228									0.884563	1.94585						
0.786633	2.10359	0.77438	2.19218									0.886377	1.94707						
0.788593	2.10407	0.776422	2.19212									0.888192	1.9483						
0.790554	2.10453	0.778465	2.19202									0.890007	1.94958						
0.792515	2.10494	0.780507	2.19194									0.891824	1.9508						
0.794476	2.10537	0.782549	2.19189									0.893642	1.95204						
0.796438	2.10584	0.784591	2.1918									0.895462	1.95327						
0.7984	2.10625	0.786633	2.19171									0.897282	1.95444						
0.800362	2.10668	0.788675	2.19167									0.899104	1.95565						
0.802325	2.10712	0.790717	2.19158									0.900926	1.95688						
0.804289	2.10752	0.792759	2.19149									0.90275	1.95808						
0.806253	2.10794	0.794801	2.19142									0.904575	1.9593						
0.808217	2.10837	0.796842	2.19134									0.906401	1.96046						
0.810181	2.10876	0.798884	2.1913									0.908228	1.96162						
0.812146	2.10915	0.800926	2.19121									0.910056	1.96283						
0.814111	2.10959	0.802967	2.19109									0.911886	1.96398						
0.816077	2.11	0.805008	2.19103									0.913716	1.96514						
0.818043	2.11039	0.80705	2.19096									0.915547	1.96631						
0.82001	2.11076	0.809091	2.19089									0.91738	1.96744						
0.821976	2.11117	0.811132	2.19082									0.919214	1.9686						
0.823944	2.11156	0.813173	2.19075									0.921048	1.96972						
0.825911	2.11194	0.815215	2.19068									0.922884	1.97087						
0.827879	2.11234	0.817256	2.19057									0.924721	1.97203						
0.829847	2.11269	0.819296	2.19051									0.926559	1.97312						
0.831816	2.11309	0.821337	2.19045									0.928397	1.97422						
0.833785	2.11347	0.823378	2.19038									0.930237	1.97532						
0.835754	2.11381	0.825419	2.19031									0.932078	1.97645						
0.837724	2.11419	0.827459	2.1902									0.93392	1.97757						
0.839693	2.11457	0.8295	2.19011									0.935763	1.97868						
0.841664	2.11491	0.831541	2.19006									0.937607	1.97974						
0.843634	2.11526	0.833581	2.19001									0.939452	1.98082						
0.845605	2.11565	0.835621	2.18994									0.941298	1.98192						
0.847577	2.116	0.837662	2.18987									0.943145	1.98297						
0.849548	2.11632	0.839702	2.18976									0.944993	1.98405						
0.85152	2.11669	0.841742	2.18967									0.946842	1.9851						
0.853492	2.11703	0.843782	2.18963									0.948692	1.98618						
0.855465	2.11738	0.845822	2.18957									0.950543	1.98723						
0.857438	2.11774	0.847862	2.1895									0.952395	1.98827						
0.859411	2.11803	0.849902	2.18939									0.954248	1.98934						
0.861385	2.11839	0.851942	2.1893									0.956102	1.99035						
0.863359	2.11872	0.853982	2.1893									0.957957	1.99136						
0.865333	2.11903	0.856021	2.18922									0.959813	1.99242						
0.867307	2.11941	0.858061	2.18911									0.96167	1.99343						
0.869282	2.11971	0.860101	2.18901									0.963527	1.99444						
0.871257	2.12	0.86214	2.18897									0.965386	1.99546						
0.873232	2.12033	0.864179	2.18891									0.967246	1.99648						
0.875208	2.12068	0.866219	2.1888									0.969106	1.99747						
0.877184	2.121	0.868258	2.18875									0.970968	1.99844						
0.87916	2.12127	0.870297	2.18869									0.97283	1.99948						
0.881137	2.12159	0.872336	2.18862									0.974694	2.00047						
0.883114	2.12193	0.874376	2.18855									0.976558	2.00144						
0.885091	2.12221	0.876415	2.18848									0.978423	2.0024						
0.887068	2.1225	0.878453	2.18841									0.980289	2.00336						
0.889046	2.12283	0.880492	2.1883									0.982156	2.00435						
0.891024	2.1231	0.882531	2.18824									0.984024	2.00533						
0.893002	2.12342	0.88457	2.18818									0.985893	2.00625						
0.894981	2.12372	0.886609	2.18811									0.987763	2.00719						
0.896959	2.12399	0.888647	2.18804									0.989633	2.00817						
0.898938	2.12427	0.890686	2.18797									0.991505	2.00914						
0.900918	2.12455	0.892724	2.18789									0.993377	2.01006						
0.902897	2.12488	0.894763	2.18782									0.99525	2.01096						
0.904877	2.12515	0.896801	2.18775									0.997124	2.01193						
0.906857	2.12543	0.898839	2.18768									0.998999	2.01285						
0.908838	2.12572	0.900878	2.18764									1.00087	2.01325						
0.910818	2.12597	0.902916	2.18755																
0.912799	2.12625	0.904954	2.18747																
0.91478	2.12653	0.906992	2.18739																
0.916762	2.12678	0.90903	2.18735																
0.918743	2.12705	0.911068	2.18729																
0.920725	2.12734	0.913106	2.18719																
0.922707	2.12759	0.915143	2.1871																
0.92469	2.12786	0.917181	2.18706																
0.926672	2.12814	0.919219	2.187																
0.928655	2.12839	0.921256	2.1869																
0.930638	2.12863	0.923294	2.18685																
0.932622	2.12889	0.925331	2.18679																
0.934605	2.12914	0.927369	2.18672																
0.936589	2.1294	0.929406	2.18665																
0.938573	2.12965	0.931443	2.18658																
0.940558	2.12988	0.93348	2.1865																
0.942542	2.13014	0.935517	2.18643																
0.944527	2.13038	0.937554	2.18636																
0.946512	2.13065	0.939591	2.18628																
0.948497	2.13089	0.941628	2.18625																
0.950483	2.13109	0.943665	2.18616																
0.952468	2.13133	0.945702	2.18607																
0.954454	2.1316	0.947739	2.18603																
0.95644	2.13181	0.949775	2.18598																
0.958426	2.13206	0.951812	2.18591																
0.960413	2.13229	0.953849	2.18584																
0.9624	2.13248	0.955885	2.18577																
0.964387	2.13272	0.957922	2.18566																
0.966374	2.13296	0.959958	2.18561																
0.968361	2.13318	0.961994	2.18558																
0.970349	2.1334	0.96403	2.18549																
0.972337	2.13362	0.966067	2.18541																
0.974325	2.13388	0.968103	2.18537																
0.976313	2.13408	0.970139	2.18532																
0.978301	2.13426	0.972175	2.18521																
0.98029	2.13449	0.974211	2.18516																
0.982279	2.13472	0.976247	2.1851																
0.984268	2.1349	0.978282	2.18503																
0.986257	2.13511	0.980318	2.18496																
0.988246	2.13536	0.982354	2.18489																
0.990236	2.13555	0.98439	2.18486																
0.992225	2.13572	0.986425	2.18476																
0.994215	2.13596	0.988461	2.18468																
0.996206	2.13618	0.990496	2.18464																
0.998196	2.13637	0.992531	2.18458																
1.00019	2.13646	0.994567	2.18452																
		0.996602	2.18445																
		0.998637	2.18438																
		1.00067	2.18435																
