Sym0		Asym0		Sym1		Sym2		Sym3		Sym4		Asym1		Asym2		Asym3		Asym4	
496  Points		501  Points		375  Points		227  Points		185  Points		157  Points		449  Points		286  Points		199  Points		156  Points	
Freq (MHz)	Vph (m/ms)	Freq (MHz)	Vph (m/ms)	Freq (MHz)	Vph (m/ms)	Freq (MHz)	Vph (m/ms)	Freq (MHz)	Vph (m/ms)	Freq (MHz)	Vph (m/ms)	Freq (MHz)	Vph (m/ms)	Freq (MHz)	Vph (m/ms)	Freq (MHz)	Vph (m/ms)	Freq (MHz)	Vph (m/ms)
0.00274212	5.078	3.95031e-005	0.0539574	0.279503	301.54	0.329213	987.954	0.559018	2603.54	0.838529	1297.88	0.139756	974.36	0.419265	1160	0.658418	1022.78	0.698771	22206.5
0.00747277	5.07766	0.000203534	0.12233	0.279485	150.373	0.329301	260.333	0.559037	487.642	0.838547	531.476	0.139872	130.098	0.419292	324.246	0.658439	417.937	0.698789	725.515
0.0122022	5.07709	0.000493934	0.190304	0.279456	100.152	0.329489	149.998	0.559084	269.036	0.838579	334.166	0.140163	69.843	0.419349	188.486	0.658477	262.64	0.698838	368.808
0.0169296	5.07621	0.00090851	0.257572	0.279417	75.0717	0.329778	105.417	0.559158	185.779	0.838626	243.704	0.140627	47.8566	0.419437	132.879	0.658532	191.498	0.69892	247.269
0.0216541	5.07505	0.0014441	0.32387	0.279369	60.0317	0.330166	81.3215	0.559258	141.89	0.838688	191.794	0.141264	36.5002	0.419554	102.625	0.658605	150.692	0.699034	186
0.026375	5.07361	0.00209712	0.389033	0.279315	50.0081	0.330651	66.2402	0.559386	114.788	0.838765	158.122	0.142068	29.5856	0.419702	83.6076	0.658695	124.23	0.699181	149.081
0.0310914	5.07187	0.00286312	0.452861	0.279256	42.8498	0.331233	55.9194	0.55954	96.3912	0.838856	134.513	0.143035	24.9468	0.419881	70.5491	0.658803	105.68	0.699359	124.405
0.0358025	5.06984	0.00373702	0.515167	0.279194	37.4819	0.331908	48.4178	0.559721	83.0869	0.838962	117.044	0.14416	21.6285	0.420089	61.0302	0.658929	91.957	0.69957	106.75
0.0405074	5.06751	0.00471358	0.575832	0.279133	33.3075	0.332675	42.723	0.559929	73.0189	0.839083	103.595	0.145439	19.1442	0.420327	53.7847	0.659072	81.3939	0.699813	93.495
0.0452052	5.06486	0.0057871	0.634734	0.279075	29.9688	0.33353	38.2555	0.560164	65.1356	0.839218	92.923	0.146864	17.22	0.420596	48.0863	0.659233	73.0128	0.700088	83.1782
0.0498949	5.0619	0.00695179	0.691784	0.279022	27.238	0.334472	34.6596	0.560426	58.7962	0.839368	84.2484	0.148429	15.6896	0.420894	43.488	0.659412	66.2014	0.700394	74.9212
0.0545758	5.05863	0.00820189	0.746932	0.278978	24.9632	0.335497	31.7049	0.560714	53.5883	0.839533	77.0587	0.150129	14.4465	0.421222	39.7002	0.65961	60.5569	0.700733	68.1639
0.0592465	5.05502	0.00953138	0.800119	0.278945	23.0395	0.336603	29.2354	0.561029	49.2344	0.839713	71.0032	0.151956	13.4192	0.42158	36.5264	0.659825	55.8034	0.701103	62.5325
0.0639063	5.05107	0.0109346	0.851331	0.278926	21.3918	0.337788	27.1419	0.561371	45.5408	0.839908	65.8332	0.153904	12.558	0.421967	33.8292	0.660058	51.7458	0.701504	57.7679
0.068554	5.04677	0.0124061	0.900568	0.278925	19.965	0.339048	25.3457	0.561739	42.3684	0.840117	61.368	0.155966	11.8271	0.422384	31.5091	0.66031	48.2419	0.701937	53.6846
0.0731884	5.04211	0.0139403	0.947833	0.278943	18.718	0.340382	23.7885	0.562134	39.6144	0.84034	57.4729	0.158136	11.2004	0.422831	29.4925	0.660581	45.1859	0.702401	50.1468
0.0778084	5.03708	0.0155323	0.993161	0.278983	17.6192	0.341786	22.4264	0.562555	37.2015	0.840579	54.0454	0.160408	10.658	0.423306	27.724	0.66087	42.4973	0.702896	47.0524
0.0824127	5.03167	0.017177	1.03658	0.279049	16.644	0.343259	21.2255	0.563002	35.0703	0.840832	51.0062	0.162776	10.1848	0.423811	26.1608	0.661178	40.1138	0.703422	44.3232
0.087	5.02585	0.0188702	1.07814	0.279143	15.7731	0.344798	20.1592	0.563476	33.1745	0.841099	48.293	0.165235	9.76915	0.424345	24.7692	0.661505	37.9864	0.703979	41.8986
0.0915689	5.01962	0.0206073	1.11788	0.279267	14.9909	0.346401	19.2067	0.563976	31.4773	0.841382	45.8562	0.167778	9.40162	0.424907	23.5228	0.661852	36.0762	0.704566	39.7304
0.0961177	5.01295	0.0223845	1.15587	0.279425	14.2849	0.348066	18.351	0.564502	29.9493	0.841679	43.6556	0.170401	9.0748	0.425499	22.4002	0.662217	34.3516	0.705184	37.7804
0.100645	5.00583	0.0241982	1.19216	0.279618	13.6449	0.349791	17.5785	0.565055	28.5665	0.84199	41.6586	0.173098	8.78268	0.426119	21.384	0.662603	32.7869	0.705832	36.0173
0.105149	4.99824	0.0260448	1.22683	0.279849	13.0623	0.351575	16.8779	0.565633	27.3094	0.842317	39.8383	0.175865	8.52031	0.426767	20.4599	0.663008	31.3612	0.706511	34.4157
0.109629	4.99015	0.0279213	1.25992	0.280122	12.5301	0.353415	16.2398	0.566237	26.1618	0.842657	38.1724	0.178698	8.28365	0.427444	19.6161	0.663432	30.0566	0.707219	32.9545
0.114081	4.98156	0.0298247	1.29151	0.280437	12.0423	0.35531	15.6566	0.566867	25.11	0.843013	36.642	0.181593	8.06932	0.428149	18.8428	0.663877	28.8587	0.707957	31.6163
0.118505	4.97242	0.0317525	1.32167	0.280799	11.594	0.357258	15.1217	0.567523	24.1426	0.843383	35.2313	0.184545	7.87449	0.428882	18.1316	0.664342	27.7548	0.708724	30.3863
0.122897	4.96272	0.0337022	1.35045	0.281209	11.1808	0.359259	14.6294	0.568205	23.2501	0.843767	33.9269	0.187551	7.69676	0.429642	17.4754	0.664827	26.7344	0.709521	29.2519
0.127256	4.95243	0.0356716	1.37793	0.28167	10.7991	0.36131	14.1751	0.568912	22.4242	0.844166	32.7173	0.190607	7.53411	0.430431	16.8683	0.665333	25.7886	0.710347	28.2027
0.13158	4.94152	0.0376588	1.40415	0.282185	10.4457	0.36341	13.7548	0.569644	21.6577	0.84458	31.5925	0.19371	7.38481	0.431247	16.3049	0.665859	24.9094	0.711203	27.2294
0.135865	4.92996	0.0396618	1.42919	0.282757	10.118	0.365558	13.3648	0.570402	20.9446	0.845008	30.544	0.19645	7.26442	0.43209	15.7809	0.666406	24.0902	0.712087	26.3242
0.14011	4.91772	0.0416789	1.45309	0.28339	9.81342	0.367754	13.0021	0.571185	20.2795	0.84545	29.5644	0.198811	7.16825	0.432961	15.2923	0.666974	23.3252	0.713	25.4804
0.144311	4.90476	0.0437089	1.47592	0.284084	9.53	0.369994	12.6642	0.571993	19.658	0.845907	28.647	0.200779	7.09286	0.433859	14.8358	0.667563	22.6091	0.713941	24.6919
0.148464	4.89106	0.0457501	1.49773	0.284845	9.26592	0.37228	12.3486	0.572827	19.0758	0.846378	27.7863	0.202346	7.03572	0.434783	14.4084	0.668174	21.9375	0.714911	23.9536
0.152568	4.87658	0.0475371	1.51594	0.285675	9.01955	0.374609	12.0534	0.573685	18.5295	0.846864	26.9771	0.203503	6.99503	0.435735	14.0075	0.668805	21.3065	0.715909	23.2609
0.156619	4.86129	0.049066	1.5309	0.286577	8.78948	0.376982	11.7767	0.574568	18.0159	0.847364	26.215	0.204246	6.96956	0.436713	13.6307	0.669458	20.7125	0.716936	22.6098
0.160613	4.84514	0.0503337	1.5429	0.287555	8.57445	0.379395	11.5169	0.575476	17.5322	0.847879	25.496	0.205317	6.93368	0.437718	13.276	0.670133	20.1525	0.71799	21.9967
0.164547	4.82811	0.0513381	1.55216	0.288612	8.37334	0.38185	11.2726	0.576409	17.0759	0.848408	24.8166	0.206486	6.89566	0.43875	12.9415	0.670829	19.6236	0.719072	21.4185
0.168417	4.81017	0.0520778	1.55884	0.289751	8.18515	0.384345	11.0425	0.577366	16.6448	0.848951	24.1737	0.208082	6.8455	0.439808	12.6258	0.671547	19.1234	0.720182	20.8723
0.172219	4.79127	0.0525516	1.56306	0.290977	8.00898	0.386879	10.8255	0.578348	16.237	0.849509	23.5644	0.210111	6.78452	0.440892	12.3272	0.672286	18.6497	0.72132	20.3556
0.175951	4.7714	0.0532334	1.56905	0.292292	7.84403	0.389451	10.6206	0.579354	15.8506	0.850081	22.9862	0.21258	6.71419	0.442002	12.0445	0.673048	18.2004	0.722484	19.8662
0.179607	4.75053	0.0539753	1.57547	0.2937	7.68955	0.392061	10.4269	0.580384	15.4841	0.850667	22.4368	0.215497	6.63614	0.443139	11.7765	0.673831	17.7738	0.723676	19.4019
0.183185	4.72864	0.0549855	1.58403	0.295204	7.54489	0.394707	10.2434	0.581439	15.136	0.851268	21.9142	0.218869	6.55199	0.444302	11.5221	0.674637	17.3682	0.724896	18.961
0.186681	4.7057	0.056265	1.5946	0.296596	7.42635	0.39739	10.0696	0.582517	14.805	0.851883	21.4163	0.222265	6.47312	0.445491	11.2803	0.675465	16.9822	0.726142	18.5417
0.190092	4.68172	0.057815	1.60701	0.297843	7.33054	0.400109	9.90464	0.58362	14.4899	0.852512	20.9416	0.225684	6.39906	0.446706	11.0504	0.676314	16.6144	0.727415	18.1426
0.193414	4.6567	0.0596367	1.62106	0.298917	7.25479	0.402862	9.74797	0.584746	14.1897	0.853155	20.4885	0.229124	6.32938	0.447947	10.8315	0.677186	16.2635	0.728715	17.7623
0.196646	4.63063	0.0617312	1.63655	0.299795	7.19704	0.40565	9.59902	0.585897	13.9033	0.853813	20.0556	0.232582	6.26371	0.449214	10.6228	0.678081	15.9286	0.730042	17.3995
0.199784	4.60354	0.0638294	1.65138	0.300456	7.15575	0.408471	9.45727	0.587071	13.6298	0.854485	19.6415	0.236058	6.20169	0.450507	10.4237	0.678997	15.6085	0.731396	17.0531
0.202828	4.57545	0.0659308	1.6656	0.300886	7.12984	0.411325	9.32225	0.588269	13.3684	0.855171	19.2451	0.239548	6.14303	0.451826	10.2336	0.679936	15.3024	0.732776	16.722
0.205776	4.5464	0.0680351	1.67924	0.301515	7.09327	0.414211	9.19354	0.58949	13.1184	0.855871	18.8653	0.243052	6.08745	0.453171	10.052	0.680897	15.0093	0.734182	16.4053
0.208628	4.51644	0.0701416	1.69231	0.302211	7.05443	0.417129	9.07073	0.590736	12.8791	0.856585	18.5011	0.246568	6.03469	0.454542	9.87825	0.68188	14.7284	0.735615	16.1021
0.211383	4.48561	0.0722501	1.70486	0.30318	7.00306	0.420078	8.95347	0.592004	12.6498	0.857313	18.1516	0.250095	5.98453	0.45594	9.71198	0.682885	14.4592	0.737074	15.8115
0.214043	4.45398	0.0743603	1.71691	0.304442	6.94046	0.423059	8.84141	0.593296	12.43	0.858056	17.8158	0.25363	5.93677	0.457364	9.55273	0.683913	14.2008	0.738559	15.533
0.216608	4.42164	0.0764718	1.72848	0.306023	6.86814	0.426069	8.73425	0.594611	12.219	0.858812	17.4931	0.257173	5.89121	0.458815	9.40011	0.684963	13.9527	0.740071	15.2656
0.21908	4.38864	0.0785845	1.7396	0.307954	6.78781	0.429109	8.63171	0.59595	12.0164	0.859583	17.1827	0.260721	5.84769	0.460293	9.25374	0.686035	13.7142	0.741608	15.0089
0.221463	4.35508	0.0806979	1.75028	0.310273	6.7013	0.432178	8.53351	0.597312	11.8218	0.860367	16.884	0.264274	5.80604	0.461797	9.11328	0.687129	13.4849	0.743172	14.7622
0.223758	4.32105	0.082812	1.76056	0.312701	6.62052	0.435275	8.43942	0.598697	11.6347	0.861166	16.5962	0.267829	5.76614	0.463328	8.97842	0.688245	13.2643	0.744761	14.5249
0.225969	4.28663	0.0849265	1.77044	0.315237	6.54509	0.438401	8.34921	0.600106	11.4547	0.861978	16.3189	0.271387	5.72783	0.464887	8.84886	0.689383	13.0519	0.746376	14.2966
0.228101	4.25191	0.0870413	1.77996	0.317878	6.47468	0.441555	8.26266	0.601537	11.2814	0.862805	16.0514	0.274945	5.69101	0.466473	8.72432	0.690543	12.8472	0.748017	14.0769
0.230156	4.21699	0.0891562	1.78912	0.320622	6.40895	0.444736	8.17958	0.602992	11.1144	0.863645	15.7933	0.278501	5.65556	0.468086	8.60457	0.691725	12.6499	0.749684	13.8651
0.23214	4.18194	0.0912711	1.79794	0.323466	6.34759	0.447944	8.09978	0.60447	10.9536	0.8645	15.5441	0.282055	5.62138	0.469728	8.48935	0.692928	12.4597	0.751377	13.661
0.234055	4.14685	0.0933858	1.80645	0.326407	6.29029	0.451178	8.0231	0.605971	10.7985	0.865368	15.3033	0.285606	5.58838	0.471398	8.37845	0.694154	12.276	0.753095	13.4642
0.235908	4.1118	0.0955004	1.81465	0.32944	6.23676	0.454439	7.94937	0.607495	10.6488	0.866251	15.0706	0.289152	5.55646	0.473096	8.27166	0.6954	12.0987	0.754839	13.2743
0.237702	4.07686	0.0976146	1.82255	0.332561	6.18673	0.457725	7.87845	0.609043	10.5044	0.867147	14.8456	0.292691	5.52555	0.474823	8.16879	0.696668	11.9274	0.756608	13.0909
0.239441	4.04209	0.0997284	1.83018	0.335766	6.13992	0.461036	7.81019	0.610614	10.3649	0.868057	14.6278	0.296223	5.49556	0.476579	8.06965	0.697958	11.7619	0.758403	12.9138
0.241129	4.00756	0.101842	1.83755	0.33905	6.09611	0.464372	7.74447	0.612208	10.2302	0.868981	14.417	0.299746	5.46644	0.478365	7.97409	0.699268	11.6018	0.760223	12.7426
0.242771	3.97332	0.103954	1.84466	0.342407	6.05504	0.467732	7.68117	0.613825	10.1	0.869919	14.2129	0.30326	5.43811	0.480181	7.88195	0.7006	11.447	0.762069	12.5771
0.24437	3.93943	0.106067	1.85153	0.345833	6.01649	0.471117	7.62016	0.615466	9.97408	0.87087	14.0151	0.306762	5.41051	0.482027	7.79306	0.701952	11.2971	0.76394	12.4171
0.24593	3.90591	0.108178	1.85817	0.349323	5.98027	0.474086	7.56878	0.61713	9.85229	0.871835	13.8234	0.310251	5.3836	0.483903	7.7073	0.703325	11.152	0.765836	12.2622
0.247455	3.87282	0.110289	1.86458	0.352871	5.94618	0.476631	7.52625	0.618818	9.73444	0.872815	13.6374	0.313727	5.3573	0.485563	7.63502	0.704719	11.0114	0.767758	12.1123
0.248947	3.84018	0.112399	1.87079	0.356474	5.91404	0.478745	7.49193	0.62053	9.62037	0.873808	13.4571	0.317189	5.33158	0.486998	7.57513	0.706133	10.8752	0.769705	11.9671
0.250411	3.80803	0.114509	1.8768	0.360126	5.88368	0.480423	7.46531	0.622265	9.50991	0.874814	13.282	0.320634	5.30639	0.488197	7.52677	0.707568	10.7431	0.771678	11.8265
0.251848	3.77637	0.116617	1.88261	0.363823	5.85496	0.48166	7.44603	0.624024	9.4029	0.875835	13.112	0.324062	5.28168	0.489153	7.48927	0.709022	10.615	0.773675	11.6902
0.25308	3.74921	0.118725	1.88824	0.36756	5.82772	0.482453	7.43382	0.625807	9.29922	0.876869	12.9469	0.327472	5.25743	0.489861	7.46209	0.710497	10.4908	0.775698	11.558
0.254118	3.72638	0.120833	1.89369	0.371334	5.80185	0.483595	7.41644	0.627615	9.19873	0.877917	12.7865	0.330862	5.23357	0.490317	7.44488	0.711991	10.3702	0.777746	11.4298
0.254968	3.70773	0.122939	1.89898	0.37514	5.77721	0.48484	7.39778	0.629446	9.10129	0.878978	12.6305	0.334232	5.21009	0.490974	7.42037	0.713505	10.2531	0.779819	11.3055
0.255636	3.69313	0.125044	1.9041	0.378974	5.75371	0.486537	7.37276	0.631303	9.00679	0.880054	12.4789	0.33758	5.18695	0.491693	7.39405	0.715039	10.1394	0.781917	11.1849
0.256124	3.68248	0.127149	1.90906	0.382834	5.73124	0.48869	7.34172	0.633183	8.91512	0.881143	12.3315	0.340906	5.16412	0.492677	7.35877	0.716592	10.0289	0.78404	11.0677
0.256435	3.6757	0.129253	1.91388	0.386715	5.7097	0.491306	7.30506	0.635089	8.82617	0.882245	12.188	0.344207	5.14157	0.493932	7.31499	0.718163	9.92154	0.786188	10.954
0.256881	3.666	0.131356	1.91855	0.390614	5.68901	0.494389	7.26323	0.63702	8.73984	0.883362	12.0483	0.347484	5.11927	0.495467	7.26327	0.719754	9.81715	0.788362	10.8435
0.257363	3.65553	0.133459	1.92309	0.394529	5.66911	0.497948	7.21672	0.638976	8.65603	0.884492	11.9123	0.350735	5.0972	0.497291	7.20426	0.721363	9.71564	0.790559	10.7361
0.258017	3.64141	0.13556	1.9275	0.398457	5.6499	0.501527	7.17176	0.640958	8.57465	0.885635	11.7799	0.353959	5.07533	0.499415	7.13868	0.722991	9.61689	0.792782	10.6318
0.258839	3.62374	0.137661	1.93178	0.402394	5.63133	0.505127	7.12827	0.642966	8.49562	0.886792	11.6509	0.357155	5.05365	0.501573	7.07529	0.724638	9.5208	0.79503	10.5304
0.259826	3.60265	0.139761	1.93593	0.406338	5.61334	0.508748	7.08619	0.645	8.41886	0.887963	11.5252	0.360323	5.03213	0.503764	7.01402	0.726302	9.42726	0.797302	10.4317
0.260976	3.57832	0.14186	1.93998	0.410287	5.59588	0.512388	7.04547	0.64706	8.34427	0.889147	11.4027	0.363461	5.01076	0.50599	6.95479	0.727985	9.3362	0.799599	10.3358
0.262287	3.55092	0.143959	1.94391	0.414239	5.57888	0.516049	7.00604	0.649147	8.2718	0.890345	11.2833	0.366569	4.98952	0.50825	6.89753	0.729685	9.24751	0.801921	10.2425
0.263588	3.52409	0.146057	1.94773	0.418192	5.56232	0.519728	6.96786	0.651261	8.20138	0.891557	11.1668	0.369646	4.96839	0.510545	6.84216	0.731403	9.16111	0.804267	10.1516
0.264882	3.49782	0.148154	1.95145	0.422142	5.54613	0.523427	6.93087	0.653403	8.13293	0.892782	11.0531	0.372691	4.94736	0.512874	6.78861	0.733138	9.07692	0.806638	10.0632
0.26617	3.47211	0.15025	1.95506	0.426089	5.5303	0.527144	6.89503	0.655573	8.06639	0.894021	10.9423	0.375703	4.92642	0.515239	6.73683	0.734891	8.99486	0.809033	9.97711
0.267452	3.44694	0.152345	1.95859	0.430031	5.51477	0.530879	6.86028	0.657771	8.0017	0.895273	10.834	0.378683	4.90556	0.517638	6.68674	0.736661	8.91486	0.811453	9.89328
0.268731	3.42233	0.15444	1.96202	0.433966	5.49952	0.534632	6.82659	0.659997	7.93881	0.896539	10.7284	0.381628	4.88476	0.520072	6.63829	0.738448	8.83685	0.813897	9.81162
0.270006	3.39825	0.156534	1.96536	0.437892	5.48451	0.538402	6.79391	0.661962	7.88543	0.897818	10.6252	0.38454	4.86403	0.522541	6.59142	0.740251	8.76075	0.816365	9.73207
0.271279	3.37469	0.158628	1.96861	0.441807	5.46973	0.54219	6.7622	0.663653	7.84093	0.899111	10.5245	0.387417	4.84334	0.525045	6.54607	0.742071	8.68651	0.818857	9.65455
0.27255	3.35166	0.16072	1.97178	0.445711	5.45513	0.545994	6.73142	0.665065	7.80484	0.900417	10.4261	0.39026	4.8227	0.527583	6.50219	0.743908	8.61407	0.821373	9.57899
0.273821	3.32914	0.162812	1.97488	0.449602	5.44071	0.549813	6.70154	0.666189	7.77673	0.901737	10.3299	0.393067	4.80211	0.530156	6.45972	0.745761	8.54335	0.823914	9.50533
0.275091	3.30712	0.164904	1.97789	0.453478	5.42643	0.553649	6.67251	0.66702	7.7563	0.903071	10.2359	0.395839	4.78155	0.532763	6.41862	0.74763	8.47432	0.826478	9.43351
0.276361	3.2856	0.166995	1.98083	0.457338	5.41228	0.557499	6.64431	0.667554	7.74334	0.904418	10.1441	0.398576	4.76102	0.535404	6.37883	0.749515	8.4069	0.829066	9.36348
0.277633	3.26455	0.169085	1.9837	0.461181	5.39824	0.561364	6.6169	0.668325	7.72484	0.905778	10.0543	0.401277	4.74053	0.538078	6.34032	0.751417	8.34106	0.831677	9.29516
0.278906	3.24398	0.171174	1.98651	0.465006	5.3843	0.565243	6.59024	0.669166	7.70493	0.907152	9.96646	0.403942	4.72006	0.540785	6.30302	0.753333	8.27674	0.834312	9.22851
0.280181	3.22387	0.173263	1.98924	0.468812	5.37043	0.569135	6.56432	0.670316	7.67817	0.90854	9.88057	0.406573	4.69963	0.543525	6.2669	0.755266	8.21389	0.83697	9.16348
0.281458	3.20422	0.175351	1.99191	0.472597	5.35662	0.57304	6.53909	0.671782	7.64484	0.909941	9.79654	0.409167	4.67923	0.546297	6.2319	0.757214	8.15247	0.839652	9.10002
0.282737	3.185	0.177439	1.99451	0.476361	5.34286	0.576957	6.51453	0.67357	7.60528	0.911356	9.71433	0.411727	4.65887	0.549099	6.198	0.759177	8.09243	0.842357	9.03807
0.28402	3.16622	0.179526	1.99706	0.480103	5.32914	0.580886	6.4906	0.67569	7.55992	0.912784	9.63388	0.414252	4.63853	0.551933	6.16515	0.760901	8.04121	0.845084	8.97759
0.285306	3.14786	0.181613	1.99955	0.483822	5.31545	0.584825	6.46729	0.678153	7.5092	0.914226	9.55514	0.416742	4.61824	0.554796	6.1333	0.762379	7.99833	0.847835	8.91854
0.286596	3.12992	0.183699	2.00198	0.487517	5.30178	0.588775	6.44457	0.680649	7.45988	0.915681	9.47805	0.419198	4.59798	0.557688	6.10241	0.763608	7.96341	0.850608	8.86087
0.287889	3.11237	0.185785	2.00436	0.491188	5.28812	0.592734	6.42241	0.683179	7.41192	0.91715	9.40258	0.421621	4.57777	0.560608	6.07246	0.764583	7.93613	0.853404	8.80454
0.289187	3.09523	0.18787	2.00668	0.494833	5.27445	0.596701	6.40078	0.685743	7.36529	0.918632	9.32867	0.42401	4.55761	0.563555	6.0434	0.765303	7.91626	0.856223	8.74952
0.290489	3.07846	0.189954	2.00896	0.498452	5.26078	0.600676	6.37966	0.688343	7.31996	0.920128	9.25629	0.426366	4.53749	0.566529	6.01519	0.765765	7.90362	0.859064	8.69576
0.291795	3.06207	0.192039	2.01118	0.502044	5.2471	0.604658	6.35903	0.690977	7.27588	0.921638	9.18538	0.42869	4.51744	0.569529	5.9878	0.76643	7.88557	0.861926	8.64322
0.293106	3.04605	0.194122	2.01336	0.505609	5.2334	0.608647	6.33886	0.693648	7.23305	0.923161	9.11591	0.430983	4.49744	0.572553	5.9612	0.767154	7.86609	0.864811	8.59187
0.294422	3.03038	0.196205	2.01548	0.509146	5.21967	0.61264	6.31913	0.696355	7.19141	0.924697	9.04785	0.433244	4.47751	0.5756	5.93535	0.768142	7.83985	0.867718	8.54169
0.295743	3.01506	0.198288	2.01757	0.512655	5.20592	0.616637	6.29982	0.6991	7.15095	0.926248	8.98114	0.435476	4.45765	0.57867	5.91023	0.769398	7.80705	0.870646	8.49262
0.297068	3.00008	0.20037	2.01961	0.516135	5.19214	0.620638	6.28091	0.701882	7.11164	0.927812	8.91576	0.437678	4.43786	0.581761	5.88579	0.770923	7.76798	0.873595	8.44464
0.298399	2.98543	0.202452	2.02161	0.519586	5.17832	0.624641	6.26238	0.704704	7.07345	0.92939	8.85167	0.43985	4.41815	0.584872	5.86201	0.772723	7.72293	0.876566	8.39773
0.299735	2.9711	0.204533	2.02356	0.523007	5.16446	0.628646	6.2442	0.707564	7.03636	0.930981	8.78884	0.441995	4.39853	0.588002	5.83886	0.774802	7.67227	0.879558	8.35184
0.301077	2.95709	0.206614	2.02548	0.526399	5.15057	0.63265	6.22635	0.710465	7.00035	0.932586	8.72723	0.444112	4.379	0.591151	5.81631	0.776896	7.62268	0.88257	8.30696
0.302424	2.94338	0.208695	2.02736	0.52976	5.13663	0.636654	6.20883	0.713407	6.96539	0.934205	8.66682	0.446203	4.35956	0.594316	5.79434	0.779004	7.57412	0.885603	8.26304
0.303776	2.92998	0.210775	2.0292	0.533091	5.12265	0.640657	6.1916	0.716389	6.93146	0.935838	8.60756	0.448267	4.34022	0.597498	5.77292	0.781127	7.52659	0.888263	8.22555
0.305134	2.91686	0.212854	2.031	0.536391	5.10862	0.644656	6.17466	0.719414	6.89853	0.937484	8.54944	0.450306	4.32099	0.600694	5.75202	0.783265	7.48003	0.890543	8.19414
0.306497	2.90403	0.214934	2.03277	0.539661	5.09455	0.648652	6.15798	0.722481	6.8666	0.939144	8.49243	0.452321	4.30186	0.603903	5.73162	0.785417	7.43444	0.892436	8.16854
0.307866	2.89148	0.217012	2.03451	0.542899	5.08044	0.652643	6.14154	0.725591	6.83563	0.940818	8.43649	0.454313	4.28285	0.607125	5.71169	0.787584	7.38978	0.893938	8.14854
0.309241	2.8792	0.219091	2.03621	0.546106	5.06628	0.656628	6.12534	0.728745	6.8056	0.942506	8.3816	0.456281	4.26395	0.610359	5.69222	0.789766	7.34603	0.895046	8.13397
0.310622	2.86718	0.221169	2.03788	0.549283	5.05208	0.660606	6.10935	0.731943	6.7765	0.943989	8.3346	0.458227	4.24518	0.613602	5.67317	0.791962	7.30317	0.895756	8.1247
0.312007	2.85541	0.223247	2.03951	0.552428	5.03784	0.664576	6.09356	0.735185	6.74831	0.945261	8.29514	0.460152	4.22653	0.616855	5.65454	0.794172	7.26116	0.896779	8.11145
0.313399	2.8439	0.225324	2.04112	0.555541	5.02355	0.668538	6.07796	0.738472	6.721	0.946318	8.26293	0.462056	4.20801	0.620116	5.63629	0.796397	7.22001	0.897893	8.09716
0.314796	2.83263	0.227402	2.04269	0.558624	5.00923	0.67249	6.06254	0.741804	6.69456	0.947158	8.23771	0.46394	4.18962	0.623384	5.61842	0.798637	7.17967	0.899412	8.07789
0.3162	2.8216	0.229478	2.04424	0.561676	4.99486	0.676431	6.04728	0.745182	6.66897	0.947778	8.21931	0.465805	4.17136	0.626658	5.60089	0.800891	7.14013	0.90134	8.05381
0.317608	2.8108	0.231555	2.04576	0.564697	4.98046	0.68036	6.03216	0.748605	6.64421	0.948176	8.2076	0.467651	4.15324	0.629937	5.5837	0.80316	7.10137	0.903681	8.0251
0.319023	2.80023	0.233631	2.04725	0.567687	4.96602	0.684278	6.01719	0.752075	6.62026	0.948749	8.19086	0.469479	4.13526	0.63322	5.56683	0.805444	7.06337	0.906441	7.99198
0.320443	2.78988	0.235707	2.04871	0.570646	4.95156	0.688182	6.00235	0.75559	6.5971	0.949373	8.17277	0.47129	4.11742	0.636505	5.55025	0.807742	7.02612	0.909625	7.95471
0.321868	2.77974	0.237782	2.05015	0.573575	4.93706	0.692073	5.98762	0.759151	6.57471	0.950225	8.14836	0.473085	4.09973	0.639793	5.53396	0.810055	6.98959	0.912828	7.91821
0.3233	2.76982	0.239858	2.05156	0.576474	4.92253	0.695949	5.97302	0.762758	6.55307	0.951308	8.1178	0.474863	4.08218	0.643082	5.51794	0.812383	6.95378	0.916049	7.88245
0.324737	2.7601	0.241932	2.05295	0.579343	4.90798	0.699811	5.95851	0.76641	6.53216	0.952624	8.08131	0.476627	4.06479	0.64637	5.50217	0.814725	6.91865	0.919289	7.84741
0.326179	2.75058	0.244007	2.05431	0.582182	4.89341	0.703658	5.94411	0.770107	6.51196	0.954178	8.03912	0.478375	4.04754	0.649658	5.48664	0.817082	6.8842	0.922546	7.81307
0.327627	2.74125	0.246081	2.05565	0.584991	4.87881	0.707489	5.9298	0.77385	6.49246	0.955974	7.99153	0.48011	4.03044	0.652944	5.47134	0.819454	6.85041	0.925821	7.77942
0.329081	2.73211	0.248155	2.05697	0.587771	4.8642	0.711303	5.91558	0.777637	6.47362	0.957785	7.94479	0.481831	4.0135	0.656227	5.45625	0.821841	6.81727	0.929113	7.74644
0.33054	2.72316	0.250229	2.05826	0.590523	4.84958	0.715102	5.90145	0.781467	6.45544	0.959611	7.89888	0.483539	3.99671	0.659506	5.44137	0.824243	6.78476	0.932422	7.71411
0.332004	2.71439	0.252303	2.05954	0.593246	4.83495	0.718885	5.88739	0.785341	6.43789	0.961451	7.85379	0.485234	3.98007	0.662781	5.42668	0.82666	6.75286	0.935748	7.68241
0.333474	2.7058	0.254376	2.06079	0.59594	4.82031	0.72265	5.87342	0.789257	6.42096	0.963305	7.80951	0.486918	3.96359	0.666051	5.41216	0.829092	6.72157	0.93909	7.65132
0.33495	2.69738	0.256449	2.06202	0.598607	4.80567	0.7264	5.85952	0.793215	6.40461	0.965174	7.766	0.48859	3.94726	0.669315	5.39782	0.83154	6.69087	0.942448	7.62083
0.33643	2.68913	0.258522	2.06323	0.601247	4.79102	0.730132	5.8457	0.797214	6.38884	0.967058	7.72326	0.490251	3.9311	0.672572	5.38363	0.834002	6.66075	0.945823	7.59093
0.337916	2.68104	0.260594	2.06442	0.603859	4.77638	0.733849	5.83195	0.801253	6.37361	0.968956	7.68127	0.491902	3.91508	0.675821	5.36959	0.836479	6.63119	0.949212	7.56159
0.339408	2.67311	0.262667	2.06559	0.606445	4.76174	0.737549	5.81827	0.80533	6.35892	0.97087	7.64001	0.493542	3.89923	0.679062	5.3557	0.838972	6.60219	0.952617	7.5328
0.340904	2.66534	0.264739	2.06674	0.609005	4.74711	0.741232	5.80467	0.809446	6.34474	0.972799	7.59947	0.495174	3.88353	0.682294	5.34194	0.841479	6.57373	0.956037	7.50456
0.342406	2.65772	0.26681	2.06787	0.611539	4.73249	0.7449	5.79114	0.813598	6.33105	0.974742	7.55963	0.496795	3.86798	0.685516	5.3283	0.844002	6.54579	0.959471	7.47683
0.343913	2.65025	0.268882	2.06899	0.614048	4.71789	0.748552	5.77768	0.817786	6.31783	0.976701	7.52048	0.498409	3.8526	0.688728	5.31477	0.846541	6.51838	0.962919	7.44962
0.345425	2.64293	0.270953	2.07009	0.616532	4.70331	0.752188	5.76429	0.822008	6.30507	0.978676	7.48201	0.500014	3.83737	0.691929	5.30136	0.849094	6.49147	0.966382	7.4229
0.346942	2.63575	0.273024	2.07117	0.618991	4.68874	0.755809	5.75098	0.826263	6.29274	0.980665	7.4442	0.50161	3.82229	0.695118	5.28804	0.851663	6.46506	0.969857	7.39666
0.348464	2.62871	0.275095	2.07223	0.621427	4.6742	0.759415	5.73774	0.830551	6.28083	0.982671	7.40703	0.5032	3.80737	0.698295	5.27482	0.854247	6.43913	0.973346	7.3709
0.349992	2.6218	0.277166	2.07328	0.623838	4.65969	0.763006	5.72457	0.83487	6.26931	0.984692	7.37051	0.504782	3.79261	0.701459	5.26169	0.856846	6.41368	0.976848	7.34559
0.351524	2.61502	0.279237	2.07431	0.626227	4.64521	0.766582	5.71148	0.839218	6.25818	0.986729	7.33461	0.506357	3.77799	0.704609	5.24864	0.859461	6.3887	0.980362	7.32072
0.353061	2.60838	0.281307	2.07532	0.628594	4.63076	0.770145	5.69846	0.843594	6.24741	0.988783	7.29932	0.507926	3.76354	0.707746	5.23567	0.862091	6.36417	0.983888	7.29629
0.354602	2.60186	0.283377	2.07632	0.630938	4.61634	0.773693	5.68552	0.847998	6.23699	0.990852	7.26463	0.509488	3.74923	0.710868	5.22277	0.864735	6.34009	0.987426	7.27228
0.356149	2.59547	0.285447	2.07731	0.63326	4.60196	0.777227	5.67266	0.852428	6.22691	0.992938	7.23053	0.511045	3.73508	0.713976	5.20994	0.867395	6.31644	0.990975	7.24868
0.3577	2.58919	0.287516	2.07828	0.635561	4.58762	0.780748	5.65987	0.856883	6.21713	0.995041	7.19702	0.512595	3.72107	0.717068	5.19717	0.87007	6.29322	0.994534	7.22547
0.359256	2.58304	0.289586	2.07923	0.637841	4.57332	0.784255	5.64715	0.861362	6.20766	0.99716	7.16407	0.514141	3.70722	0.720144	5.18446	0.87276	6.27042	0.998104	7.20265
0.360817	2.57699	0.291655	2.08018	0.640101	4.55907	0.78775	5.63451	0.865863	6.19848	0.999297	7.13168	0.515681	3.69351	0.723205	5.1718	0.875465	6.24804	1.00168	7.18021
0.362383	2.57107	0.293724	2.0811	0.642342	4.54487	0.791231	5.62195	0.870385	6.18957	1.00145	7.09984	0.517217	3.67995	0.726248	5.15919	0.878185	6.22605		
0.363953	2.56525	0.295793	2.08202	0.644562	4.53071	0.7947	5.60946	0.874927	6.18092			0.518748	3.66654	0.729275	5.14663	0.880919	6.20445		
0.365527	2.55954	0.297862	2.08292	0.646764	4.51661	0.798155	5.59704	0.879488	6.17252			0.520275	3.65328	0.732285	5.13411	0.883668	6.18323		
0.367106	2.55393	0.29993	2.08381	0.648947	4.50256	0.801599	5.5847	0.884068	6.16435			0.521798	3.64015	0.735277	5.12164	0.886431	6.16239		
0.368689	2.54843	0.301999	2.08469	0.651112	4.48856	0.80503	5.57243	0.888663	6.1564			0.523317	3.62718	0.738252	5.1092	0.889208	6.14192		
0.370277	2.54303	0.304067	2.08555	0.653259	4.47463	0.808448	5.56024	0.893275	6.14866			0.524832	3.61434	0.741208	5.09679	0.892	6.1218		
0.371869	2.53772	0.306135	2.0864	0.655389	4.46075	0.811855	5.54811	0.897901	6.14112			0.526344	3.60164	0.744146	5.08442	0.894805	6.10204		
0.373466	2.53252	0.308203	2.08724	0.657502	4.44693	0.815249	5.53606	0.90254	6.13376			0.527853	3.58908	0.747066	5.07209	0.897624	6.08261		
0.375066	2.5274	0.31027	2.08807	0.659598	4.43317	0.818631	5.52408	0.907192	6.12658			0.529359	3.57666	0.749967	5.05978	0.900456	6.06352		
0.376671	2.52238	0.312338	2.08888	0.661679	4.41948	0.822	5.51216	0.911855	6.11957			0.530862	3.56438	0.75285	5.0475	0.903302	6.04476		
0.37828	2.51745	0.314405	2.08969	0.663743	4.40586	0.825358	5.50031	0.916528	6.11271			0.532362	3.55223	0.755713	5.03524	0.90616	6.02632		
0.379893	2.5126	0.316472	2.09048	0.665793	4.39229	0.828703	5.48852	0.921211	6.106			0.53386	3.54022	0.758558	5.02301	0.909031	6.00818		
0.381511	2.50785	0.318539	2.09127	0.667827	4.3788	0.832036	5.4768	0.925901	6.09942			0.535356	3.52834	0.761383	5.01081	0.911915	5.99035		
0.383132	2.50317	0.320606	2.09204	0.669847	4.36538	0.835356	5.46514	0.930598	6.09297			0.536849	3.51659	0.764189	4.99863	0.91481	5.97282		
0.384757	2.49858	0.322673	2.0928	0.671853	4.35202	0.838664	5.45354	0.935301	6.08663			0.538341	3.50497	0.766976	4.98647	0.917717	5.95557		
0.386386	2.49407	0.32474	2.09356	0.673845	4.33874	0.84196	5.442	0.940009	6.0804			0.539831	3.49348	0.769744	4.97433	0.920636	5.93861		
0.38802	2.48964	0.326806	2.0943	0.675823	4.32553	0.845243	5.43052	0.94472	6.07427			0.541319	3.48212	0.772493	4.96222	0.923566	5.92192		
0.389656	2.48529	0.328872	2.09503	0.677788	4.31239	0.848513	5.41909	0.949433	6.06822			0.542806	3.47088	0.775222	4.95012	0.926507	5.90549		
0.391297	2.48101	0.330939	2.09575	0.67974	4.29933	0.85177	5.40772	0.954148	6.06225			0.544292	3.45977	0.777932	4.93805	0.929458	5.88933		
0.392942	2.47681	0.333004	2.09647	0.68168	4.28634	0.855015	5.3964	0.958862	6.05635			0.545776	3.44878	0.780623	4.926	0.93242	5.87342		
0.39459	2.47267	0.33507	2.09717	0.683608	4.27342	0.858246	5.38512	0.963574	6.05051			0.547259	3.43791	0.783295	4.91397	0.935391	5.85776		
0.396242	2.46861	0.337136	2.09787	0.685523	4.26058	0.861465	5.3739	0.968284	6.04472			0.548741	3.42716	0.785948	4.90196	0.938371	5.84233		
0.397898	2.46462	0.339202	2.09855	0.687428	4.24782	0.86467	5.36273	0.972989	6.03897			0.550222	3.41653	0.788582	4.88997	0.94136	5.82714		
0.399557	2.4607	0.341267	2.09923	0.689321	4.23514	0.867861	5.3516	0.977688	6.03324			0.551703	3.40602	0.791198	4.87801	0.944358	5.81218		
0.40122	2.45684	0.343332	2.0999	0.691203	4.22253	0.871039	5.34051	0.98238	6.02754			0.553183	3.39562	0.793794	4.86607	0.947364	5.79744		
0.402886	2.45305	0.345397	2.10056	0.693074	4.21	0.874204	5.32947	0.987062	6.02184			0.554663	3.38535	0.796372	4.85415	0.950378	5.78291		
0.404556	2.44932	0.347463	2.10122	0.694935	4.19755	0.877354	5.31847	0.991733	6.01615			0.556142	3.37518	0.798932	4.84225	0.953398	5.76858		
0.406229	2.44566	0.349527	2.10186	0.696785	4.18517	0.88049	5.3075	0.996391	6.01043			0.55762	3.36513	0.801474	4.83038	0.956426	5.75446		
0.407906	2.44205	0.351592	2.1025	0.698626	4.17288	0.883613	5.29658	1.00103	6.0047			0.559099	3.35518	0.803997	4.81853	0.95946	5.74054		
0.409586	2.43851	0.353657	2.10313	0.700457	4.16066	0.886721	5.28569					0.560577	3.34535	0.806503	4.8067	0.9625	5.7268		
0.411269	2.43502	0.355721	2.10375	0.702279	4.14852	0.889814	5.27483					0.562055	3.33563	0.80899	4.79491	0.965545	5.71325		
0.412956	2.4316	0.357786	2.10436	0.704092	4.13647	0.892893	5.26401					0.563534	3.32601	0.811461	4.78314	0.968595	5.69988		
0.414646	2.42823	0.35985	2.10497	0.705896	4.12449	0.895958	5.25322					0.565012	3.3165	0.813914	4.77139	0.97165	5.68667		
0.416339	2.42491	0.361914	2.10557	0.707691	4.11259	0.899007	5.24246					0.566491	3.30709	0.81635	4.75968	0.974709	5.67364		
0.418035	2.42165	0.363978	2.10616	0.709478	4.10077	0.902042	5.23174					0.56797	3.29779	0.818769	4.74799	0.977772	5.66077		
0.419735	2.41844	0.366042	2.10674	0.711257	4.08903	0.905062	5.22104					0.569449	3.28859	0.821172	4.73633	0.980838	5.64805		
0.421437	2.41529	0.368106	2.10732	0.713027	4.07737	0.908066	5.21037					0.570929	3.27949	0.823558	4.7247	0.983907	5.63549		
0.423143	2.41218	0.37017	2.10789	0.71479	4.06579	0.911056	5.19972					0.572409	3.27049	0.825928	4.71311	0.986978	5.62307		
0.424851	2.40913	0.372233	2.10846	0.716546	4.05429	0.91403	5.1891					0.57389	3.26159	0.828282	4.70155	0.99005	5.61079		
0.426563	2.40612	0.374297	2.10901	0.718294	4.04286	0.916989	5.17851					0.575372	3.25278	0.83062	4.69002	0.993124	5.59865		
0.428278	2.40316	0.37636	2.10957	0.720034	4.03152	0.919932	5.16794					0.576854	3.24407	0.832943	4.67852	0.9962	5.58665		
0.429996	2.40025	0.378423	2.11011	0.721768	4.02026	0.92286	5.1574					0.578336	3.23546	0.835251	4.66706	0.999275	5.57477		
0.431716	2.39739	0.380486	2.11065	0.723496	4.00907	0.925772	5.14687					0.57982	3.22694	0.837544	4.65563	1.00235	5.56301		
0.43344	2.39457	0.382549	2.11118	0.725216	3.99797	0.928669	5.13637					0.581305	3.21851	0.839822	4.64424				
0.435166	2.3918	0.384612	2.11171	0.72693	3.98694	0.93155	5.12589					0.58279	3.21018	0.842085	4.63289				
0.436895	2.38907	0.386675	2.11223	0.728638	3.97599	0.934415	5.11543					0.584276	3.20193	0.844334	4.62157				
0.438627	2.38638	0.388738	2.11274	0.73034	3.96512	0.937265	5.10499					0.585764	3.19378	0.846569	4.61029				
0.440361	2.38373	0.3908	2.11325	0.732036	3.95432	0.940099	5.09458					0.587252	3.18571	0.848791	4.59906				
0.442099	2.38113	0.392863	2.11376	0.733726	3.94361	0.942917	5.08418					0.588741	3.17773	0.850998	4.58786				
0.443839	2.37856	0.394925	2.11425	0.735411	3.93297	0.945719	5.0738					0.590232	3.16983	0.853193	4.5767				
0.445582	2.37604	0.396987	2.11475	0.73709	3.9224	0.948506	5.06344					0.591724	3.16202	0.855374	4.56558				
0.447327	2.37355	0.399049	2.11523	0.738764	3.91191	0.951276	5.0531					0.593217	3.1543	0.857543	4.55451				
0.449075	2.37111	0.401111	2.11572	0.740433	3.9015	0.954031	5.04277					0.594711	3.14665	0.859699	4.54348				
0.450825	2.3687	0.403173	2.11619	0.742097	3.89117	0.956771	5.03247					0.596206	3.13909	0.861842	4.53249				
0.452578	2.36632	0.405235	2.11666	0.743756	3.88091	0.959495	5.02219					0.597703	3.13161	0.863974	4.52154				
0.454334	2.36399	0.407297	2.11713	0.745411	3.87072	0.962203	5.01192					0.599202	3.12421	0.866093	4.51064				
0.456092	2.36169	0.409359	2.11759	0.747061	3.86061	0.964896	5.00167					0.600701	3.11689	0.868201	4.49978				
0.457852	2.35942	0.41142	2.11805	0.748706	3.85058	0.967573	4.99144					0.602202	3.10964	0.870297	4.48897				
0.459615	2.35719	0.413482	2.1185	0.750347	3.84061	0.970235	4.98123					0.603705	3.10247	0.872382	4.47821				
0.461381	2.35499	0.415543	2.11894	0.751984	3.83072	0.972881	4.97104					0.605208	3.09538	0.874456	4.46749				
0.463148	2.35282	0.417604	2.11939	0.753617	3.82091	0.975513	4.96087					0.606714	3.08836	0.876519	4.45681				
0.464918	2.35069	0.419665	2.11982	0.755246	3.81116	0.978129	4.95072					0.608221	3.08142	0.878572	4.44618				
0.466691	2.34858	0.421726	2.12025	0.756871	3.80149	0.98073	4.94059					0.609729	3.07455	0.880614	4.43561				
0.468465	2.34651	0.423787	2.12068	0.758492	3.79189	0.983316	4.93047					0.611239	3.06775	0.882646	4.42507				
0.470242	2.34447	0.425848	2.12111	0.76011	3.78236	0.985888	4.92038					0.612751	3.06103	0.884667	4.41459				
0.472021	2.34246	0.427909	2.12153	0.761725	3.7729	0.988444	4.91031					0.614264	3.05437	0.886679	4.40415				
0.473803	2.34048	0.42997	2.12194	0.763336	3.76351	0.990986	4.90026					0.615779	3.04778	0.888682	4.39376				
0.475586	2.33853	0.43203	2.12235	0.764943	3.7542	0.993514	4.89023					0.617296	3.04126	0.890674	4.38343				
0.477372	2.3366	0.434091	2.12276	0.766548	3.74495	0.996027	4.88022					0.618814	3.03481	0.892658	4.37313				
0.47916	2.33471	0.436151	2.12316	0.768149	3.73577	0.998526	4.87023					0.620334	3.02843	0.894632	4.36289				
0.48095	2.33284	0.438212	2.12356	0.769748	3.72665	1.00101	4.86026					0.621856	3.02211	0.896598	4.3527				
0.482742	2.331	0.440272	2.12395	0.771343	3.71761							0.623379	3.01586	0.898555	4.34256				
0.484536	2.32918	0.442332	2.12434	0.772936	3.70863							0.624905	3.00968	0.900503	4.33247				
0.486333	2.32739	0.444392	2.12473	0.774526	3.69972							0.626432	3.00355	0.902442	4.32242				
0.488131	2.32563	0.446452	2.12511	0.776114	3.69088							0.62796	2.99749	0.904374	4.31243				
0.489931	2.32389	0.448512	2.12549	0.777699	3.6821							0.629491	2.99149	0.906297	4.30249				
0.491734	2.32218	0.450572	2.12587	0.779281	3.67339							0.631023	2.98556	0.908213	4.29259				
0.493538	2.32049	0.452631	2.12624	0.780862	3.66475							0.632558	2.97968	0.910121	4.28275				
0.495344	2.31882	0.454691	2.12661	0.782439	3.65616							0.634094	2.97386	0.912021	4.27296				
0.497152	2.31718	0.456751	2.12697	0.784015	3.64765							0.635631	2.96811	0.913913	4.26322				
0.498962	2.31556	0.45881	2.12733	0.785589	3.63919							0.637171	2.96241	0.915798	4.25352				
0.500774	2.31397	0.460869	2.12769	0.78716	3.6308							0.638713	2.95677	0.917676	4.24388				
0.502588	2.31239	0.462929	2.12804	0.78873	3.62247							0.640256	2.95118	0.919547	4.23429				
0.504404	2.31084	0.464988	2.12839	0.790298	3.61421							0.641801	2.94566	0.921412	4.22475				
0.506221	2.30931	0.467047	2.12874	0.791863	3.60601							0.643349	2.94019	0.923269	4.21526				
0.50804	2.3078	0.469106	2.12908	0.793427	3.59786							0.644898	2.93477	0.92512	4.20582				
0.509861	2.30631	0.471165	2.12942	0.79499	3.58978							0.646449	2.92941	0.926964	4.19643				
0.511684	2.30484	0.473224	2.12976	0.796551	3.58176							0.648002	2.9241	0.928801	4.18708				
0.513509	2.3034	0.475283	2.13009	0.79811	3.5738							0.649556	2.91884	0.930633	4.17779				
0.515335	2.30197	0.477342	2.13042	0.799668	3.5659							0.651113	2.91364	0.932458	4.16855				
0.517163	2.30056	0.4794	2.13075	0.801224	3.55806							0.652672	2.90849	0.934278	4.15936				
0.518993	2.29917	0.481459	2.13108	0.802779	3.55027							0.654232	2.90339	0.936091	4.15022				
0.520824	2.2978	0.483517	2.1314	0.804332	3.54255							0.655795	2.89834	0.937899	4.14113				
0.522657	2.29644	0.485576	2.13172	0.805885	3.53488							0.657359	2.89334	0.939701	4.13209				
0.524492	2.29511	0.487634	2.13203	0.807436	3.52727							0.658926	2.88839	0.941497	4.12309				
0.526328	2.29379	0.489692	2.13235	0.808986	3.51971							0.660494	2.88349	0.943288	4.11415				
0.528166	2.2925	0.49175	2.13266	0.810535	3.51221							0.662064	2.87863	0.945074	4.10526				
0.530006	2.29121	0.493809	2.13296	0.812082	3.50477							0.663636	2.87383	0.946854	4.09641				
0.531847	2.28995	0.495866	2.13327	0.813629	3.49738							0.66521	2.86907	0.948629	4.08762				
0.533689	2.2887	0.497924	2.13357	0.815175	3.49005							0.666786	2.86435	0.950399	4.07887				
0.535533	2.28747	0.499982	2.13387	0.81672	3.48277							0.668365	2.85969	0.952164	4.07017				
0.537379	2.28626	0.50204	2.13416	0.818264	3.47555							0.669944	2.85507	0.953925	4.06152				
0.539226	2.28506	0.504098	2.13446	0.819808	3.46838							0.671526	2.85049	0.95568	4.05291				
0.541075	2.28387	0.506155	2.13475	0.82135	3.46126							0.67311	2.84596	0.957431	4.04436				
0.542925	2.28271	0.508213	2.13504	0.822892	3.4542							0.674696	2.84147	0.959178	4.03585				
0.544777	2.28155	0.51027	2.13532	0.824434	3.44719							0.676284	2.83702	0.96092	4.02739				
0.54663	2.28042	0.512328	2.13561	0.825974	3.44023							0.677874	2.83262	0.962657	4.01898				
0.548484	2.27929	0.514385	2.13589	0.827515	3.43332							0.679465	2.82826	0.96439	4.01062				
0.55034	2.27819	0.516442	2.13616	0.829054	3.42646							0.681059	2.82394	0.966119	4.0023				
0.552198	2.27709	0.5185	2.13644	0.830593	3.41965							0.682654	2.81967	0.967844	3.99403				
0.554056	2.27601	0.520557	2.13671	0.832132	3.4129							0.684252	2.81543	0.969564	3.98581				
0.555916	2.27495	0.522614	2.13698	0.83367	3.40619							0.685851	2.81123	0.971281	3.97763				
0.557778	2.27389	0.524671	2.13725	0.835208	3.39953							0.687453	2.80708	0.972994	3.9695				
0.559641	2.27286	0.526728	2.13752	0.836746	3.39292							0.689056	2.80296	0.974703	3.96141				
0.561505	2.27183	0.528784	2.13778	0.838283	3.38636							0.690661	2.79888	0.976408	3.95337				
0.56337	2.27082	0.530841	2.13804	0.83982	3.37985							0.692268	2.79484	0.97811	3.94538				
0.565237	2.26982	0.532898	2.1383	0.841357	3.37339							0.693877	2.79084	0.979808	3.93743				
0.567105	2.26883	0.534954	2.13856	0.842893	3.36697							0.695489	2.78688	0.981502	3.92953				
0.568974	2.26786	0.537011	2.13882	0.84443	3.3606							0.697101	2.78295	0.983193	3.92167				
0.570845	2.26689	0.539067	2.13907	0.845966	3.35428							0.698716	2.77906	0.984881	3.91385				
0.572717	2.26594	0.541124	2.13932	0.847502	3.348							0.700333	2.77521	0.986565	3.90608				
0.57459	2.265	0.54318	2.13957	0.849038	3.34177							0.701952	2.77139	0.988246	3.89836				
0.576464	2.26408	0.545236	2.13982	0.850575	3.33558							0.703572	2.76761	0.989924	3.89068				
0.57834	2.26316	0.547293	2.14006	0.852111	3.32944							0.705195	2.76386	0.991598	3.88304				
0.580216	2.26226	0.549349	2.1403	0.853647	3.32335							0.706819	2.76015	0.99327	3.87545				
0.582094	2.26137	0.551405	2.14054	0.855183	3.3173							0.708446	2.75647	0.994938	3.8679				
0.583973	2.26048	0.553461	2.14078	0.856719	3.31129							0.710074	2.75283	0.996604	3.86039				
0.585854	2.25961	0.555517	2.14102	0.858256	3.30532							0.711704	2.74922	0.998267	3.85293				
0.587735	2.25875	0.557572	2.14125	0.859793	3.2994							0.713336	2.74564	0.999927	3.84551				
0.589618	2.2579	0.559628	2.14148	0.861329	3.29353							0.71497	2.74209	1.00158	3.83813				
0.591501	2.25706	0.561684	2.14171	0.862866	3.28769							0.716605	2.73858						
0.593386	2.25623	0.563739	2.14194	0.864403	3.2819							0.718243	2.7351						
0.595272	2.25542	0.565795	2.14217	0.865941	3.27614							0.719882	2.73165						
0.597159	2.25461	0.56785	2.1424	0.867478	3.27043							0.721524	2.72824						
0.599047	2.25381	0.569906	2.14262	0.869016	3.26476							0.723167	2.72485						
0.600937	2.25302	0.571961	2.14284	0.870555	3.25914							0.724812	2.72149						
0.602827	2.25224	0.574016	2.14306	0.872093	3.25355							0.726459	2.71817						
0.604718	2.25147	0.576072	2.14328	0.873632	3.248							0.728107	2.71487						
0.606611	2.2507	0.578127	2.14349	0.875172	3.24249							0.729758	2.71161						
0.608504	2.24995	0.580182	2.14371	0.876711	3.23702							0.73141	2.70837						
0.610399	2.24921	0.582237	2.14392	0.878252	3.23159							0.733064	2.70516						
0.612294	2.24847	0.584292	2.14413	0.879792	3.2262							0.73472	2.70198						
0.614191	2.24775	0.586347	2.14434	0.881333	3.22085							0.736378	2.69883						
0.616088	2.24703	0.588401	2.14455	0.882875	3.21553							0.738037	2.69571						
0.617987	2.24632	0.590456	2.14475	0.884417	3.21026							0.739699	2.69261						
0.619886	2.24562	0.592511	2.14496	0.88596	3.20502							0.741362	2.68955						
0.621787	2.24493	0.594565	2.14516	0.887503	3.19981							0.743027	2.68651						
0.623688	2.24424	0.59662	2.14536	0.889046	3.19465							0.744693	2.68349						
0.62559	2.24357	0.598674	2.14556	0.890591	3.18952							0.746362	2.68051						
0.627494	2.2429	0.600729	2.14576	0.892136	3.18443							0.748032	2.67754						
0.629398	2.24224	0.602783	2.14595	0.893681	3.17937							0.749704	2.67461						
0.631303	2.24159	0.604837	2.14615	0.895227	3.17435							0.751378	2.6717						
0.633209	2.24094	0.606892	2.14634	0.896774	3.16936							0.753053	2.66882						
0.635116	2.2403	0.608946	2.14653	0.898321	3.16441							0.75473	2.66596						
0.637024	2.23967	0.611	2.14672	0.899869	3.15949							0.756409	2.66312						
0.638933	2.23905	0.613054	2.14691	0.901418	3.15461							0.75809	2.66031						
0.640843	2.23843	0.615108	2.1471	0.902967	3.14976							0.759772	2.65753						
0.642753	2.23782	0.617162	2.14729	0.904517	3.14495							0.761456	2.65477						
0.644665	2.23722	0.619215	2.14747	0.906068	3.14017							0.763142	2.65203						
0.646577	2.23663	0.621269	2.14765	0.90762	3.13542							0.76483	2.64932						
0.650404	2.23546	0.623323	2.14784	0.909172	3.13071							0.766519	2.64663						
0.652319	2.23488	0.625376	2.14802	0.910725	3.12603							0.76821	2.64396						
0.654235	2.23431	0.62743	2.14819	0.912279	3.12138							0.769902	2.64131						
0.656151	2.23375	0.629484	2.14837	0.913834	3.11676							0.771596	2.63869						
0.658069	2.23319	0.631537	2.14855	0.915389	3.11218							0.773292	2.63609						
0.659987	2.23264	0.63359	2.14872	0.916945	3.10763							0.77499	2.63352						
0.661906	2.2321	0.635644	2.1489	0.918502	3.1031							0.776689	2.63096						
0.663826	2.23156	0.637697	2.14907	0.92006	3.09861							0.77839	2.62843						
0.665746	2.23103	0.63975	2.14924	0.921619	3.09415							0.780092	2.62591						
0.667667	2.23051	0.641803	2.14941	0.923179	3.08973							0.781796	2.62342						
0.66959	2.22999	0.643856	2.14958	0.924739	3.08533							0.783502	2.62095						
0.671512	2.22947	0.645909	2.14975	0.9263	3.08096							0.785209	2.6185						
0.673436	2.22896	0.647962	2.14991	0.927862	3.07662							0.786918	2.61607						
0.67536	2.22846	0.650015	2.15008	0.929425	3.07231							0.788629	2.61366						
0.677285	2.22796	0.652068	2.15024	0.930989	3.06803							0.790341	2.61127						
0.679211	2.22747	0.65412	2.1504	0.932554	3.06378							0.792055	2.60891						
0.681138	2.22699	0.656173	2.15056	0.93412	3.05956							0.79377	2.60656						
0.683065	2.2265	0.658226	2.15072	0.935687	3.05537							0.795487	2.60423						
0.684993	2.22603	0.660278	2.15088	0.937254	3.05121							0.797205	2.60192						
0.686922	2.22556	0.662331	2.15104	0.938823	3.04707							0.798925	2.59963						
0.688851	2.22509	0.664383	2.1512	0.940392	3.04296							0.800647	2.59735						
0.690781	2.22463	0.666435	2.15135	0.941963	3.03888							0.80237	2.5951						
0.692712	2.22418	0.668488	2.1515	0.943534	3.03483							0.804095	2.59286						
0.694644	2.22373	0.67054	2.15166	0.945107	3.03081							0.805821	2.59065						
0.696576	2.22328	0.672592	2.15181	0.94668	3.02681							0.807549	2.58845						
0.698509	2.22284	0.674644	2.15196	0.948254	3.02284							0.809278	2.58627						
0.700442	2.2224	0.676696	2.15211	0.94983	3.01889							0.811008	2.5841						
0.702377	2.22197	0.678748	2.15226	0.951406	3.01497							0.812741	2.58196						
0.704311	2.22154	0.6808	2.15241	0.952983	3.01108							0.814474	2.57983						
0.706247	2.22112	0.682852	2.15255	0.954562	3.00722							0.81621	2.57772						
0.708183	2.2207	0.684904	2.1527	0.956141	3.00338							0.817946	2.57563						
0.71012	2.22029	0.686955	2.15284	0.957721	2.99956							0.819685	2.57355						
0.712057	2.21988	0.689007	2.15299	0.959303	2.99577							0.821424	2.57149						
0.713995	2.21948	0.691059	2.15313	0.960885	2.99201							0.823165	2.56945						
0.715934	2.21908	0.69311	2.15327	0.962468	2.98827							0.824908	2.56742						
0.717873	2.21868	0.695162	2.15341	0.964053	2.98456							0.826652	2.56541						
0.719813	2.21829	0.697213	2.15355	0.965638	2.98087							0.828398	2.56341						
0.721754	2.2179	0.699264	2.15369	0.967225	2.9772							0.830145	2.56143						
0.723695	2.21752	0.701316	2.15382	0.968812	2.97356							0.831893	2.55947						
0.725637	2.21714	0.703367	2.15396	0.970401	2.96994							0.833643	2.55752						
0.727579	2.21676	0.705418	2.1541	0.971991	2.96635							0.835394	2.55559						
0.729522	2.21639	0.707469	2.15423	0.973581	2.96278							0.837147	2.55367						
0.731465	2.21602	0.70952	2.15436	0.975173	2.95923							0.838901	2.55177						
0.73341	2.21566	0.711571	2.1545	0.976766	2.95571							0.840656	2.54988						
0.735354	2.2153	0.713622	2.15463	0.97836	2.95221							0.842413	2.54801						
0.7373	2.21494	0.715673	2.15476	0.979955	2.94873							0.844171	2.54616						
0.739245	2.21459	0.717724	2.15489	0.981551	2.94528							0.845931	2.54431						
0.741192	2.21424	0.719775	2.15502	0.983148	2.94185							0.847692	2.54248						
0.743139	2.21389	0.721825	2.15515	0.984746	2.93844							0.849454	2.54067						
0.745086	2.21355	0.723876	2.15527	0.986346	2.93505							0.851218	2.53887						
0.747034	2.21321	0.725927	2.1554	0.987946	2.93168							0.852983	2.53709						
0.748983	2.21288	0.727977	2.15552	0.989548	2.92834							0.854749	2.53531						
0.750932	2.21254	0.730028	2.15565	0.99115	2.92502							0.856517	2.53355						
0.752881	2.21222	0.732078	2.15577	0.992754	2.92172							0.858286	2.53181						
0.754831	2.21189	0.734128	2.1559	0.994359	2.91844							0.860056	2.53008						
0.756782	2.21157	0.736179	2.15602	0.995965	2.91518							0.861828	2.52836						
0.758733	2.21125	0.738229	2.15614	0.997572	2.91194							0.863601	2.52666						
0.760685	2.21093	0.740279	2.15626	0.99918	2.90873							0.865375	2.52497						
0.762637	2.21062	0.742329	2.15638	1.00079	2.90553							0.867151	2.52329						
0.76459	2.21031	0.744379	2.1565									0.868928	2.52162						
0.766543	2.21001	0.746429	2.15661									0.870706	2.51997						
0.768497	2.2097	0.748479	2.15673									0.872486	2.51833						
0.770451	2.2094	0.750529	2.15685									0.874267	2.5167						
0.772406	2.20911	0.752579	2.15696									0.876049	2.51508						
0.774361	2.20881	0.754628	2.15708									0.877832	2.51348						
0.776317	2.20852	0.756678	2.15719									0.879617	2.51189						
0.778273	2.20824	0.758728	2.1573									0.881402	2.51031						
0.78023	2.20795	0.760777	2.15742									0.88319	2.50874						
0.782187	2.20767	0.762827	2.15753									0.884978	2.50719						
0.784144	2.20739	0.764876	2.15764									0.886767	2.50564						
0.786102	2.20711	0.766925	2.15775									0.888558	2.50411						
0.788061	2.20684	0.768975	2.15786									0.89035	2.50259						
0.79002	2.20657	0.771024	2.15797									0.892144	2.50108						
0.791979	2.2063	0.773073	2.15808									0.893938	2.49958						
0.793939	2.20603	0.775122	2.15818									0.895734	2.4981						
0.7959	2.20577	0.777171	2.15829									0.897531	2.49662						
0.79786	2.20551	0.77922	2.15839									0.899329	2.49516						
0.799821	2.20525	0.781269	2.1585									0.901128	2.4937						
0.801783	2.20499	0.783318	2.1586									0.902928	2.49226						
0.803745	2.20474	0.785367	2.15871									0.90473	2.49083						
0.805708	2.20449	0.787416	2.15881									0.906533	2.4894						
0.807671	2.20424	0.789465	2.15891									0.908337	2.48799						
0.809634	2.204	0.791513	2.15901									0.910142	2.48659						
0.811598	2.20375	0.793562	2.15912									0.911948	2.4852						
0.813562	2.20351	0.795611	2.15922									0.913755	2.48382						
0.815526	2.20327	0.797659	2.15931									0.915564	2.48245						
0.817491	2.20304	0.799708	2.15941									0.917374	2.48109						
0.819457	2.2028	0.801756	2.15951									0.919184	2.47973						
0.821423	2.20257	0.803804	2.15961									0.920996	2.47839						
0.823389	2.20234	0.805853	2.15971									0.92281	2.47706						
0.825356	2.20211	0.807901	2.1598									0.924624	2.47574						
0.827323	2.20189	0.809949	2.1599									0.926439	2.47443						
0.82929	2.20166	0.811997	2.15999									0.928255	2.47313						
0.831258	2.20144	0.814045	2.16009									0.930073	2.47183						
0.833226	2.20122	0.816093	2.16018									0.931892	2.47055						
0.835194	2.20101	0.818141	2.16028									0.933711	2.46927						
0.837163	2.20079	0.820189	2.16037									0.935532	2.46801						
0.839133	2.20058	0.822237	2.16046									0.937354	2.46675						
0.841102	2.20037	0.824285	2.16055									0.939177	2.4655						
0.843072	2.20016	0.826332	2.16064									0.941001	2.46426						
0.845043	2.19995	0.82838	2.16073									0.942826	2.46303						
0.847013	2.19975	0.830427	2.16082									0.944652	2.46181						
0.848985	2.19954	0.832475	2.16091									0.946479	2.4606						
0.850956	2.19934	0.834522	2.161									0.948307	2.45939						
0.852928	2.19914	0.83657	2.16109									0.950136	2.4582						
0.8549	2.19895	0.838617	2.16117									0.951967	2.45701						
0.856873	2.19875	0.840665	2.16126									0.953798	2.45583						
0.858845	2.19856	0.842712	2.16135									0.95563	2.45466						
0.860819	2.19836	0.844759	2.16143									0.957464	2.4535						
0.862792	2.19817	0.846806	2.16152									0.959298	2.45235						
0.864766	2.19799	0.848853	2.1616									0.961134	2.4512						
0.86674	2.1978	0.8509	2.16169									0.96297	2.45006						
0.868715	2.19761	0.852947	2.16177									0.964807	2.44893						
0.87069	2.19743	0.854994	2.16185									0.966646	2.44781						
0.872665	2.19725	0.857041	2.16194									0.968485	2.44669						
0.874641	2.19707	0.859088	2.16202									0.970326	2.44559						
0.876617	2.19689	0.861135	2.1621									0.972167	2.44449						
0.878593	2.19672	0.863181	2.16218									0.974009	2.4434						
0.88057	2.19654	0.865228	2.16226									0.975852	2.44231						
0.882546	2.19637	0.867274	2.16234									0.977697	2.44123						
0.884524	2.1962	0.869321	2.16242									0.979542	2.44017						
0.886501	2.19603	0.871367	2.1625									0.981388	2.4391						
0.888479	2.19586	0.873414	2.16258									0.983235	2.43805						
0.890457	2.19569	0.87546	2.16265									0.985083	2.437						
0.892436	2.19552	0.877507	2.16273									0.986933	2.43596						
0.894414	2.19536	0.879553	2.16281									0.988783	2.43493						
0.896393	2.1952	0.881599	2.16288									0.990633	2.4339						
0.898373	2.19504	0.883645	2.16296									0.992485	2.43288						
0.900352	2.19488	0.885691	2.16304									0.994338	2.43187						
0.902332	2.19472	0.887737	2.16311									0.996192	2.43086						
0.904312	2.19456	0.889783	2.16319									0.998046	2.42987						
0.906293	2.19441	0.891829	2.16326									0.999902	2.42887						
0.908274	2.19425	0.893875	2.16333									1.00176	2.42789						
0.910255	2.1941	0.895921	2.16341																
0.912236	2.19395	0.897967	2.16348																
0.914218	2.1938	0.900012	2.16355																
0.9162	2.19365	0.902058	2.16362																
0.918182	2.1935	0.904103	2.16369																
0.920165	2.19336	0.906149	2.16376																
0.922147	2.19321	0.908194	2.16383																
0.92413	2.19307	0.91024	2.1639																
0.926114	2.19293	0.912285	2.16397																
0.928097	2.19279	0.914331	2.16404																
0.930081	2.19265	0.916376	2.16411																
0.932065	2.19251	0.918421	2.16418																
0.93405	2.19237	0.920466	2.16425																
0.936034	2.19224	0.922511	2.16431																
0.938019	2.1921	0.924556	2.16438																
0.940004	2.19197	0.926601	2.16445																
0.94199	2.19184	0.928646	2.16451																
0.943976	2.19171	0.930691	2.16458																
0.945962	2.19158	0.932736	2.16464																
0.947948	2.19145	0.934781	2.16471																
0.949934	2.19132	0.936825	2.16477																
0.951921	2.19119	0.93887	2.16484																
0.953908	2.19107	0.940915	2.1649																
0.955895	2.19094	0.942959	2.16496																
0.957882	2.19082	0.945004	2.16503																
0.95987	2.1907	0.947048	2.16509																
0.961858	2.19058	0.949093	2.16515																
0.963846	2.19046	0.951137	2.16521																
0.965834	2.19034	0.953181	2.16527																
0.967823	2.19022	0.955226	2.16534																
0.969812	2.1901	0.95727	2.1654																
0.971801	2.18999	0.959314	2.16546																
0.97379	2.18987	0.961358	2.16552																
0.97578	2.18976	0.963402	2.16558																
0.977769	2.18965	0.965446	2.16563																
0.979759	2.18953	0.96749	2.16569																
0.98175	2.18942	0.969534	2.16575																
0.98374	2.18931	0.971578	2.16581																
0.985731	2.1892	0.973621	2.16587																
0.987721	2.18909	0.975665	2.16592																
0.989713	2.18899	0.977709	2.16598																
0.991704	2.18888	0.979752	2.16604																
0.993695	2.18878	0.981796	2.16609																
0.995687	2.18867	0.983839	2.16615																
0.997679	2.18857	0.985883	2.16621																
0.999671	2.18846	0.987926	2.16626																
1.00166	2.18836	0.98997	2.16632																
		0.992013	2.16637																
		0.994056	2.16642																
		0.996099	2.16648																
		0.998143	2.16653																
		1.00019	2.16658																
