Sym0		Asym0		Sym1		Sym2		Asym1		Asym2	
296  Points		387  Points		296  Points		230  Points		336  Points		217  Points	
Freq (MHz)	Vph (m/ms)	Freq (MHz)	Vph (m/ms)	Freq (MHz)	Vph (m/ms)	Freq (MHz)	Vph (m/ms)	Freq (MHz)	Vph (m/ms)	Freq (MHz)	Vph (m/ms)
0.48834	1274.4	0.000245004	0.139676	1.0002	5.23205	0.629157	2712.35	0.314594	639.581	0.943656	1464.68
0.4883	468.618	0.00046324	0.191985	0.998344	5.2404	0.629208	706.366	0.314674	273.467	0.943431	723.999
0.488222	287.053	0.000750109	0.244199	0.99648	5.24876	0.629319	406.124	0.314819	173.982	0.943062	480.69
0.488107	206.859	0.00110519	0.296256	0.994606	5.25714	0.629491	285.046	0.315027	127.629	0.942558	359.659
0.487956	161.659	0.00152804	0.348127	0.992723	5.26552	0.629722	219.63	0.315298	100.828	0.941932	287.218
0.487769	132.646	0.00201819	0.39979	0.990831	5.27391	0.630012	178.676	0.315633	83.3705	0.941198	238.985
0.487546	112.44	0.00257499	0.451203	0.988927	5.2823	0.630361	150.631	0.316031	71.1026	0.940369	204.556
0.487288	97.5581	0.00319778	0.502342	0.987013	5.2907	0.630767	130.227	0.316491	62.0142	0.939459	178.743
0.486996	86.1383	0.00388583	0.553178	0.985087	5.29908	0.631231	114.719	0.317013	55.0147	0.93848	158.668
0.486672	77.097	0.00463833	0.603684	0.983148	5.30747	0.631751	102.536	0.317596	49.4609	0.937442	142.608
0.486315	69.7599	0.0054545	0.653846	0.981198	5.31584	0.632326	92.7159	0.318239	44.9493	0.936355	129.468
0.485928	63.6858	0.00633332	0.703625	0.979233	5.32421	0.632956	84.6328	0.318941	41.2135	0.935227	118.516
0.48551	58.5736	0.00727384	0.753002	0.977256	5.33255	0.633638	77.865	0.319702	38.0708	0.934066	109.248
0.485064	54.2111	0.00827512	0.801962	0.975264	5.34088	0.634373	72.1168	0.32052	35.3917	0.932876	101.303
0.484591	50.4441	0.0093361	0.850483	0.973257	5.34919	0.635159	67.1751	0.321396	33.0818	0.931664	94.4167
0.484092	47.1581	0.0104556	0.898539	0.971235	5.35748	0.635994	62.882	0.322326	31.0706	0.930434	88.3906
0.483568	44.2661	0.0116326	0.946124	0.969197	5.36574	0.636877	59.1186	0.323311	29.3046	0.929189	83.0731
0.483021	41.7011	0.0128659	0.993211	0.967142	5.37396	0.637808	55.793	0.32435	27.7421	0.927932	78.3461
0.482452	39.4104	0.0141543	1.03979	0.965071	5.38216	0.638784	52.8336	0.325441	26.3506	0.926667	74.1167
0.481862	37.3521	0.0154967	1.08586	0.962982	5.39031	0.639805	50.1835	0.326583	25.1039	0.925396	70.3101
0.481254	35.4924	0.0168919	1.13139	0.960876	5.39843	0.640869	47.7971	0.327775	23.9811	0.92412	66.8662
0.480628	33.8038	0.0183386	1.17638	0.958751	5.4065	0.641975	45.6372	0.329015	22.9649	0.922841	63.7355
0.479985	32.2636	0.0198357	1.22082	0.956607	5.41452	0.643121	43.6733	0.330303	22.0413	0.921562	60.8772
0.479328	30.8532	0.0213818	1.2647	0.954443	5.4225	0.644306	41.8801	0.331637	21.1984	0.920283	58.2574
0.478657	29.5566	0.022976	1.30802	0.95226	5.43042	0.645529	40.2366	0.333016	20.4263	0.919006	55.8474
0.477974	28.3607	0.0246168	1.35077	0.950057	5.43829	0.646789	38.7249	0.334439	19.7169	0.917731	53.6231
0.477281	27.2542	0.0263031	1.39294	0.947833	5.4461	0.648084	37.33	0.335904	19.0628	0.916461	51.564
0.476578	26.2274	0.0280337	1.43454	0.945588	5.45384	0.649413	36.0389	0.337411	18.4582	0.915194	49.6522
0.475867	25.272	0.0298074	1.47556	0.943322	5.46152	0.650775	34.8407	0.338957	17.8978	0.913933	47.8727
0.475149	24.3809	0.0316231	1.516	0.941034	5.46914	0.652169	33.7258	0.340542	17.377	0.912678	46.2122
0.474426	23.5477	0.0334796	1.55587	0.938724	5.47668	0.653594	32.6859	0.342165	16.8919	0.91143	44.6593
0.473699	22.7672	0.0353758	1.59515	0.936391	5.48415	0.655048	31.7137	0.343824	16.4392	0.910188	43.2038
0.472968	22.0344	0.0373105	1.63385	0.934037	5.49155	0.65653	30.803	0.345518	16.0157	0.908955	41.837
0.472236	21.3451	0.0392827	1.67198	0.931659	5.49887	0.65804	29.9482	0.347246	15.6188	0.90773	40.5509
0.471504	20.6957	0.0412913	1.70953	0.929258	5.50611	0.659576	29.1442	0.349007	15.2463	0.906513	39.3388
0.470772	20.0829	0.0433353	1.74652	0.926835	5.51327	0.661137	28.3869	0.3508	14.8959	0.905306	38.1945
0.470041	19.5036	0.0454135	1.78294	0.924388	5.52035	0.662723	27.6722	0.352623	14.5658	0.904108	37.1124
0.469314	18.9552	0.0475251	1.8188	0.921917	5.52734	0.664332	26.9967	0.354476	14.2544	0.90292	36.0877
0.46859	18.4354	0.049669	1.8541	0.919424	5.53425	0.665964	26.3574	0.356357	13.9602	0.901743	35.116
0.467871	17.9421	0.0518443	1.88885	0.916906	5.54108	0.667617	25.7514	0.358265	13.6819	0.900576	34.1933
0.467158	17.4733	0.05405	1.92305	0.914366	5.54781	0.669291	25.1762	0.3602	13.4182	0.89942	33.3161
0.466452	17.0273	0.0562852	1.95671	0.911802	5.55446	0.670986	24.6296	0.36216	13.168	0.898275	32.481
0.465755	16.6026	0.0585492	1.98984	0.909214	5.56101	0.672699	24.1095	0.364144	12.9304	0.897142	31.6852
0.465066	16.1976	0.0608409	2.02245	0.906604	5.56748	0.674431	23.614	0.366151	12.7045	0.896021	30.926
0.464387	15.8112	0.0631596	2.05453	0.90397	5.57386	0.676181	23.1414	0.368181	12.4894	0.894912	30.201
0.463718	15.4421	0.0655044	2.0861	0.901313	5.58014	0.677949	22.6903	0.370232	12.2845	0.893815	29.508
0.463062	15.0892	0.0678746	2.11716	0.898634	5.58634	0.679732	22.2592	0.372304	12.089	0.892731	28.8448
0.462418	14.7515	0.0702694	2.14773	0.895932	5.59244	0.681531	21.8468	0.374396	11.9023	0.891659	28.2097
0.461788	14.4282	0.0726882	2.1778	0.893208	5.59846	0.683346	21.4519	0.376506	11.7238	0.890601	27.6009
0.461173	14.1183	0.07513	2.20739	0.890461	5.60439	0.685174	21.0735	0.378635	11.5531	0.889556	27.017
0.460572	13.8212	0.0775942	2.2365	0.887693	5.61023	0.687017	20.7105	0.38078	11.3896	0.888525	26.4563
0.459988	13.5361	0.0800803	2.26514	0.884903	5.61598	0.688873	20.3621	0.382942	11.2329	0.887508	25.9176
0.459422	13.2623	0.0825875	2.29333	0.882092	5.62165	0.690742	20.0273	0.38512	11.0826	0.886505	25.3996
0.458873	12.9992	0.0851152	2.32106	0.87926	5.62723	0.692623	19.7055	0.387313	10.9384	0.885516	24.9013
0.458343	12.7463	0.0876628	2.34834	0.876408	5.63272	0.694516	19.3958	0.389235	10.8173	0.884541	24.4214
0.457832	12.5031	0.0902297	2.37518	0.873536	5.63813	0.696421	19.0976	0.390882	10.7173	0.883582	23.9591
0.457343	12.269	0.0928152	2.40159	0.870644	5.64346	0.698336	18.8103	0.392249	10.6367	0.882637	23.5135
0.456874	12.0435	0.095419	2.42758	0.867732	5.64871	0.700261	18.5333	0.393334	10.5744	0.881707	23.0836
0.456428	11.8264	0.0980403	2.45316	0.864802	5.65388	0.702196	18.266	0.394133	10.5293	0.880793	22.6686
0.456005	11.6171	0.100679	2.47832	0.861853	5.65898	0.70414	18.008	0.394645	10.5007	0.879895	22.268
0.455606	11.4154	0.103334	2.50309	0.858886	5.664	0.706093	17.7587	0.395383	10.4601	0.879012	21.8808
0.455231	11.2208	0.106005	2.52746	0.855901	5.66894	0.708055	17.5178	0.396186	10.4165	0.878145	21.5065
0.454883	11.033	0.108692	2.55144	0.852899	5.67382	0.710025	17.2848	0.39728	10.3581	0.877295	21.1445
0.45456	10.8518	0.111394	2.57504	0.84988	5.67862	0.712003	17.0593	0.398669	10.2858	0.87646	20.7943
0.454265	10.6768	0.114111	2.59828	0.846844	5.68336	0.713988	16.8411	0.400353	10.2004	0.875643	20.4551
0.453999	10.5078	0.116842	2.62114	0.843793	5.68803	0.71598	16.6296	0.402335	10.1032	0.874842	20.1267
0.453761	10.3446	0.119587	2.64365	0.840726	5.69264	0.717979	16.4247	0.40462	9.99517	0.874059	19.8084
0.453554	10.1869	0.122345	2.66581	0.837644	5.69718	0.719984	16.226	0.406913	9.89086	0.873292	19.4999
0.453377	10.0344	0.125117	2.68762	0.834548	5.70167	0.721994	16.0333	0.409215	9.79004	0.872544	19.2007
0.453232	9.88707	0.127901	2.70909	0.831437	5.7061	0.724011	15.8463	0.411525	9.69254	0.871812	18.9105
0.453121	9.74458	0.130698	2.73023	0.828312	5.71047	0.726032	15.6646	0.413843	9.59819	0.871099	18.6288
0.453042	9.60679	0.133507	2.75104	0.825174	5.71479	0.728059	15.4882	0.416167	9.50685	0.870404	18.3553
0.452999	9.47352	0.136327	2.77154	0.822023	5.71907	0.73009	15.3167	0.418498	9.41835	0.869727	18.0897
0.452991	9.34461	0.139159	2.79172	0.818859	5.72329	0.732125	15.15	0.420835	9.33257	0.869068	17.8317
0.453019	9.2199	0.142002	2.81159	0.815684	5.72746	0.734164	14.9879	0.423177	9.24937	0.868428	17.5809
0.453086	9.09924	0.144855	2.83116	0.812496	5.7316	0.736207	14.8302	0.425524	9.16865	0.867808	17.3371
0.453191	8.9825	0.14772	2.85044	0.809297	5.73569	0.738254	14.6766	0.427876	9.09028	0.867206	17.1
0.453335	8.86955	0.150594	2.86942	0.806087	5.73974	0.740303	14.5271	0.430231	9.01415	0.866623	16.8694
0.45352	8.76025	0.153478	2.88812	0.802867	5.74375	0.742355	14.3814	0.43259	8.94017	0.86606	16.645
0.453747	8.6545	0.156372	2.90654	0.799636	5.74773	0.74441	14.2395	0.434951	8.86823	0.865517	16.4266
0.454016	8.55218	0.159275	2.92469	0.796395	5.75167	0.746467	14.1012	0.437316	8.79826	0.864994	16.2139
0.45433	8.45318	0.162187	2.94256	0.793146	5.75558	0.748527	13.9662	0.439682	8.73016	0.864491	16.0068
0.454688	8.3574	0.165108	2.96018	0.789887	5.75947	0.750588	13.8346	0.442051	8.66385	0.864008	15.8051
0.455092	8.26475	0.168037	2.97753	0.786619	5.76333	0.75265	13.7062	0.44442	8.59925	0.863546	15.6085
0.455543	8.17513	0.170975	2.99463	0.783343	5.76716	0.754714	13.5809	0.446791	8.5363	0.863104	15.4169
0.456042	8.08846	0.173921	3.01148	0.780058	5.77097	0.756779	13.4585	0.449162	8.47493	0.862684	15.2302
0.456591	8.00465	0.176875	3.02809	0.776767	5.77477	0.758844	13.3389	0.451533	8.41506	0.862284	15.0481
0.457189	7.92363	0.179837	3.04445	0.773467	5.77854	0.76091	13.2221	0.453903	8.35664	0.861906	14.8706
0.457839	7.84531	0.182806	3.06058	0.770161	5.7823	0.762977	13.108	0.456274	8.29961	0.86155	14.6974
0.458541	7.76963	0.185783	3.07648	0.766848	5.78605	0.765043	12.9964	0.458643	8.24391	0.861215	14.5284
0.459296	7.69651	0.188766	3.09216	0.763529	5.78978	0.767109	12.8873	0.46101	8.18949	0.860902	14.3635
0.460106	7.62589	0.191757	3.10761	0.760203	5.79351	0.769175	12.7805	0.463376	8.1363	0.860612	14.2025
0.460971	7.5577	0.194754	3.12284	0.756872	5.79722	0.771241	12.6761	0.46574	8.08429	0.860344	14.0454
0.461891	7.49187	0.197758	3.13786	0.753535	5.80094	0.773305	12.5738	0.468102	8.03342	0.860098	13.892
0.462869	7.42835	0.200768	3.15267	0.750193	5.80465	0.775369	12.4738	0.47046	7.98363	0.859876	13.7421
0.463904	7.36707	0.203785	3.16727	0.746847	5.80837	0.777431	12.3758	0.472816	7.93489	0.859676	13.5958
0.464997	7.30798	0.206807	3.18167	0.743495	5.81208	0.779491	12.2798	0.475168	7.88716	0.8595	13.4528
0.46615	7.25101	0.209836	3.19587	0.74014	5.8158	0.781551	12.1858	0.477517	7.84041	0.859347	13.3132
0.467362	7.19612	0.21287	3.20987	0.73678	5.81953	0.783608	12.0936	0.479861	7.79459	0.859217	13.1767
0.468634	7.14325	0.215909	3.22368	0.733417	5.82327	0.785663	12.0033	0.482201	7.74966	0.859111	13.0433
0.469967	7.09234	0.218955	3.2373	0.73005	5.82702	0.787716	11.9147	0.484536	7.70561	0.85903	12.9129
0.47136	7.04334	0.222005	3.25074	0.72668	5.83078	0.789766	11.8279	0.486866	7.66239	0.858972	12.7854
0.472814	6.99619	0.225061	3.264	0.723308	5.83456	0.791814	11.7427	0.489192	7.61997	0.858939	12.6607
0.474328	6.95084	0.228121	3.27707	0.719932	5.83836	0.793596	11.6698	0.491511	7.57833	0.85893	12.5389
0.475904	6.90725	0.231187	3.28997	0.716555	5.84218	0.795113	11.6085	0.493825	7.53744	0.858946	12.4196
0.47754	6.86535	0.234257	3.3027	0.713175	5.84603	0.796367	11.5585	0.496132	7.49727	0.858987	12.303
0.479237	6.8251	0.237332	3.31526	0.709794	5.8499	0.797357	11.5194	0.498433	7.4578	0.859053	12.189
0.480994	6.78645	0.240411	3.32765	0.706411	5.8538	0.798084	11.4909	0.500728	7.419	0.859144	12.0774
0.48281	6.74933	0.243495	3.33988	0.703027	5.85774	0.79855	11.4727	0.503016	7.38085	0.85926	11.9682
0.484685	6.71371	0.246583	3.35195	0.699642	5.86171	0.799219	11.4467	0.505296	7.34332	0.859383	11.8749
0.486618	6.67953	0.249676	3.36386	0.696256	5.86572	0.799945	11.4186	0.507569	7.3064	0.859503	11.7968
0.488608	6.64675	0.252772	3.37561	0.69287	5.86977	0.800932	11.3807	0.509834	7.27007	0.859612	11.7331
0.490655	6.6153	0.255872	3.38721	0.689484	5.87387	0.80218	11.3333	0.512092	7.2343	0.859706	11.6834
0.492757	6.58515	0.258976	3.39866	0.686098	5.87802	0.803686	11.2766	0.514341	7.19907	0.859779	11.6471
0.494913	6.55624	0.262084	3.40997	0.682712	5.88221	0.805451	11.211	0.516582	7.16438	0.859827	11.6241
0.497122	6.52852	0.265195	3.42112	0.679328	5.88646	0.807472	11.137	0.518815	7.13019	0.859899	11.5911
0.499382	6.50196	0.26831	3.43214	0.675944	5.89077	0.809488	11.0643	0.521038	7.0965	0.85998	11.5556
0.501694	6.4765	0.271429	3.44301	0.672562	5.89514	0.8115	10.9928	0.523253	7.06328	0.860096	11.5076
0.504054	6.45209	0.27455	3.45375	0.669181	5.89958	0.813508	10.9226	0.525458	7.03053	0.860252	11.4477
0.506462	6.4287	0.277675	3.46435	0.665803	5.90409	0.815511	10.8535	0.527655	6.99823	0.860453	11.3763
0.508916	6.40628	0.280803	3.47481	0.662427	5.90867	0.817509	10.7855	0.529841	6.96636	0.860708	11.294
0.511415	6.38479	0.283934	3.48515	0.659053	5.91332	0.819502	10.7186	0.532018	6.93491	0.861025	11.2013
0.513957	6.36418	0.286665	3.49405	0.655682	5.91806	0.82149	10.6528	0.534185	6.90387	0.861369	11.1106
0.516541	6.34442	0.288995	3.50155	0.652315	5.92289	0.823472	10.5881	0.536342	6.87322	0.86174	11.0217
0.519165	6.32547	0.290923	3.50771	0.648951	5.92781	0.825449	10.5243	0.538488	6.84296	0.862138	10.9346
0.521828	6.30729	0.292448	3.51254	0.645592	5.93282	0.82742	10.4616	0.540625	6.81306	0.862562	10.8493
0.52418	6.29205	0.293569	3.51608	0.642237	5.93794	0.829385	10.3998	0.54275	6.78353	0.863014	10.7658
0.526206	6.27948	0.294287	3.51834	0.638886	5.94316	0.831344	10.339	0.544866	6.75435	0.863493	10.684
0.527896	6.26937	0.29532	3.52157	0.635541	5.9485	0.833297	10.279	0.54697	6.72551	0.863999	10.6038
0.529241	6.26155	0.296442	3.52506	0.632201	5.95395	0.835244	10.22	0.549063	6.69701	0.864532	10.5253
0.530236	6.2559	0.29797	3.52979	0.628867	5.95953	0.837185	10.1618	0.551146	6.66882	0.865093	10.4483
0.530874	6.25233	0.299902	3.53573	0.62554	5.96524	0.839119	10.1045	0.553217	6.64094	0.865681	10.3729
0.531795	6.24725	0.30224	3.54286	0.622219	5.97109	0.841046	10.048	0.555278	6.61337	0.866297	10.2989
0.5328	6.2418	0.304985	3.55113	0.618906	5.97708	0.842967	9.99229	0.557327	6.5861	0.866941	10.2265
0.534174	6.23452	0.308136	3.56051	0.615601	5.98323	0.84488	9.93737	0.559364	6.55912	0.867612	10.1555
0.535921	6.22551	0.31129	3.56978	0.612304	5.98954	0.846787	9.88321	0.561391	6.53241	0.86831	10.0859
0.53805	6.2149	0.314447	3.57894	0.609015	5.99601	0.848687	9.8298	0.563406	6.50598	0.869037	10.0177
0.540567	6.20285	0.317605	3.58798	0.605736	6.00266	0.850579	9.77712	0.565409	6.47982	0.869791	9.95078
0.543482	6.18951	0.320766	3.59692	0.602467	6.0095	0.852464	9.72514	0.567401	6.45392	0.870572	9.88522
0.546425	6.17668	0.323928	3.60574	0.599209	6.01653	0.854342	9.67385	0.569381	6.42828	0.871382	9.82094
0.549393	6.16432	0.327093	3.61446	0.595961	6.02377	0.856213	9.62324	0.57135	6.40288	0.872218	9.75792
0.552386	6.15242	0.330259	3.62308	0.592725	6.03123	0.858075	9.57329	0.573308	6.37773	0.873083	9.69613
0.555402	6.14096	0.333427	3.63158	0.589501	6.03891	0.85993	9.52399	0.575254	6.35282	0.873975	9.63553
0.558441	6.12991	0.336597	3.63999	0.586291	6.04683	0.861778	9.47531	0.577188	6.32815	0.874894	9.57612
0.561501	6.11924	0.339769	3.6483	0.583094	6.055	0.863617	9.42725	0.579111	6.3037	0.875841	9.51785
0.564581	6.10896	0.342942	3.6565	0.579912	6.06343	0.865449	9.37979	0.581023	6.27948	0.876815	9.4607
0.567682	6.09902	0.346116	3.66461	0.576744	6.07214	0.867273	9.33292	0.582923	6.25547	0.877817	9.40466
0.5708	6.08943	0.349292	3.67262	0.573593	6.08115	0.869088	9.28662	0.584813	6.23169	0.878845	9.34968
0.573936	6.08015	0.35247	3.68053	0.570459	6.09046	0.870896	9.24088	0.58669	6.20812	0.879901	9.29576
0.577089	6.07118	0.355649	3.68835	0.567342	6.10009	0.872696	9.1957	0.588557	6.18476	0.880984	9.24287
0.580258	6.0625	0.358829	3.69608	0.564244	6.11006	0.874487	9.15105	0.590413	6.1616	0.882093	9.19098
0.583442	6.05409	0.36201	3.70371	0.561166	6.12039	0.876271	9.10693	0.592258	6.13865	0.883229	9.14008
0.58664	6.04595	0.365192	3.71126	0.558108	6.13109	0.878046	9.06332	0.594092	6.1159	0.884392	9.09014
0.589852	6.03806	0.368376	3.71871	0.555072	6.14219	0.879813	9.02022	0.595915	6.09334	0.885581	9.04114
0.593077	6.0304	0.37156	3.72608	0.552058	6.1537	0.881572	8.97762	0.597728	6.07098	0.886796	8.99306
0.596315	6.02297	0.374745	3.73335	0.549068	6.16565	0.883323	8.93549	0.599531	6.04881	0.888037	8.94588
0.599564	6.01576	0.377931	3.74054	0.546102	6.17805	0.885065	8.89385	0.601323	6.02684	0.889305	8.89958
0.602823	6.00874	0.381118	3.74765	0.543163	6.19094	0.886799	8.85267	0.603105	6.00505	0.890597	8.85414
0.606094	6.00193	0.384306	3.75467	0.540251	6.20434	0.888525	8.81195	0.604877	5.98345	0.891915	8.80954
0.609374	5.9953	0.387494	3.76161	0.537367	6.21826	0.890243	8.77167	0.60664	5.96203	0.893259	8.76577
0.612663	5.98884	0.390683	3.76846	0.534513	6.23275	0.891953	8.73184	0.608393	5.94079	0.894627	8.72281
0.615961	5.98255	0.393872	3.77524	0.53169	6.24783	0.893655	8.69243	0.610137	5.91974	0.896021	8.68063
0.619267	5.97642	0.397062	3.78193	0.528899	6.26352	0.895348	8.65346	0.611872	5.89887	0.897438	8.63923
0.622581	5.97045	0.400252	3.78854	0.526142	6.27987	0.897034	8.61489	0.613598	5.87817	0.89888	8.59858
0.625903	5.96461	0.403443	3.79508	0.52342	6.29689	0.898712	8.57674	0.615315	5.85765	0.900346	8.55866
0.629231	5.95892	0.406634	3.80153	0.520734	6.31463	0.900381	8.53899	0.617024	5.83731	0.901836	8.51947
0.632565	5.95335	0.409825	3.80791	0.518087	6.33312	0.902043	8.50163	0.618725	5.81715	0.903349	8.48098
0.635906	5.94791	0.413016	3.81422	0.515479	6.3524	0.903698	8.46466	0.620418	5.79715	0.904886	8.44319
0.639251	5.94259	0.416207	3.82044	0.512912	6.3725	0.905344	8.42808	0.622103	5.77734	0.906445	8.40606
0.642602	5.93738	0.419398	3.82659	0.510387	6.39347	0.906983	8.39187	0.623781	5.75769	0.908027	8.3696
0.645958	5.93227	0.422589	3.83267	0.507906	6.41534	0.908615	8.35603	0.625451	5.73822	0.909632	8.33378
0.649318	5.92727	0.42578	3.83868	0.505471	6.43815	0.910239	8.32056	0.627115	5.71891	0.911258	8.2986
0.652682	5.92236	0.428971	3.84461	0.503082	6.46195	0.911856	8.28544	0.628773	5.69978	0.912906	8.26402
0.65605	5.91754	0.432161	3.85047	0.500742	6.48678	0.913466	8.25068	0.630423	5.68082	0.914576	8.23006
0.659421	5.91281	0.435352	3.85625	0.498451	6.51269	0.915069	8.21627	0.632068	5.66203	0.916267	8.19668
0.662795	5.90816	0.438541	3.86197	0.496212	6.53972	0.916666	8.1822	0.633708	5.64341	0.917978	8.16387
0.666171	5.90359	0.44173	3.86761	0.494024	6.56792	0.918255	8.14848	0.635342	5.62496	0.91971	8.13163
0.66955	5.89909	0.444919	3.87319	0.49189	6.59733	0.919839	8.11508	0.63697	5.60668	0.921462	8.09994
0.672931	5.89466	0.448107	3.8787	0.489811	6.628	0.921416	8.08202	0.638594	5.58857	0.923233	8.06878
0.676313	5.8903	0.451294	3.88413	0.487787	6.65999	0.922986	8.04929	0.640214	5.57062	0.925025	8.03816
0.679697	5.886	0.45448	3.8895	0.48582	6.69334	0.924551	8.01687	0.641829	5.55285	0.926835	8.00804
0.683082	5.88175	0.457666	3.89481	0.483911	6.72811	0.926111	7.98478	0.643441	5.53524	0.928664	7.97843
0.686467	5.87756	0.46085	3.90004	0.48206	6.76433	0.927664	7.953	0.645049	5.5178	0.930511	7.94931
0.689853	5.87342	0.464033	3.90521	0.480268	6.80207	0.929213	7.92153	0.646653	5.50053	0.932376	7.92066
0.693239	5.86933	0.467216	3.91031	0.478536	6.84137	0.930756	7.89038	0.648255	5.48342	0.934259	7.89249
0.696625	5.86528	0.470397	3.91535	0.476864	6.88229	0.932294	7.85952	0.649854	5.46649	0.93616	7.86477
0.700011	5.86128	0.473577	3.92032	0.475252	6.92488	0.933828	7.82897	0.651451	5.44972	0.938077	7.8375
0.703396	5.85731	0.476755	3.92522	0.473701	6.96918	0.935358	7.79872	0.653046	5.43312	0.940011	7.81066
0.70678	5.85338	0.479932	3.93006	0.472211	7.01526	0.936883	7.76877	0.65464	5.41669	0.941961	7.78426
0.710163	5.84948	0.483107	3.93483	0.470782	7.06315	0.938405	7.7391	0.656232	5.40043	0.943927	7.75826
0.713544	5.84561	0.486281	3.93954	0.469414	7.11293	0.939923	7.70973	0.657823	5.38433	0.945909	7.73268
0.716923	5.84176	0.489453	3.94419	0.468106	7.16464	0.941438	7.68065	0.659414	5.3684	0.947905	7.70749
0.720301	5.83794	0.492623	3.94877	0.466859	7.21833	0.942949	7.65186	0.661005	5.35264	0.949917	7.6827
0.723676	5.83415	0.495792	3.95329	0.465671	7.27406	0.944458	7.62335	0.662595	5.33705	0.951943	7.65828
0.727048	5.83037	0.498958	3.95775	0.464543	7.33189	0.945965	7.59512	0.664186	5.32162	0.953983	7.63423
0.730418	5.82661	0.502122	3.96214	0.463473	7.39187	0.94747	7.56718	0.665778	5.30637	0.956037	7.61054
0.733784	5.82286	0.505284	3.96647	0.462462	7.45406	0.948973	7.53951	0.66737	5.29128	0.958104	7.58721
0.737147	5.81912	0.508443	3.97074	0.461508	7.51852	0.950474	7.51212	0.668965	5.27636	0.960185	7.56422
0.740506	5.8154	0.5116	3.97494	0.46061	7.58531	0.951975	7.48501	0.67056	5.2616	0.962278	7.54157
0.743861	5.81168	0.514755	3.97908	0.459768	7.65448	0.953475	7.45817	0.672158	5.24702	0.964383	7.51924
0.747212	5.80796	0.517907	3.98316	0.458981	7.72612	0.954974	7.4316	0.673759	5.2326	0.9665	7.49724
0.750558	5.80425	0.521056	3.98718	0.458248	7.80028	0.956474	7.4053	0.675362	5.21835	0.968629	7.47555
0.753899	5.80053	0.524202	3.99113	0.457567	7.87703	0.957974	7.37928	0.676968	5.20427	0.97077	7.45417
0.757236	5.79682	0.527345	3.99503	0.456938	7.95645	0.959475	7.35352	0.678577	5.19035	0.972921	7.43309
0.760566	5.7931	0.530485	3.99886	0.45636	8.0386	0.960977	7.32803	0.68019	5.1766	0.975083	7.41229
0.763891	5.78937	0.533622	4.00262	0.455832	8.12357	0.96248	7.30281	0.681807	5.16302	0.977255	7.39179
0.76721	5.78564	0.536755	4.00633	0.455353	8.21143	0.963986	7.27785	0.683429	5.14961	0.979437	7.37156
0.770522	5.78189	0.539885	4.00997	0.454921	8.30228	0.965494	7.25316	0.685055	5.13637	0.981628	7.3516
0.773828	5.77813	0.543011	4.01355	0.454536	8.3962	0.967005	7.22874	0.686686	5.12329	0.983829	7.3319
0.777126	5.77435	0.546134	4.01707	0.454196	8.49328	0.968519	7.20458	0.688322	5.11038	0.986038	7.31247
0.780417	5.77056	0.549253	4.02053	0.453901	8.59363	0.970037	7.18068	0.689965	5.09764	0.988257	7.29329
0.7837	5.76674	0.552367	4.02392	0.453649	8.69734	0.971559	7.15704	0.691613	5.08506	0.990483	7.27435
0.786976	5.76291	0.555477	4.02725	0.453439	8.80453	0.973086	7.13367	0.693267	5.07266	0.992717	7.25565
0.790242	5.75905	0.558583	4.03052	0.453271	8.91531	0.974618	7.11056	0.694928	5.06042	0.994959	7.23719
0.793501	5.75516	0.561685	4.03372	0.453143	9.0298	0.976156	7.08771	0.696596	5.04834	0.997208	7.21896
0.796749	5.75124	0.564782	4.03686	0.453054	9.14812	0.9777	7.06513	0.698271	5.03644	0.999465	7.20095
0.799989	5.74729	0.567874	4.03994	0.453003	9.27042	0.979251	7.0428	0.699954	5.0247	1.00173	7.18315
0.803218	5.74331	0.570961	4.04295	0.45299	9.39683	0.980808	7.02074	0.701645	5.01313		
0.806438	5.7393	0.574043	4.0459	0.453012	9.5275	0.982373	6.99894	0.703343	5.00172		
0.809647	5.73524	0.577119	4.04879	0.45307	9.6626	0.983947	6.9774	0.705051	4.99048		
0.812844	5.73115	0.580191	4.05161	0.453162	9.80229	0.985529	6.95612	0.706767	4.97941		
0.816031	5.72701	0.583256	4.05436	0.453288	9.94676	0.98712	6.9351	0.708492	4.9685		
0.819205	5.72283	0.586316	4.05705	0.453446	10.0962	0.988721	6.91435	0.710227	4.95776		
0.822367	5.7186	0.58937	4.05967	0.453609	10.2306	0.990333	6.89385	0.711972	4.94719		
0.825517	5.71433	0.592417	4.06223	0.453767	10.3484	0.991955	6.87362	0.713726	4.93678		
0.828654	5.71	0.595458	4.06472	0.453909	10.448	0.993589	6.85366	0.715491	4.92654		
0.831777	5.70562	0.598493	4.06715	0.45403	10.5284	0.995234	6.83395	0.717267	4.91647		
0.834886	5.70118	0.601521	4.06951	0.454123	10.5883	0.996892	6.81451	0.719054	4.90656		
0.837981	5.69669	0.604542	4.0718	0.454212	10.6441	0.998564	6.79533	0.720852	4.89681		
0.841062	5.69214	0.607556	4.07402	0.454276	10.6833	1.00025	6.77642	0.722662	4.88724		
0.844127	5.68752	0.610563	4.07617	0.454379	10.7452			0.724484	4.87782		
0.847176	5.68284	0.613562	4.07826	0.454524	10.8306			0.726317	4.86858		
0.85021	5.6781	0.616553	4.08028	0.454716	10.9406			0.728164	4.85949		
0.853227	5.67329	0.619537	4.08222	0.454963	11.077			0.730023	4.85058		
0.856227	5.66841	0.622513	4.0841	0.455271	11.2416			0.731896	4.84182		
0.85921	5.66345	0.62548	4.08591	0.455648	11.437			0.733782	4.83323		
0.862175	5.65843	0.628439	4.08764	0.45605	11.6396			0.735681	4.82481		
0.865122	5.65332	0.631389	4.08931	0.456476	11.8497			0.737595	4.81655		
0.868051	5.64814	0.63433	4.0909	0.456924	12.0677			0.739523	4.80845		
0.87096	5.64288	0.637262	4.09242	0.457395	12.2941			0.741465	4.80052		
0.87385	5.63755	0.640185	4.09387	0.457887	12.5291			0.743423	4.79275		
0.87672	5.63212	0.643098	4.09525	0.4584	12.7734			0.745395	4.78514		
0.87957	5.62662	0.646002	4.09656	0.458932	13.0274			0.747383	4.7777		
0.8824	5.62103	0.648896	4.09779	0.459483	13.2916			0.749387	4.77041		
0.885208	5.61536	0.65178	4.09895	0.460051	13.5666			0.751406	4.76329		
0.887996	5.6096	0.654654	4.10003	0.460637	13.853			0.753442	4.75633		
0.890762	5.60375	0.657517	4.10105	0.461239	14.1515			0.755494	4.74953		
0.893506	5.59781	0.66037	4.10198	0.461856	14.4628			0.757562	4.7429		
0.896228	5.59178	0.663212	4.10285	0.462488	14.7876			0.759648	4.73642		
0.898927	5.58567	0.666044	4.10364	0.463133	15.1269			0.761751	4.7301		
0.901604	5.57946	0.668864	4.10436	0.463791	15.4815			0.763871	4.72394		
0.904259	5.57316	0.671674	4.105	0.46446	15.8525			0.766008	4.71793		
0.90689	5.56678	0.674472	4.10557	0.46514	16.2409			0.768163	4.71209		
0.909498	5.5603	0.677259	4.10607	0.46583	16.6479			0.770336	4.7064		
0.912083	5.55373	0.680034	4.1065	0.466529	17.0749			0.772527	4.70086		
0.914644	5.54708	0.682798	4.10685	0.467236	17.5233			0.774736	4.69548		
0.917182	5.54034	0.685551	4.10713	0.467949	17.9947			0.776964	4.69025		
0.919697	5.5335	0.688291	4.10734	0.468669	18.4908			0.77921	4.68518		
0.922188	5.52659	0.691021	4.10748	0.469393	19.0136			0.781474	4.68025		
0.924656	5.51958	0.693738	4.10754	0.470121	19.5652			0.783757	4.67548		
0.9271	5.5125	0.696443	4.10754	0.470851	20.148			0.786059	4.67085		
0.929521	5.50533	0.699137	4.10747	0.471584	20.7647			0.78838	4.66638		
0.931919	5.49808	0.70182	4.10733	0.472316	21.4183			0.790719	4.66204		
0.934295	5.49075	0.70449	4.10712	0.473048	22.1121			0.793077	4.65785		
0.936647	5.48334	0.707149	4.10685	0.473778	22.8499			0.795454	4.65381		
0.938977	5.47586	0.709796	4.10651	0.474505	23.636			0.79785	4.6499		
0.941284	5.46831	0.712431	4.10611	0.475228	24.4751			0.800265	4.64614		
0.94357	5.46069	0.715055	4.10564	0.475945	25.373			0.802698	4.64251		
0.945834	5.453	0.717668	4.10511	0.476655	26.3358			0.80515	4.63901		
0.948077	5.44525	0.720269	4.10453	0.477357	27.3709			0.807621	4.63565		
0.950298	5.43743	0.72286	4.10388	0.478049	28.4866			0.810111	4.63243		
0.952499	5.42956	0.725439	4.10318	0.478731	29.6929			0.812619	4.62933		
0.95468	5.42163	0.728007	4.10242	0.4794	31.0012			0.815145	4.62635		
0.956842	5.41365	0.730565	4.1016	0.480056	32.425			0.817689	4.62351		
0.958983	5.40562	0.733112	4.10074	0.480697	33.9804			0.820252	4.62078		
0.961106	5.39754	0.735649	4.09982	0.481321	35.6865			0.822832	4.61818		
0.963211	5.38942	0.738176	4.09885	0.481928	37.5665			0.82543	4.6157		
0.965298	5.38126	0.740693	4.09784	0.482515	39.6484			0.828046	4.61333		
0.967367	5.37307	0.7432	4.09678	0.483082	41.9668			0.830679	4.61107		
0.96942	5.36484	0.745698	4.09567	0.483626	44.5646			0.833329	4.60893		
0.971456	5.35657	0.748187	4.09452	0.484148	47.496			0.835996	4.60689		
0.973477	5.34829	0.750666	4.09334	0.484644	50.8299			0.83868	4.60496		
0.975482	5.33998	0.753137	4.09211	0.485114	54.6557			0.84138	4.60314		
0.977472	5.33164	0.7556	4.09085	0.485557	59.0917			0.844096	4.60141		
0.979448	5.32329	0.758054	4.08955	0.485971	64.2972			0.846828	4.59978		
0.981411	5.31493	0.760501	4.08822	0.486356	70.4924			0.849575	4.59825		
0.98336	5.30655	0.762939	4.08685	0.486709	77.9908			0.852338	4.59682		
0.985297	5.29817	0.765371	4.08546	0.48703	87.2534			0.855116	4.59547		
0.987222	5.28978	0.767795	4.08404	0.487318	98.9884			0.857909	4.59421		
0.989135	5.28139	0.770213	4.08259	0.487572	114.342			0.860716	4.59304		
0.991038	5.273	0.772624	4.08112	0.487791	135.296			0.863538	4.59196		
0.992929	5.26461	0.775028	4.07962	0.487974	165.608			0.866373	4.59095		
0.994811	5.25623	0.777427	4.07811	0.488122	213.363			0.869222	4.59002		
0.996684	5.24785	0.77982	4.07657	0.488232	299.724			0.872084	4.58917		
0.998547	5.23949	0.782208	4.07502	0.488306	503.34			0.874959	4.58839		
1.0004	5.23114	0.78459	4.07345	0.488342	1568.6			0.877847	4.58769		
		0.786967	4.07186					0.880748	4.58705		
		0.78934	4.07027					0.88366	4.58649		
		0.791709	4.06866					0.886585	4.58598		
		0.794073	4.06704					0.889521	4.58554		
		0.796434	4.06541					0.892468	4.58516		
		0.798791	4.06378					0.895426	4.58484		
		0.801144	4.06214					0.898395	4.58458		
		0.803495	4.06049					0.901374	4.58437		
		0.805842	4.05884					0.904364	4.58422		
		0.808187	4.05719					0.907364	4.58411		
		0.810529	4.05553					0.910373	4.58406		
		0.812869	4.05388					0.913391	4.58405		
		0.815207	4.05223					0.916419	4.58409		
		0.817544	4.05057					0.919456	4.58417		
		0.819878	4.04892					0.922501	4.5843		
		0.822211	4.04728					0.925555	4.58446		
		0.824543	4.04564					0.928617	4.58467		
		0.826874	4.044					0.931687	4.58491		
		0.829204	4.04237					0.934764	4.58519		
		0.831534	4.04075					0.937849	4.58551		
		0.833862	4.03914					0.940942	4.58586		
		0.836191	4.03753					0.944042	4.58624		
		0.838519	4.03593					0.947149	4.58665		
		0.840847	4.03435					0.950262	4.58709		
		0.843175	4.03277					0.953382	4.58757		
		0.845504	4.0312					0.956509	4.58807		
		0.847832	4.02965					0.959641	4.58859		
		0.850161	4.02811					0.96278	4.58914		
		0.852491	4.02657					0.965924	4.58972		
		0.854821	4.02506					0.969075	4.59032		
		0.857153	4.02355					0.972231	4.59094		
		0.859485	4.02206					0.975392	4.59158		
		0.861818	4.02058					0.978558	4.59225		
		0.864152	4.01912					0.98173	4.59293		
		0.866488	4.01767					0.984907	4.59364		
		0.868824	4.01624					0.988088	4.59436		
		0.871162	4.01482					0.991274	4.5951		
		0.873502	4.01342					0.994465	4.59585		
		0.875843	4.01203					0.99766	4.59662		
		0.878186	4.01066					1.00086	4.59741		
		0.880531	4.0093								
		0.882877	4.00797								
		0.885226	4.00664								
		0.887576	4.00534								
		0.889928	4.00405								
		0.892282	4.00277								
		0.894638	4.00152								
		0.896997	4.00028								
		0.899357	3.99906								
		0.90172	3.99785								
		0.904085	3.99666								
		0.906453	3.99549								
		0.908822	3.99434								
		0.911195	3.9932								
		0.913569	3.99208								
		0.915946	3.99098								
		0.918326	3.9899								
		0.920708	3.98883								
		0.923092	3.98778								
		0.92548	3.98674								
		0.927869	3.98573								
		0.930262	3.98473								
		0.932657	3.98374								
		0.935054	3.98278								
		0.937455	3.98183								
		0.939858	3.98089								
		0.942263	3.97998								
		0.944672	3.97908								
		0.947083	3.97819								
		0.949496	3.97733								
		0.951913	3.97648								
		0.954332	3.97564								
		0.956754	3.97482								
		0.959179	3.97402								
		0.961606	3.97323								
		0.964036	3.97246								
		0.966469	3.9717								
		0.968905	3.97096								
		0.971343	3.97023								
		0.973784	3.96952								
		0.976228	3.96882								
		0.978675	3.96814								
		0.981124	3.96748								
		0.983576	3.96682								
		0.986031	3.96619								
		0.988489	3.96556								
		0.990949	3.96495								
		0.993412	3.96436								
		0.995877	3.96378								
		0.998345	3.96321								
		1.00082	3.96265								
