Sym0		Asym0		Sym1		Sym2		Sym3		Asym1		Asym2		Asym3	
470  Points		492  Points		203  Points		143  Points		126  Points		368  Points		158  Points		126  Points	
Freq (MHz)	Vgr (m/ms)	Freq (MHz)	Vgr (m/ms)	Freq (MHz)	Vgr (m/ms)	Freq (MHz)	Vgr (m/ms)	Freq (MHz)	Vgr (m/ms)	Freq (MHz)	Vgr (m/ms)	Freq (MHz)	Vgr (m/ms)	Freq (MHz)	Vgr (m/ms)
0.00449975	7.3628	0.000434938	0.522363	0.279534	0.151146	0.432654	0.0471729	0.559052	0.117438	0.139875	0.500976	0.419264	0.068811	0.698771	0.028947
0.0113596	7.36157	0.000921621	0.614611	0.279675	0.217006	0.432698	0.0801524	0.559161	0.157597	0.140342	0.686894	0.419328	0.118775	0.698798	0.0576021
0.0182172	7.35839	0.0015802	0.794383	0.279938	0.34845	0.432803	0.146205	0.559345	0.237866	0.141155	1.05466	0.419486	0.218718	0.698879	0.11493
0.0250712	7.35378	0.00240187	0.963791	0.280324	0.479135	0.43297	0.212539	0.559604	0.318055	0.142307	1.41269	0.419736	0.318481	0.699012	0.172236
0.0319202	7.34765	0.00337612	1.12133	0.280831	0.608743	0.433199	0.279362	0.559938	0.398014	0.143788	1.75831	0.420079	0.417957	0.6992	0.229501
0.0387627	7.33993	0.00449134	1.26627	0.281459	0.737075	0.433491	0.346724	0.560346	0.477732	0.145584	2.08941	0.420515	0.517081	0.69944	0.286681
0.0455973	7.33071	0.00573567	1.39816	0.282205	0.863807	0.433845	0.414796	0.560828	0.557261	0.147681	2.40429	0.421043	0.615793	0.699734	0.343767
0.0524227	7.31989	0.00709667	1.51693	0.283068	0.988731	0.434264	0.483779	0.561384	0.636412	0.150064	2.70197	0.421662	0.713974	0.700081	0.400736
0.0592371	7.30732	0.0085623	1.62307	0.284047	1.11165	0.434747	0.553703	0.562014	0.715245	0.152716	2.98189	0.422373	0.811533	0.70048	0.457545
0.0660391	7.29304	0.0101211	1.71714	0.28514	1.23232	0.435295	0.624703	0.562717	0.793737	0.15562	3.24391	0.423175	0.908432	0.700933	0.514254
0.0728269	7.27699	0.011762	1.79988	0.286343	1.35053	0.435911	0.696976	0.563493	0.871765	0.15876	3.48832	0.424066	1.0046	0.701439	0.570762
0.079599	7.25903	0.013475	1.87219	0.287656	1.46619	0.436594	0.770623	0.564342	0.949306	0.16212	3.71558	0.425046	1.09996	0.701997	0.62709
0.0863533	7.23907	0.0152506	1.93509	0.289075	1.57913	0.437347	0.845701	0.565262	1.02639	0.165684	3.92636	0.426115	1.19436	0.702607	0.683202
0.0930882	7.21702	0.0170808	1.98953	0.290599	1.68923	0.43817	0.922395	0.566254	1.10298	0.169437	4.12153	0.427272	1.28788	0.70327	0.739103
0.0998014	7.19278	0.0189579	2.03631	0.292223	1.79649	0.439066	1.00078	0.567317	1.17897	0.173364	4.30197	0.428515	1.38037	0.703984	0.794801
0.106491	7.16619	0.0208752	2.07634	0.293946	1.90077	0.440035	1.08095	0.568451	1.25435	0.177453	4.46852	0.429844	1.47175	0.704751	0.850167
0.113155	7.13711	0.0228269	2.11054	0.295765	2.00212	0.44108	1.16298	0.569655	1.32915	0.181691	4.62217	0.431258	1.56206	0.705569	0.905309
0.11979	7.10539	0.024808	2.1396	0.297677	2.10058	0.442202	1.24699	0.570928	1.4033	0.186066	4.76381	0.432755	1.65114	0.706438	0.960148
0.126395	7.07088	0.0268138	2.16411	0.299679	2.19621	0.443403	1.33306	0.572269	1.47676	0.190567	4.89431	0.434334	1.73899	0.707358	1.01467
0.132966	7.03336	0.0288406	2.18479	0.301769	2.28911	0.444686	1.42118	0.573679	1.54955	0.195186	5.01447	0.435995	1.82563	0.708328	1.06894
0.139501	6.99259	0.0306211	2.20018	0.303945	2.3794	0.446052	1.51144	0.575157	1.62161	0.199911	5.12499	0.437736	1.91087	0.70935	1.12284
0.145996	6.9484	0.0321481	2.21144	0.306203	2.46732	0.447502	1.60385	0.576701	1.69292	0.204736	5.22666	0.439556	1.99478	0.710421	1.17636
0.152448	6.90053	0.0334162	2.21967	0.308542	2.55316	0.44904	1.69843	0.578311	1.76353	0.209651	5.32013	0.441453	2.07735	0.711542	1.22957
0.158854	6.84873	0.0344221	2.22553	0.310961	2.63708	0.450667	1.79516	0.579987	1.83335	0.214649	5.40591	0.443427	2.15847	0.712712	1.28237
0.16521	6.79268	0.0351633	2.22954	0.313456	2.71946	0.452385	1.89406	0.581728	1.90239	0.219724	5.48476	0.445475	2.23818	0.713931	1.33481
0.171512	6.73213	0.0356384	2.23193	0.316028	2.80073	0.454197	1.99511	0.583532	1.97066	0.224204	5.54824	0.447598	2.31643	0.715199	1.38687
0.177755	6.66677	0.0363221	2.23514	0.318675	2.88122	0.456103	2.09812	0.5854	2.03807	0.228062	5.59857	0.449792	2.39318	0.716515	1.43847
0.183935	6.59626	0.0370665	2.2384	0.321397	2.96142	0.458106	2.20307	0.58733	2.10469	0.231278	5.63779	0.452057	2.46845	0.71788	1.48968
0.190046	6.52027	0.0380804	2.24238	0.324193	3.04177	0.460208	2.3099	0.589322	2.17055	0.233836	5.66724	0.454392	2.54224	0.719291	1.54047
0.196084	6.43854	0.0393651	2.24701	0.327065	3.12279	0.46241	2.41847	0.591374	2.23554	0.235725	5.68814	0.456794	2.61452	0.72075	1.59084
0.202044	6.35074	0.0409222	2.25189	0.330012	3.20499	0.464715	2.52861	0.593487	2.29969	0.236938	5.70108	0.459263	2.68534	0.722256	1.64075
0.207918	6.2565	0.0427526	2.25661	0.333037	3.2889	0.467122	2.64011	0.59566	2.36302	0.238686	5.71917	0.461798	2.7546	0.723807	1.69019
0.213702	6.15569	0.0448573	2.26099	0.336141	3.37497	0.469634	2.75289	0.597891	2.42551	0.240592	5.73825	0.464396	2.82238	0.725405	1.73918
0.219389	6.04812	0.0469657	2.26443	0.339326	3.4637	0.472252	2.86667	0.600179	2.48723	0.243195	5.76301	0.467057	2.88872	0.727048	1.78773
0.224972	5.93354	0.0490768	2.26706	0.342595	3.55553	0.474976	2.98123	0.602525	2.5481	0.246502	5.79281	0.469779	2.95358	0.728736	1.83584
0.230445	5.81197	0.0511901	2.269	0.345951	3.65071	0.477807	3.09639	0.604927	2.6081	0.250523	5.82656	0.472561	3.01694	0.730469	1.88341
0.235802	5.68352	0.0533049	2.27037	0.349398	3.74952	0.480746	3.21193	0.607385	2.66732	0.255269	5.86299	0.475401	3.07891	0.732246	1.93051
0.241036	5.54829	0.0554207	2.27128	0.352938	3.85208	0.483792	3.32758	0.609898	2.72576	0.26075	5.90102	0.478298	3.13951	0.734066	1.97717
0.246141	5.40666	0.0575371	2.27173	0.356576	3.95832	0.486946	3.44309	0.612464	2.78339	0.266265	5.93524	0.481251	3.19866	0.73593	2.02333
0.251111	5.25911	0.0596538	2.27192	0.360314	4.06804	0.490208	3.55823	0.615084	2.84022	0.27181	5.96568	0.484258	3.25646	0.737837	2.069
0.25594	5.10625	0.0617706	2.27183	0.363656	4.1663	0.493577	3.67273	0.617757	2.89629	0.277382	5.99258	0.487319	3.31297	0.739786	2.11419
0.260626	4.94885	0.0638871	2.27149	0.366569	4.25177	0.497052	3.78644	0.620481	2.95161	0.282977	6.0161	0.490432	3.36818	0.741776	2.15894
0.265162	4.78786	0.0660033	2.27103	0.369023	4.32339	0.500632	3.89909	0.623257	3.00614	0.288592	6.03643	0.493595	3.42215	0.743808	2.20318
0.269547	4.6243	0.0681189	2.2704	0.370992	4.38055	0.504317	4.01042	0.626083	3.05997	0.294225	6.0537	0.496809	3.47493	0.745882	2.2469
0.273779	4.45927	0.0702339	2.26968	0.372457	4.42291	0.508105	4.1203	0.628959	3.11308	0.299872	6.06801	0.50007	3.52657	0.747995	2.29018
0.277857	4.29399	0.0723482	2.26884	0.373402	4.45011	0.511995	4.2285	0.631884	3.16553	0.305532	6.07949	0.50338	3.57707	0.750149	2.33302
0.28178	4.12963	0.0744617	2.26795	0.37477	4.4893	0.515985	4.33489	0.634857	3.21732	0.311201	6.08823	0.506736	3.62648	0.752343	2.3754
0.285552	3.96723	0.0765743	2.26703	0.376271	4.53196	0.520073	4.43934	0.637879	3.2684	0.316877	6.09432	0.510138	3.67493	0.754575	2.41725
0.289173	3.8079	0.078686	2.26605	0.378335	4.59003	0.524257	4.5416	0.640948	3.31891	0.322557	6.09784	0.513584	3.72239	0.756847	2.45869
0.292647	3.65264	0.0807968	2.26509	0.380983	4.66348	0.528535	4.64161	0.644063	3.36882	0.328239	6.09887	0.517074	3.76896	0.759157	2.49968
0.295979	3.50223	0.0829068	2.26409	0.384241	4.75187	0.532906	4.73932	0.647225	3.41818	0.333921	6.09741	0.520607	3.81472	0.761505	2.5402
0.299173	3.35733	0.0850157	2.26312	0.388141	4.85459	0.537367	4.83453	0.650433	3.46701	0.339601	6.0936	0.524182	3.85965	0.76389	2.58037
0.302235	3.21849	0.0871238	2.26216	0.392719	4.97039	0.541915	4.92726	0.653685	3.5153	0.345276	6.08745	0.527799	3.90389	0.766313	2.62007
0.305171	3.08613	0.089231	2.26116	0.397403	5.08318	0.546548	5.01742	0.656983	3.56319	0.350944	6.07891	0.531457	3.94747	0.768773	2.65932
0.307986	2.96042	0.0913373	2.26019	0.402191	5.19205	0.551264	5.10494	0.660325	3.61063	0.356604	6.06813	0.535155	3.9904	0.771268	2.69819
0.310687	2.84148	0.0934426	2.2593	0.407078	5.29629	0.55606	5.18976	0.663711	3.65767	0.362252	6.05508	0.538892	4.03281	0.7738	2.73668
0.313281	2.72944	0.0955472	2.25838	0.41206	5.39533	0.560935	5.27186	0.667141	3.70444	0.367887	6.03977	0.542669	4.07479	0.776368	2.77477
0.315773	2.62409	0.0976509	2.25748	0.417132	5.48868	0.565884	5.35124	0.670614	3.75089	0.373506	6.02223	0.546485	4.11634	0.778971	2.8125
0.31817	2.52531	0.0997538	2.25663	0.422287	5.57593	0.570906	5.42784	0.67413	3.79705	0.379108	6.00247	0.55034	4.15754	0.781609	2.84988
0.320479	2.43291	0.101856	2.2558	0.427522	5.65695	0.575998	5.50164	0.677689	3.8431	0.384691	5.98047	0.554232	4.19842	0.784281	2.88691
0.322704	2.34662	0.103957	2.25498	0.432829	5.73162	0.581158	5.5727	0.681291	3.88904	0.390252	5.95625	0.557655	4.23381	0.786988	2.92361
0.324851	2.26618	0.106058	2.25421	0.438202	5.79991	0.586382	5.64092	0.684936	3.93485	0.39579	5.92985	0.560596	4.26395	0.789729	2.95996
0.326927	2.19129	0.108158	2.25345	0.443636	5.86195	0.591669	5.70631	0.688623	3.98071	0.401302	5.90124	0.563044	4.28881	0.792504	2.99597
0.328935	2.12165	0.110257	2.25271	0.449125	5.91791	0.597015	5.7689	0.692354	4.02664	0.406786	5.87042	0.564989	4.30828	0.795312	3.03172
0.33088	2.05698	0.112355	2.25205	0.454663	5.96798	0.602419	5.82868	0.696127	4.07272	0.412241	5.83739	0.566425	4.32273	0.798153	3.06719
0.332767	1.99695	0.114453	2.25135	0.460246	6.01235	0.607172	5.87851	0.699943	4.11904	0.417663	5.80217	0.567346	4.33205	0.801027	3.10233
0.334601	1.94118	0.116551	2.25067	0.465867	6.05127	0.611255	5.91927	0.703802	4.16568	0.423052	5.76478	0.568675	4.34524	0.803934	3.13721
0.336385	1.88956	0.118647	2.25007	0.471522	6.08515	0.614652	5.95177	0.707705	4.21276	0.428406	5.72521	0.570123	4.35952	0.806873	3.17183
0.338122	1.84176	0.120743	2.24948	0.477206	6.11422	0.617351	5.97666	0.711652	4.26031	0.433721	5.68349	0.5721	4.37904	0.809844	3.20621
0.339817	1.79743	0.122839	2.24889	0.482915	6.13868	0.619343	5.99466	0.715644	4.30856	0.438996	5.63963	0.574613	4.40374	0.812847	3.24032
0.341471	1.75639	0.124934	2.24834	0.488645	6.15896	0.620621	6.00589	0.719681	4.35751	0.44423	5.59364	0.577672	4.43354	0.815882	3.27419
0.343089	1.71846	0.127028	2.24781	0.494391	6.17526	0.622462	6.02162	0.723763	4.4073	0.449419	5.5456	0.581285	4.46857	0.818948	3.30788
0.344674	1.6834	0.129122	2.24729	0.500151	6.1878	0.624468	6.03845	0.727893	4.4581	0.454563	5.49546	0.585468	4.5088	0.822046	3.34134
0.346226	1.651	0.131216	2.24677	0.505922	6.19689	0.627206	6.06071	0.732071	4.51003	0.459659	5.44337	0.589687	4.54902	0.825175	3.37456
0.34775	1.62106	0.133309	2.24629	0.511699	6.20272	0.630682	6.08793	0.736297	4.56321	0.464706	5.38935	0.593944	4.58935	0.828334	3.40754
0.349247	1.5934	0.135402	2.24587	0.51748	6.20556	0.634907	6.11928	0.740574	4.61779	0.469702	5.3334	0.598239	4.62969	0.831524	3.44032
0.350719	1.56791	0.137494	2.24544	0.523262	6.20555	0.63989	6.15383	0.744902	4.67393	0.474644	5.27566	0.602571	4.67004	0.834745	3.47292
0.352169	1.54438	0.139586	2.245	0.529043	6.20287	0.645641	6.1907	0.748717	4.72414	0.479532	5.21621	0.606941	4.71046	0.837996	3.5053
0.353597	1.52273	0.141677	2.2446	0.53482	6.19776	0.651426	6.22449	0.752001	4.76805	0.484364	5.15517	0.611349	4.75089	0.841277	3.53748
0.355006	1.50281	0.143768	2.24418	0.540592	6.19034	0.65724	6.25504	0.754741	4.80515	0.489139	5.09254	0.615794	4.79125	0.844587	3.56945
0.356397	1.4845	0.145859	2.24383	0.546355	6.18073	0.663081	6.28225	0.756922	4.83507	0.493854	5.02848	0.620276	4.83149	0.847928	3.60125
0.357772	1.46773	0.147949	2.24347	0.552109	6.16907	0.668946	6.30608	0.758535	4.85748	0.498509	4.96316	0.624797	4.87161	0.851298	3.63284
0.359132	1.45228	0.150039	2.2431	0.557851	6.15548	0.674832	6.32648	0.75957	4.87188	0.503102	4.89659	0.629354	4.91156	0.854697	3.66417
0.360478	1.43815	0.152129	2.24281	0.563579	6.14012	0.680735	6.34332	0.761065	4.89268	0.507633	4.829	0.633949	4.95119	0.858126	3.69532
0.361641	1.42681	0.154219	2.24248	0.569292	6.12299	0.686652	6.35646	0.762697	4.91578	0.5121	4.76052	0.63858	4.99046	0.861583	3.72628
0.362626	1.41788	0.156308	2.24213	0.574989	6.10424	0.692579	6.36592	0.764929	4.94769	0.516504	4.69123	0.643248	5.02932	0.865069	3.757
0.363435	1.41091	0.158397	2.24185	0.580667	6.08396	0.698514	6.37153	0.767772	4.9887	0.520842	4.62128	0.647952	5.06764	0.868584	3.78753
0.364072	1.40565	0.160485	2.24156	0.586325	6.06217	0.704452	6.37324	0.771242	5.03963	0.525115	4.55079	0.652691	5.10541	0.872127	3.81783
0.364539	1.402	0.162574	2.24131	0.591963	6.03901	0.71039	6.37105	0.775358	5.10101	0.529322	4.48002	0.657465	5.14246	0.875698	3.84788
0.364838	1.39969	0.164662	2.24103	0.597578	6.01446	0.716324	6.36483	0.780144	5.17377	0.533463	4.40904	0.662273	5.17871	0.878833	3.87396
0.365266	1.39651	0.16675	2.24075	0.60317	5.98864	0.72225	6.35465	0.784999	5.24901	0.537538	4.33791	0.667115	5.21415	0.881522	3.89595
0.36573	1.39318	0.168837	2.2405	0.608738	5.96159	0.728165	6.34056	0.789925	5.32677	0.541546	4.26687	0.671989	5.24861	0.883756	3.91407
0.366359	1.38881	0.170924	2.24026	0.614279	5.93335	0.734065	6.32259	0.794925	5.40695	0.545488	4.196	0.676895	5.28203	0.885531	3.92839
0.367153	1.3836	0.173012	2.24007	0.619794	5.90392	0.739947	6.30087	0.8	5.48942	0.549365	4.12549	0.681832	5.3143	0.88684	3.93886
0.368108	1.37769	0.175099	2.23983	0.62528	5.87338	0.745806	6.27561	0.805154	5.57404	0.553176	4.05541	0.686798	5.34541	0.887679	3.94547
0.369224	1.37142	0.177185	2.23956	0.630738	5.84182	0.75164	6.24709	0.810387	5.66049	0.556922	3.98587	0.691792	5.37529	0.888889	3.95497
0.370498	1.36489	0.179272	2.23936	0.636166	5.80915	0.757447	6.21555	0.815702	5.7485	0.560603	3.91697	0.696814	5.40381	0.890206	3.96544
0.371767	1.35903	0.181358	2.23922	0.641563	5.77546	0.763222	6.18143	0.821099	5.83769	0.56422	3.84879	0.701862	5.43096	0.892004	3.97949
0.373031	1.35387	0.183444	2.239	0.646928	5.74086	0.768965	6.14514	0.826579	5.92755	0.567775	3.78145	0.706934	5.4567	0.894287	3.99713
0.37429	1.34935	0.18553	2.23878	0.65226	5.70528	0.774673	6.10715	0.832144	6.01767	0.571267	3.715	0.71203	5.48096	0.897061	4.01835
0.375545	1.3454	0.187616	2.2386	0.657559	5.66878	0.780345	6.06794	0.837793	6.10759	0.574697	3.64959	0.717147	5.5037	0.900333	4.0431
0.376797	1.34207	0.189702	2.23844	0.662823	5.63141	0.78598	6.02805	0.843525	6.19676	0.578067	3.5852	0.722285	5.52493	0.904113	4.07127
0.378046	1.3392	0.191787	2.23828	0.668053	5.59321	0.791578	5.98807	0.84934	6.28466	0.581378	3.52185	0.727442	5.54462	0.90792	4.09912
0.379293	1.33681	0.193872	2.23809	0.673246	5.55415	0.797138	5.94841	0.855236	6.37087	0.58463	3.4597	0.732617	5.56271	0.911752	4.12678
0.380537	1.33496	0.195958	2.23793	0.678402	5.51429	0.802662	5.90958	0.861211	6.45496	0.587825	3.39874	0.737808	5.57923	0.915609	4.15413
0.38178	1.33348	0.198043	2.23777	0.683521	5.47367	0.80815	5.87204	0.867264	6.53655	0.590963	3.33897	0.743013	5.59415	0.919492	4.18117
0.383022	1.33238	0.200127	2.23762	0.688602	5.43234	0.813604	5.83609	0.873391	6.61532	0.594047	3.28044	0.748232	5.60747	0.923401	4.20798
0.384263	1.33168	0.202212	2.2375	0.693644	5.39037	0.819025	5.80207	0.879591	6.69108	0.597076	3.22317	0.753462	5.61925	0.927333	4.23446
0.385503	1.33133	0.204297	2.23734	0.698646	5.3477	0.824415	5.77024	0.885859	6.76356	0.600053	3.16717	0.758703	5.6294	0.931291	4.2607
0.386744	1.33134	0.206381	2.23718	0.703608	5.30443	0.829777	5.74069	0.892194	6.83265	0.602978	3.11244	0.763952	5.63798	0.935273	4.28667
0.387984	1.33167	0.208465	2.23707	0.70853	5.26053	0.835113	5.71358	0.898591	6.89836	0.605852	3.05904	0.769209	5.6451	0.939279	4.31233
0.389225	1.33224	0.21055	2.23694	0.713411	5.21609	0.840424	5.689	0.905048	6.96058	0.608678	3.00692	0.774471	5.65059	0.943308	4.33776
0.390467	1.33311	0.212634	2.2368	0.71825	5.1712	0.845713	5.6669	0.911562	7.01942	0.611455	2.95603	0.779738	5.65459	0.947362	4.36285
0.391709	1.33424	0.214718	2.23666	0.723047	5.12584	0.850984	5.64717	0.918128	7.07487	0.614186	2.90649	0.785008	5.65713	0.951438	4.3877
0.392953	1.33561	0.216802	2.23655	0.727801	5.08004	0.856236	5.62976	0.924745	7.12703	0.616871	2.85821	0.790279	5.65815	0.955538	4.41228
0.394198	1.33725	0.218885	2.23646	0.732513	5.03382	0.861474	5.61464	0.931409	7.17606	0.619512	2.81118	0.795551	5.65774	0.95966	4.43659
0.395445	1.33906	0.220969	2.23634	0.737181	4.98731	0.866699	5.60163	0.938117	7.22208	0.62211	2.7654	0.800822	5.65596	0.963805	4.46064
0.396693	1.34106	0.223052	2.23621	0.741806	4.9405	0.871912	5.59051	0.944866	7.26512	0.624665	2.72083	0.80609	5.65277	0.967972	4.48439
0.397944	1.34324	0.225136	2.2361	0.746387	4.89341	0.877116	5.58125	0.951654	7.30539	0.62718	2.67749	0.811355	5.6482	0.972161	4.50794
0.399196	1.3456	0.227219	2.23598	0.750925	4.84613	0.882312	5.57362	0.958479	7.34303	0.629654	2.63531	0.816615	5.64233	0.976372	4.53122
0.400451	1.34818	0.229302	2.23588	0.755418	4.79865	0.887502	5.56742	0.965337	7.37807	0.63209	2.59438	0.821869	5.63511	0.980604	4.55421
0.401708	1.35086	0.231385	2.23579	0.759866	4.75107	0.892686	5.56256	0.972227	7.41079	0.634489	2.55457	0.827116	5.62663	0.984858	4.57698
0.402968	1.35366	0.233468	2.23571	0.764271	4.7034	0.897867	5.55885	0.979146	7.44121	0.63685	2.51584	0.832354	5.61694	0.989133	4.5995
0.404231	1.35664	0.235551	2.2356	0.768631	4.65569	0.903045	5.55616	0.986093	7.46939	0.639177	2.47828	0.837582	5.60604	0.993429	4.62179
0.405496	1.35974	0.237634	2.23551	0.772946	4.60803	0.90822	5.55437	0.993065	7.49553	0.641468	2.44181	0.8428	5.59393	0.997745	4.64384
0.406764	1.36298	0.239717	2.23542	0.777217	4.56033	0.913395	5.55329	1.00006	7.50809	0.643727	2.40636	0.848006	5.58063	1.00208	4.65481
0.408036	1.36628	0.2418	2.23531	0.781444	4.51271	0.918568	5.55279			0.645952	2.37198	0.853199	5.56625		
0.40931	1.36969	0.243882	2.23525	0.785626	4.46524	0.923742	5.5528			0.648147	2.33864	0.858378	5.55074		
0.410588	1.37322	0.245965	2.23519	0.789764	4.41789	0.928915	5.55313			0.65031	2.30625	0.863542	5.5342		
0.411869	1.37682	0.248047	2.23508	0.793858	4.37073	0.934089	5.55377			0.652444	2.27487	0.86869	5.51663		
0.413154	1.38049	0.25013	2.23499	0.797909	4.32376	0.939264	5.55457			0.654549	2.24445	0.873822	5.49803		
0.414442	1.38422	0.252212	2.23495	0.801915	4.27705	0.94444	5.55537			0.656626	2.21492	0.878935	5.47848		
0.415733	1.38807	0.254294	2.23485	0.805878	4.23059	0.949616	5.55621			0.658676	2.18624	0.88403	5.45797		
0.417028	1.39201	0.256376	2.23477	0.809798	4.18444	0.954793	5.557			0.6607	2.1585	0.889106	5.43655		
0.418327	1.39595	0.258459	2.23469	0.813676	4.13865	0.959971	5.55761			0.662698	2.13166	0.894161	5.41423		
0.419629	1.39994	0.260541	2.23461	0.81751	4.09313	0.965149	5.55795			0.664672	2.10561	0.899194	5.39109		
0.420935	1.40399	0.262622	2.23457	0.821303	4.04799	0.970327	5.55805			0.666622	2.08036	0.904206	5.36711		
0.422245	1.4081	0.264704	2.23452	0.825053	4.00331	0.975506	5.55784			0.668549	2.0559	0.909195	5.34234		
0.423559	1.41227	0.266786	2.23442	0.828763	3.95895	0.980684	5.55723			0.670453	2.03221	0.914161	5.31684		
0.424877	1.41645	0.268868	2.23433	0.83243	3.91506	0.985861	5.55622			0.672336	2.0093	0.919103	5.29062		
0.426199	1.42066	0.27095	2.23432	0.836058	3.87158	0.991037	5.55477			0.674197	1.98712	0.92402	5.2637		
0.427524	1.42493	0.273031	2.23425	0.839645	3.82853	0.996212	5.55276			0.676038	1.96559	0.928911	5.2361		
0.428854	1.42923	0.275113	2.23417	0.843192	3.78602	1.00138	5.5516			0.67786	1.94479	0.933777	5.20788		
0.430187	1.43353	0.277195	2.23413	0.8467	3.74392					0.679662	1.92465	0.938615	5.17908		
0.431525	1.43785	0.279276	2.23404	0.850168	3.7023					0.681446	1.90517	0.943427	5.1497		
0.432867	1.4422	0.281357	2.234	0.853598	3.66116					0.683212	1.88635	0.948211	5.11978		
0.434213	1.44658	0.283439	2.23397	0.85699	3.62052					0.684961	1.86807	0.952967	5.0894		
0.435562	1.45096	0.28552	2.23389	0.860345	3.58039					0.686693	1.85044	0.957695	5.05857		
0.436916	1.45539	0.287601	2.23381	0.863662	3.5408					0.688409	1.83342	0.962393	5.02727		
0.438274	1.45976	0.289683	2.23381	0.866943	3.50171					0.69011	1.81693	0.967063	4.99557		
0.439636	1.46418	0.291764	2.23377	0.870187	3.46309					0.691795	1.80095	0.971702	4.9635		
0.441003	1.46863	0.293845	2.23368	0.873396	3.42499					0.693465	1.78553	0.976312	4.9311		
0.442373	1.47301	0.295926	2.23363	0.876569	3.38745					0.695122	1.77065	0.980891	4.89845		
0.443747	1.47743	0.298007	2.23357	0.879708	3.3504					0.696765	1.75628	0.985439	4.86547		
0.445126	1.48188	0.300088	2.23354	0.882812	3.31386					0.698395	1.74236	0.989957	4.8322		
0.446509	1.4863	0.302169	2.23349	0.885883	3.2779					0.700012	1.72892	0.994444	4.7988		
0.447896	1.49071	0.30425	2.23343	0.88892	3.24242					0.701616	1.71597	0.998899	4.76521		
0.449286	1.49515	0.306331	2.23339	0.891925	3.20743					0.703209	1.70342	1.00332	4.74835		
0.450682	1.49956	0.308412	2.23338	0.894897	3.17294					0.70479	1.69132				
0.452081	1.50397	0.310492	2.23333	0.897837	3.139					0.706361	1.67963				
0.453484	1.50837	0.312573	2.23324	0.900746	3.10562					0.70792	1.66836				
0.454891	1.51276	0.314654	2.23323	0.903624	3.07267					0.709469	1.6575				
0.456303	1.51716	0.316735	2.23322	0.906472	3.04023					0.711009	1.64701				
0.457718	1.52152	0.318815	2.23315	0.909289	3.00833					0.712539	1.63689				
0.459138	1.52586	0.320896	2.23311	0.912077	2.97693					0.714059	1.62715				
0.460562	1.53023	0.322976	2.23305	0.914837	2.946					0.715571	1.61773				
0.46199	1.53457	0.325057	2.23303	0.917567	2.91555					0.717073	1.60867				
0.463421	1.53887	0.327137	2.23301	0.920269	2.88561					0.718568	1.59996				
0.464857	1.54318	0.329218	2.23297	0.922944	2.85617					0.720055	1.59151				
0.466297	1.54745	0.331298	2.23291	0.925592	2.82717					0.721534	1.5834				
0.467741	1.55172	0.333379	2.23288	0.928212	2.79864					0.723005	1.57564				
0.469188	1.55597	0.335459	2.23287	0.930806	2.77065					0.72447	1.56814				
0.47064	1.56022	0.337539	2.23282	0.933375	2.7431					0.725927	1.56091				
0.472096	1.56444	0.33962	2.2328	0.935918	2.71596					0.727378	1.55396				
0.473555	1.56863	0.3417	2.23275	0.938436	2.68931					0.728823	1.5473				
0.475019	1.57282	0.34378	2.23269	0.940929	2.66314					0.730262	1.5409				
0.476486	1.577	0.34586	2.23266	0.943398	2.63734					0.731694	1.53473				
0.477957	1.58114	0.34794	2.23265	0.945844	2.61203					0.733121	1.52879				
0.479432	1.58522	0.350021	2.23264	0.948266	2.58718					0.734543	1.52311				
0.480911	1.58931	0.352101	2.2326	0.950664	2.56274					0.735959	1.5177				
0.482394	1.59341	0.354181	2.23254	0.953041	2.53873					0.737371	1.51247				
0.48388	1.59747	0.356261	2.23255	0.955395	2.51515					0.738778	1.50744				
0.48537	1.60148	0.358341	2.23252	0.957728	2.49194					0.74018	1.50266				
0.486864	1.60546	0.360421	2.23246	0.960039	2.46916					0.741578	1.49807				
0.488362	1.60947	0.362501	2.23244	0.962329	2.44686					0.742971	1.49368				
0.489863	1.61345	0.364581	2.23242	0.964598	2.42491					0.744361	1.48948				
0.491368	1.61738	0.366661	2.23238	0.966847	2.40331					0.745747	1.48547				
0.492877	1.62132	0.368741	2.23236	0.969076	2.38215					0.747129	1.48167				
0.49439	1.6252	0.37082	2.23235	0.971286	2.36139					0.748508	1.47798				
0.495906	1.62904	0.3729	2.23231	0.973477	2.34097					0.749883	1.47452				
0.497425	1.6329	0.37498	2.23229	0.975648	2.32095					0.751256	1.47122				
0.498948	1.63674	0.37706	2.23224	0.977801	2.30131					0.752625	1.46803				
0.500475	1.64056	0.37914	2.23222	0.979936	2.282					0.753991	1.46508				
0.502005	1.6443	0.381219	2.23224	0.982054	2.26308					0.755355	1.46221				
0.503539	1.64804	0.383299	2.23218	0.984153	2.24451					0.756716	1.4595				
0.505076	1.65182	0.385379	2.23215	0.986236	2.22628					0.758074	1.457				
0.506617	1.6555	0.387459	2.23213	0.988302	2.20845					0.759431	1.45459				
0.508161	1.65917	0.389538	2.23209	0.990351	2.1909					0.760785	1.45228				
0.509709	1.66284	0.391618	2.2321	0.992384	2.17369					0.762137	1.45014				
0.51126	1.66643	0.393697	2.23207	0.994402	2.15682					0.763487	1.44811				
0.512814	1.67005	0.395777	2.23202	0.996403	2.14025					0.764835	1.44622				
0.514372	1.67366	0.397857	2.23203	0.99839	2.12409					0.766182	1.44447				
0.515933	1.67719	0.399936	2.232	1.00036	2.11609					0.767527	1.44279				
0.517497	1.68071	0.402016	2.23195							0.76887	1.44125				
0.519064	1.68422	0.404095	2.23196							0.770212	1.43983				
0.520635	1.68774	0.406175	2.23193							0.771553	1.43849				
0.522209	1.69118	0.408254	2.23191							0.772893	1.43727				
0.523787	1.69459	0.410334	2.23191							0.774231	1.43615				
0.525367	1.69801	0.412413	2.23187							0.775569	1.43511				
0.526951	1.70141	0.414492	2.23185							0.776906	1.43419				
0.528537	1.70476	0.416572	2.23184							0.778241	1.43337				
0.530127	1.70812	0.418651	2.23183							0.779577	1.43262				
0.53172	1.71144	0.420731	2.23179							0.780911	1.43196				
0.533316	1.71472	0.42281	2.23177							0.782245	1.43137				
0.534915	1.71797	0.424889	2.23176							0.783578	1.43089				
0.536518	1.7212	0.426969	2.23172							0.784911	1.43047				
0.538123	1.72443	0.429048	2.2317							0.786244	1.43011				
0.539731	1.72766	0.431127	2.23169							0.787576	1.42986				
0.541342	1.73081	0.433206	2.23168							0.788908	1.4297				
0.542956	1.73396	0.435286	2.23168							0.79024	1.42954				
0.544573	1.73711	0.437365	2.23164							0.791572	1.4295				
0.546193	1.74018	0.439444	2.23162							0.792904	1.42956				
0.547816	1.74326	0.441523	2.23162							0.794236	1.42962				
0.549441	1.7463	0.443602	2.23157							0.795568	1.42972				
0.55107	1.74936	0.445682	2.23155							0.7969	1.42992				
0.552701	1.75239	0.447761	2.23158							0.798232	1.43024				
0.554335	1.75533	0.44984	2.23156							0.799565	1.43055				
0.555972	1.7583	0.451919	2.23151							0.800898	1.43088				
0.557611	1.76129	0.453998	2.23152							0.802231	1.43135				
0.559254	1.76418	0.456077	2.23149							0.803565	1.43183				
0.560899	1.76709	0.458156	2.23147							0.804899	1.43237				
0.562547	1.76997	0.460235	2.23147							0.806234	1.43297				
0.564197	1.7728	0.462314	2.23143							0.80757	1.43356				
0.56585	1.77565	0.464393	2.23144							0.808905	1.43426				
0.567506	1.77846	0.466472	2.23141							0.810242	1.43501				
0.569164	1.78126	0.468551	2.2314							0.811579	1.43575				
0.570825	1.78405	0.47063	2.23139							0.812917	1.43653				
0.572488	1.7868	0.472709	2.23135							0.814256	1.43739				
0.574154	1.78949	0.474788	2.23137							0.815596	1.43833				
0.575823	1.79219	0.476867	2.23134							0.816936	1.43924				
0.577494	1.7949	0.478946	2.23133							0.818278	1.44018				
0.579167	1.79757	0.481025	2.23132							0.81962	1.44119				
0.580844	1.80023	0.483104	2.23128							0.820963	1.44225				
0.582522	1.80283	0.485183	2.2313							0.822307	1.44329				
0.584203	1.80542	0.487262	2.23127							0.823653	1.4444				
0.585886	1.80803	0.48934	2.23125							0.824999	1.44557				
0.587572	1.81058	0.491419	2.23125							0.826346	1.44675				
0.58926	1.81314	0.493498	2.23121							0.827695	1.44792				
0.590951	1.8157	0.495577	2.23122							0.829044	1.44913				
0.592643	1.81815	0.497656	2.23123							0.830395	1.45039				
0.594338	1.82062	0.499735	2.2312							0.831747	1.45172				
0.596036	1.82314	0.501813	2.23115							0.8331	1.45301				
0.597736	1.82561	0.503892	2.23116							0.834455	1.45431				
0.599438	1.82801	0.505971	2.23116							0.83581	1.45573				
0.601142	1.83039	0.50805	2.23113							0.837167	1.4571				
0.602848	1.83278	0.510128	2.23115							0.838525	1.45848				
0.604557	1.83519	0.512207	2.23112							0.839885	1.45994				
0.606268	1.83756	0.514286	2.23107							0.841246	1.4614				
0.607981	1.83989	0.516364	2.23108							0.842608	1.46286				
0.609697	1.84218	0.518443	2.23109							0.843972	1.46433				
0.611414	1.8445	0.520522	2.23109							0.845337	1.46586				
0.613134	1.8468	0.5226	2.23106							0.846703	1.4674				
0.614855	1.84905	0.524679	2.23104							0.848071	1.46894				
0.616579	1.8513	0.526758	2.23103							0.84944	1.47055				
0.618305	1.85357	0.528836	2.23102							0.850811	1.47213				
0.620033	1.85576	0.530915	2.23102							0.852183	1.47368				
0.621763	1.85792	0.532994	2.23098							0.853557	1.47534				
0.623495	1.86014	0.535072	2.23097							0.854933	1.47697				
0.625229	1.86231	0.537151	2.23096							0.856309	1.4786				
0.626965	1.86445	0.539229	2.23099							0.857688	1.48029				
0.628703	1.86659	0.541308	2.23097							0.859068	1.48194				
0.630443	1.86868	0.543387	2.23092							0.860449	1.48364				
0.632185	1.87079	0.545465	2.23093							0.861832	1.48537				
0.633929	1.87287	0.547544	2.2309							0.863217	1.48708				
0.635675	1.87494	0.549622	2.23089							0.864603	1.48878				
0.637423	1.87699	0.551701	2.23092							0.865991	1.4905				
0.639173	1.87905	0.553779	2.2309							0.867381	1.49228				
0.640925	1.88106	0.555858	2.23088							0.868772	1.49405				
0.642678	1.88306	0.557936	2.23088							0.870165	1.49582				
0.644433	1.88505	0.560015	2.23084							0.871559	1.49758				
0.646191	1.88703	0.562093	2.23082							0.872955	1.49937				
0.64795	1.88897	0.564172	2.23085							0.874353	1.50118				
0.649711	1.89093	0.56625	2.23082							0.875753	1.50297				
0.651473	1.89287	0.568328	2.23081							0.877154	1.50478				
0.653238	1.89475	0.570407	2.23081							0.878557	1.50664				
0.655004	1.89668	0.572485	2.23077							0.879961	1.50844				
0.656772	1.89856	0.574564	2.23078							0.881367	1.51026				
0.658542	1.90041	0.576642	2.23079							0.882775	1.51212				
0.660313	1.90229	0.578721	2.23076							0.884185	1.51397				
0.662086	1.90415	0.580799	2.23074							0.885597	1.51584				
0.663861	1.90596	0.582877	2.23077							0.88701	1.5177				
0.665638	1.90777	0.584956	2.23075							0.888425	1.51954				
0.667416	1.9096	0.587034	2.2307							0.889841	1.52141				
0.669196	1.91135	0.589112	2.23071							0.89126	1.52327				
0.670978	1.91315	0.591191	2.23072							0.89268	1.52514				
0.672761	1.91492	0.593269	2.23069							0.894102	1.52707				
0.674546	1.91665	0.595347	2.23067							0.895525	1.52895				
0.676333	1.9184	0.597426	2.2307							0.896951	1.53084				
0.678121	1.92011	0.599504	2.23068							0.898378	1.53274				
0.679911	1.92181	0.601582	2.23066							0.899807	1.53461				
0.681702	1.9235	0.603661	2.23066							0.901237	1.53653				
0.683495	1.92519	0.605739	2.23062							0.90267	1.53844				
0.685289	1.92688	0.607817	2.23064							0.904104	1.54031				
0.687085	1.92853	0.609895	2.23065							0.90554	1.54224				
0.688883	1.93016	0.611974	2.23061							0.906978	1.54415				
0.690682	1.93181	0.614052	2.2306							0.908417	1.54606				
0.692483	1.93345	0.61613	2.23059							0.909859	1.54797				
0.694285	1.93507	0.618208	2.23058							0.911302	1.54987				
0.696088	1.93665	0.620287	2.23058							0.912747	1.55181				
0.697893	1.93821	0.622365	2.23058							0.914193	1.55374				
0.6997	1.9398	0.624443	2.23058							0.915642	1.55561				
0.701508	1.94136	0.626521	2.23054							0.917092	1.55754				
0.703318	1.94291	0.628599	2.23053							0.918544	1.55949				
0.705128	1.94449	0.630678	2.23055							0.919998	1.56138				
0.706941	1.94601	0.632756	2.23053							0.921454	1.56328				
0.708755	1.9475	0.634834	2.23052							0.922911	1.56522				
0.71057	1.94902	0.636912	2.23051							0.92437	1.56714				
0.712386	1.95051	0.63899	2.23051							0.925831	1.56905				
0.714204	1.95199	0.641069	2.23051							0.927294	1.571				
0.716024	1.95346	0.643147	2.23047							0.928759	1.57292				
0.717844	1.95493	0.645225	2.23049							0.930225	1.5748				
0.719667	1.95636	0.647303	2.23046							0.931693	1.57669				
0.72149	1.9578	0.649381	2.23045							0.933163	1.57863				
0.723315	1.95926	0.651459	2.23048							0.934635	1.58058				
0.725141	1.96068	0.653537	2.23046							0.936108	1.58248				
0.726968	1.96209	0.655615	2.23044							0.937584	1.58434				
0.728797	1.96349	0.657693	2.23044							0.939061	1.5863				
0.730627	1.96489	0.659771	2.2304							0.940539	1.58819				
0.732458	1.96624	0.66185	2.23042							0.94202	1.59009				
0.734291	1.96762	0.663928	2.23043							0.943502	1.59199				
0.736125	1.96896	0.666006	2.23039							0.944986	1.59389				
0.73796	1.97033	0.668084	2.23038							0.946472	1.5958				
0.739796	1.97168	0.670162	2.23041							0.94796	1.59766				
0.741634	1.97301	0.67224	2.23038							0.949449	1.59959				
0.743473	1.97433	0.674318	2.23034							0.950941	1.60146				
0.745313	1.97562	0.676396	2.23038							0.952434	1.60335				
0.747154	1.97696	0.678474	2.23037							0.953928	1.60525				
0.748997	1.97825	0.680552	2.23033							0.955425	1.60712				
0.75084	1.97952	0.68263	2.23035							0.956923	1.609				
0.752685	1.98081	0.684708	2.23035							0.958423	1.61089				
0.754531	1.98208	0.686786	2.23032							0.959925	1.61279				
0.756379	1.9833	0.688864	2.2303							0.961428	1.61462				
0.758227	1.98457	0.690942	2.2303							0.962933	1.61649				
0.760077	1.98583	0.69302	2.23029							0.96444	1.61837				
0.761927	1.987	0.695098	2.23033							0.965949	1.62023				
0.763779	1.98825	0.697176	2.23031							0.96746	1.62208				
0.765632	1.9895	0.699254	2.23026							0.968972	1.62391				
0.767486	1.99067	0.701332	2.23027							0.970486	1.62579				
0.769342	1.99188	0.703409	2.23028							0.972001	1.62764				
0.771198	1.99307	0.705487	2.23025							0.973518	1.62948				
0.773056	1.99422	0.707565	2.23023							0.975037	1.63131				
0.774914	1.99541	0.709643	2.23026							0.976558	1.63315				
0.776774	1.99659	0.711721	2.23024							0.978081	1.63498				
0.778634	1.99773	0.713799	2.23023							0.979605	1.63685				
0.780496	1.99885	0.715877	2.23026							0.981131	1.63866				
0.782359	2	0.717955	2.2302							0.982658	1.64045				
0.784223	2.00116	0.720033	2.23021							0.984188	1.64225				
0.786088	2.00229	0.722111	2.23021							0.985718	1.64407				
0.787954	2.0034	0.724188	2.23018							0.987251	1.6459				
0.789821	2.00447	0.726266	2.2302							0.988785	1.64773				
0.791689	2.00559	0.728344	2.2302							0.990321	1.64952				
0.793558	2.0067	0.730422	2.23017							0.991859	1.6513				
0.795429	2.00777	0.7325	2.23016							0.993398	1.65306				
0.7973	2.00885	0.734578	2.23019							0.994939	1.65486				
0.799172	2.00991	0.736656	2.23016							0.996482	1.65668				
0.801045	2.01098	0.738733	2.23015							0.998026	1.65843				
0.802919	2.01203	0.740811	2.23015							0.999572	1.66022				
0.804794	2.01307	0.742889	2.23011							1.00112	1.66113				
0.80667	2.01414	0.744967	2.23012												
0.808547	2.01519	0.747045	2.23013												
0.810425	2.01619	0.749122	2.2301												
0.812304	2.0172	0.7512	2.23012												
0.814184	2.01822	0.753278	2.23013												
0.816065	2.01924	0.755356	2.2301												
0.817947	2.02026	0.757433	2.23008												
0.819829	2.02122	0.759511	2.23008												
0.821713	2.0222	0.761589	2.23007												
0.823598	2.02321	0.763667	2.23007												
0.825483	2.02415	0.765744	2.23007												
0.827369	2.0251	0.767822	2.23007												
0.829257	2.02609	0.7699	2.23003												
0.831145	2.02706	0.771978	2.23001												
0.833034	2.02802	0.774055	2.23004												
0.834924	2.02894	0.776133	2.23005												
0.836814	2.02984	0.778211	2.23002												
0.838706	2.0308	0.780288	2.23001												
0.840599	2.03172	0.782366	2.23004												
0.842492	2.03262	0.784444	2.23002												
0.844386	2.03355	0.786522	2.22997												
0.846281	2.03448	0.788599	2.22998												
0.848177	2.03536	0.790677	2.22999												
0.850074	2.03623	0.792755	2.22999												
0.851972	2.03715	0.794832	2.22999												
0.85387	2.03801	0.79691	2.22996												
0.855769	2.03888	0.798988	2.22994												
0.857669	2.03975	0.801065	2.22997												
0.85957	2.04063	0.803143	2.22998												
0.861472	2.04147	0.80522	2.22995												
0.863374	2.04233	0.807298	2.22994												
0.865277	2.0432	0.809376	2.22993												
0.867181	2.04403	0.811453	2.22993												
0.869086	2.04486	0.813531	2.22992												
0.870992	2.04567	0.815609	2.22992												
0.872898	2.04652	0.817686	2.22989												
0.874805	2.04734	0.819764	2.22987												
0.876713	2.04812	0.821841	2.22989												
0.878622	2.04895	0.823919	2.22991												
0.880531	2.04977	0.825996	2.22988												
0.882441	2.05054	0.828074	2.22986												
0.884352	2.05137	0.830152	2.22989												
0.886264	2.05215	0.832229	2.22987												
0.888176	2.0529	0.834307	2.22986												
0.890089	2.05372	0.836384	2.22985												
0.892003	2.0545	0.838462	2.22985												
0.893917	2.05525	0.840539	2.22985												
0.895833	2.05599	0.842617	2.22985												
0.897748	2.05677	0.844694	2.22985												
0.899665	2.05756	0.846772	2.22981												
0.901582	2.05828	0.848849	2.22979												
0.9035	2.05901	0.850927	2.22982												
0.905419	2.05974	0.853004	2.2298												
0.907339	2.06051	0.855082	2.22979												
0.909259	2.06126	0.857159	2.22982												
0.91118	2.06196	0.859237	2.2298												
0.913101	2.06265	0.861314	2.22979												
0.915023	2.06339	0.863392	2.22978												
0.916946	2.06413	0.865469	2.22978												
0.918869	2.06483	0.867547	2.22978												
0.920793	2.06554	0.869624	2.22974												
0.922718	2.06623	0.871702	2.22972												
0.924644	2.0669	0.873779	2.22975												
0.92657	2.06761	0.875857	2.22976												
0.928496	2.06832	0.877934	2.22977												
0.930424	2.06898	0.880011	2.22973												
0.932352	2.06963	0.882089	2.22972												
0.93428	2.07033	0.884166	2.22971												
0.93621	2.07104	0.886244	2.22971												
0.938139	2.07169	0.888321	2.2297												
0.94007	2.07234	0.890398	2.2297												
0.942001	2.073	0.892476	2.2297												
0.943933	2.07362	0.894553	2.2297												
0.945865	2.0743	0.896631	2.2297												
0.947798	2.07497	0.898708	2.22967												
0.949731	2.07559	0.900785	2.22968												
0.951666	2.07624	0.902863	2.22969												
0.9536	2.07689	0.90494	2.22966												
0.955536	2.07751	0.907018	2.22964												
0.957472	2.07811	0.909095	2.22964												
0.959408	2.07874	0.911172	2.22963												
0.961345	2.07938	0.91325	2.22967												
0.963283	2.07996	0.915327	2.22965												
0.965221	2.08058	0.917404	2.2296												
0.96716	2.08122	0.919482	2.22965												
0.969099	2.0818	0.921559	2.22964												
0.971039	2.08241	0.923636	2.2296												
0.972979	2.08302	0.925714	2.22961												
0.97492	2.08361	0.927791	2.22962												
0.976862	2.0842	0.929868	2.22959												
0.978804	2.08479	0.931946	2.22957												
0.980747	2.08537	0.934023	2.2296												
0.98269	2.08596	0.9361	2.22958												
0.984634	2.08655	0.938177	2.22957												
0.986578	2.0871	0.940255	2.2296												
0.988523	2.08766	0.942332	2.22958												
0.990468	2.08824	0.944409	2.22953												
0.992414	2.08878	0.946487	2.22954												
0.99436	2.08935	0.948564	2.22955												
0.996307	2.08993	0.950641	2.22955												
0.998255	2.09047	0.952718	2.22955												
1.0002	2.09075	0.954796	2.22952												
		0.956873	2.22954												
		0.95895	2.22955												
		0.961027	2.22951												
		0.963105	2.2295												
		0.965182	2.22949												
		0.967259	2.22952												
		0.969336	2.2295												
		0.971413	2.22949												
		0.973491	2.22949												
		0.975568	2.22948												
		0.977645	2.22948												
		0.979722	2.22945												
		0.981799	2.22946												
		0.983877	2.22947												
		0.985954	2.22944												
		0.988031	2.22942												
		0.990108	2.22945												
		0.992185	2.22947												
		0.994262	2.22944												
		0.996339	2.22942												
		0.998417	2.22942												
		1.00049	2.22939												
