Sym0		Asym0		Sym1		Sym2		Asym1	
473  Points		491  Points		473  Points		209  Points		390  Points	
Freq (MHz)	Vgr (m/ms)	Freq (MHz)	Vgr (m/ms)	Freq (MHz)	Vgr (m/ms)	Freq (MHz)	Vgr (m/ms)	Freq (MHz)	Vgr (m/ms)
0.000901711	9.51387	0.000281272	0.514454	0.00586735	9.51268	0.279542	0.232123	0.139962	0.831302
0.00976573	9.51263	0.000760587	0.633202	0.0147303	9.51085	0.279758	0.339483	0.140737	1.13272
0.0186275	9.509	0.00146117	0.862516	0.0235898	9.506	0.280174	0.552797	0.142073	1.72577
0.0274847	9.50312	0.00236779	1.07388	0.0324437	9.49881	0.280788	0.762481	0.143953	2.29582
0.0363355	9.49489	0.00346223	1.26472	0.0412897	9.48917	0.281595	0.967031	0.146351	2.83717
0.0451774	9.48414	0.00472445	1.43392	0.0501257	9.47701	0.28259	1.16512	0.149239	3.34587
0.0540081	9.47077	0.00613418	1.58153	0.0589491	9.46213	0.283766	1.35549	0.152586	3.81952
0.0628251	9.45464	0.00767146	1.70837	0.0677573	9.44431	0.285116	1.53678	0.156357	4.25721
0.0716258	9.43557	0.00931753	1.81599	0.0765475	9.4234	0.28663	1.70792	0.160519	4.65914
0.0804073	9.41317	0.0110554	1.90622	0.0853168	9.39909	0.288298	1.86782	0.165038	5.02641
0.0891662	9.3872	0.0128696	1.98113	0.0940617	9.37096	0.29011	2.01557	0.169885	5.36075
0.0978993	9.3573	0.014747	2.04278	0.102779	9.33865	0.292054	2.15054	0.175028	5.66417
0.106603	9.32299	0.0166761	2.09298	0.111463	9.30166	0.294117	2.27222	0.180439	5.93886
0.115272	9.28374	0.018647	2.1336	0.120111	9.25938	0.296288	2.3806	0.186094	6.18715
0.123902	9.23894	0.0206518	2.16637	0.128717	9.21115	0.298553	2.47592	0.191968	6.41126
0.132487	9.18786	0.022421	2.18951	0.137275	9.15615	0.300902	2.55904	0.198041	6.61331
0.141022	9.12956	0.0239426	2.20583	0.145779	9.09339	0.303322	2.63131	0.204291	6.79528
0.149499	9.06308	0.0252085	2.21717	0.15422	9.02177	0.305805	2.6947	0.210703	6.95896
0.15791	8.98716	0.0262137	2.22503	0.16259	8.93999	0.308343	2.75182	0.217259	7.10609
0.166246	8.90037	0.026955	2.23014	0.170878	8.84644	0.310932	2.80587	0.223944	7.2381
0.174495	8.80113	0.0274303	2.2332	0.179074	8.7394	0.313572	2.86072	0.230746	7.3563
0.182646	8.68747	0.0281146	2.23732	0.187163	8.61672	0.316263	2.92069	0.237652	7.46197
0.190683	8.55726	0.0288598	2.24124	0.19513	8.47618	0.319014	2.99046	0.244651	7.5562
0.198591	8.4081	0.0298752	2.24602	0.202958	8.31528	0.321836	3.07498	0.251732	7.63983
0.206351	8.23735	0.0311622	2.25127	0.210625	8.13125	0.324744	3.17915	0.258887	7.71372
0.213941	8.04228	0.0327224	2.25653	0.218109	7.9214	0.327759	3.30764	0.266106	7.7786
0.221337	7.82023	0.0345567	2.26127	0.225386	7.68319	0.330907	3.46479	0.273381	7.8351
0.228513	7.5689	0.0366657	2.26524	0.232426	7.41463	0.334216	3.654	0.280706	7.88379
0.235441	7.28662	0.0387777	2.268	0.239202	7.11475	0.337716	3.87737	0.288072	7.92508
0.242091	6.97299	0.0408918	2.26978	0.245684	6.78392	0.341441	4.13535	0.295473	7.95939
0.248434	6.62911	0.0430072	2.27074	0.251843	6.4244	0.345422	4.42625	0.302903	7.98706
0.254443	6.25826	0.0451231	2.27108	0.257655	6.04073	0.349689	4.74592	0.310356	8.00834
0.260096	5.86607	0.0472391	2.27095	0.263099	5.63973	0.354265	5.08781	0.317826	8.02345
0.265374	5.46006	0.0493548	2.27045	0.268164	5.22997	0.359169	5.44339	0.325307	8.03256
0.27027	5.04935	0.0514699	2.26972	0.272845	4.82088	0.364409	5.80292	0.332794	8.03578
0.274783	4.64363	0.0535842	2.26877	0.277147	4.42194	0.369982	6.15657	0.340281	8.03321
0.278923	4.25196	0.0556975	2.26771	0.281085	4.04155	0.375881	6.49561	0.347763	8.02484
0.282706	3.88184	0.0578098	2.26656	0.284678	3.68615	0.382086	6.81298	0.355234	8.01067
0.286156	3.53888	0.0599209	2.26532	0.287953	3.35923	0.388576	7.10384	0.36269	7.99067
0.2893	3.22633	0.062031	2.26412	0.29057	3.09928	0.395323	7.36571	0.370124	7.96475
0.292168	2.94526	0.0641399	2.26286	0.292642	2.89661	0.402301	7.59781	0.377531	7.93274
0.294789	2.69528	0.0662476	2.26161	0.294254	2.74205	0.409481	7.80082	0.384906	7.89458
0.29719	2.47481	0.0683541	2.26039	0.295468	2.62794	0.416837	7.97649	0.392242	7.85004
0.2994	2.2815	0.0704596	2.2592	0.296329	2.54849	0.424344	8.12693	0.399533	7.79891
0.301442	2.11277	0.0725639	2.25805	0.296867	2.49977	0.431981	8.25459	0.406774	7.74104
0.303337	1.9659	0.0746672	2.25693	0.297621	2.43233	0.439726	8.3619	0.413958	7.67612
0.305105	1.83819	0.0767695	2.2559	0.298419	2.36249	0.447562	8.45104	0.421078	7.60393
0.306762	1.72729	0.0788708	2.25486	0.299467	2.273	0.455473	8.52416	0.428127	7.52429
0.308324	1.63101	0.0809711	2.25391	0.300737	2.16783	0.463446	8.58301	0.435099	7.43694
0.309801	1.54744	0.0830707	2.25299	0.302195	2.05198	0.471467	8.62916	0.441985	7.34169
0.311207	1.47485	0.0851694	2.25206	0.303808	1.93047	0.479525	8.66404	0.448779	7.23837
0.31255	1.41178	0.0872672	2.25126	0.305546	1.80784	0.487611	8.68876	0.455473	7.12686
0.313838	1.35705	0.0893643	2.25046	0.307177	1.70093	0.495716	8.70428	0.462059	7.00719
0.315078	1.30947	0.0914607	2.24969	0.308716	1.6081	0.503831	8.71145	0.46853	6.87931
0.316278	1.26816	0.0935564	2.24902	0.310174	1.52756	0.511949	8.71091	0.474878	6.74347
0.317441	1.23234	0.0956515	2.24831	0.311562	1.45759	0.520063	8.70324	0.481096	6.59987
0.318574	1.20127	0.0977459	2.24767	0.31289	1.39679	0.528166	8.68893	0.487176	6.44885
0.31968	1.17443	0.0998397	2.24705	0.314165	1.34397	0.536254	8.66837	0.493112	6.291
0.320763	1.15129	0.101933	2.24645	0.315394	1.29816	0.544319	8.6419	0.498899	6.127
0.321825	1.13139	0.104026	2.24593	0.316584	1.25837	0.552357	8.60983	0.504529	5.95749
0.322871	1.11436	0.106118	2.24541	0.317739	1.22382	0.560362	8.57235	0.51	5.78349
0.323902	1.09985	0.10821	2.2449	0.318864	1.19392	0.56833	8.52962	0.515306	5.60591
0.32492	1.08761	0.110301	2.24442	0.319964	1.16805	0.576256	8.48196	0.520446	5.42581
0.325928	1.07742	0.112392	2.244	0.321041	1.14578	0.584136	8.42947	0.525417	5.24433
0.326928	1.06897	0.114483	2.24357	0.322099	1.1267	0.591964	8.37224	0.530218	5.06248
0.32792	1.0621	0.116573	2.24317	0.32314	1.11035	0.599736	8.31046	0.53485	4.88146
0.328907	1.05672	0.118663	2.24279	0.324168	1.09646	0.607449	8.24423	0.539314	4.70223
0.329889	1.05262	0.120752	2.24242	0.325183	1.08479	0.615099	8.17374	0.543612	4.52571
0.330868	1.04963	0.122841	2.24208	0.326189	1.07503	0.62268	8.09905	0.547747	4.35283
0.331845	1.04767	0.12493	2.24177	0.327187	1.06705	0.63019	8.02028	0.551723	4.18432
0.332821	1.04668	0.127018	2.24143	0.328177	1.0606	0.637625	7.93758	0.555544	4.02074
0.333796	1.04652	0.129106	2.24111	0.329163	1.05554	0.644981	7.85107	0.559215	3.86269
0.334771	1.04709	0.131194	2.24084	0.330144	1.05173	0.652255	7.76081	0.562742	3.71037
0.335747	1.04837	0.133282	2.24056	0.331123	1.04902	0.659443	7.66694	0.565702	3.58252
0.336724	1.05028	0.135369	2.24031	0.332099	1.04734	0.666541	7.56965	0.568144	3.47738
0.337704	1.05271	0.137457	2.24008	0.333074	1.04657	0.673548	7.46897	0.57011	3.393
0.338686	1.05567	0.139544	2.23982	0.334049	1.04659	0.680459	7.36509	0.57163	3.32801
0.339671	1.05908	0.14163	2.23957	0.335024	1.04736	0.687272	7.25819	0.57273	3.28131
0.340659	1.06291	0.143717	2.23938	0.336001	1.04882	0.693984	7.14833	0.573426	3.2518
0.341652	1.06713	0.145803	2.23917	0.336979	1.05086	0.700592	7.03574	0.574415	3.20998
0.342648	1.07169	0.147889	2.23896	0.337959	1.05346	0.707094	6.92059	0.575475	3.16547
0.343648	1.07655	0.149975	2.23874	0.338942	1.05651	0.713488	6.80307	0.576894	3.10628
0.344654	1.08166	0.152061	2.23856	0.339928	1.06005	0.719771	6.68338	0.578651	3.03351
0.345664	1.08705	0.154146	2.2384	0.340917	1.06399	0.725941	6.56171	0.58072	2.9486
0.346679	1.0927	0.156232	2.23824	0.34191	1.06826	0.731998	6.43834	0.583075	2.85329
0.3477	1.09851	0.158317	2.23809	0.342908	1.07292	0.737939	6.31354	0.585683	2.74937
0.348726	1.10449	0.160402	2.23791	0.34391	1.07785	0.743762	6.18759	0.588198	2.65108
0.349758	1.11067	0.162487	2.23774	0.344916	1.08303	0.749468	6.0607	0.590623	2.55829
0.350796	1.117	0.164572	2.23762	0.345928	1.08851	0.755056	5.93313	0.592965	2.47076
0.35184	1.12346	0.166657	2.23745	0.346945	1.09418	0.760524	5.80528	0.595227	2.38829
0.352889	1.13007	0.168741	2.23733	0.347967	1.10002	0.765873	5.67738	0.597415	2.31065
0.353945	1.13677	0.170826	2.23719	0.348994	1.10609	0.771103	5.54969	0.599533	2.23752
0.355008	1.1435	0.17291	2.23705	0.350028	1.11231	0.776215	5.42255	0.601585	2.16866
0.356076	1.15038	0.174994	2.23695	0.351067	1.11868	0.781208	5.29616	0.603574	2.1039
0.357151	1.15732	0.177078	2.23682	0.352112	1.12519	0.786083	5.17081	0.605505	2.043
0.358233	1.16431	0.179162	2.23672	0.353164	1.13179	0.790843	5.04683	0.607381	1.9857
0.359321	1.17142	0.181246	2.2366	0.354221	1.13849	0.795488	4.92433	0.609205	1.93182
0.360416	1.17852	0.18333	2.2365	0.355285	1.14528	0.800019	4.80354	0.610981	1.88115
0.361517	1.18563	0.185414	2.23641	0.356355	1.15219	0.804439	4.68472	0.61271	1.83351
0.362482	1.19188	0.187497	2.2363	0.357432	1.15916	0.808748	4.568	0.614397	1.78871
0.363309	1.19722	0.189581	2.23617	0.358515	1.16617	0.812951	4.45344	0.616044	1.74657
0.363995	1.20166	0.191664	2.2361	0.359605	1.17322	0.816526	4.3555	0.617652	1.70697
0.36454	1.20521	0.193748	2.23603	0.360701	1.18033	0.819512	4.27347	0.619224	1.6697
0.364941	1.20783	0.195831	2.23592	0.361804	1.18752	0.821939	4.20675	0.620763	1.6347
0.365199	1.20948	0.197914	2.23583	0.362914	1.1947	0.82383	4.15457	0.62227	1.60181
0.365569	1.21177	0.199997	2.23575	0.364031	1.20191	0.825207	4.11678	0.623748	1.57083
0.365973	1.21435	0.20208	2.23567	0.365154	1.20915	0.826081	4.09274	0.625197	1.54172
0.366523	1.21792	0.204163	2.2356	0.366284	1.21635	0.827328	4.05831	0.626621	1.51435
0.367222	1.22236	0.206246	2.23552	0.36742	1.22362	0.828673	4.0214	0.628019	1.48861
0.36807	1.22775	0.208329	2.23545	0.368564	1.23091	0.830481	3.97161	0.629395	1.46443
0.369069	1.23407	0.210411	2.23538	0.369714	1.23815	0.832736	3.90969	0.630748	1.44168
0.370222	1.24133	0.212494	2.2353	0.370871	1.24539	0.835416	3.83621	0.632081	1.42034
0.371382	1.24858	0.214577	2.23523	0.372035	1.25264	0.838496	3.75184	0.633395	1.40027
0.372549	1.25583	0.216659	2.23516	0.373205	1.25985	0.841947	3.65763	0.63469	1.3814
0.373722	1.26305	0.218742	2.23512	0.374382	1.26708	0.845312	3.5661	0.635969	1.36369
0.374902	1.27024	0.220824	2.23507	0.375566	1.27429	0.848593	3.47734	0.637231	1.34704
0.376089	1.27747	0.222906	2.23496	0.376757	1.28148	0.851792	3.39136	0.638479	1.33146
0.377283	1.28463	0.224989	2.23491	0.377954	1.28863	0.854912	3.30805	0.639712	1.31678
0.378483	1.29177	0.227071	2.23489	0.379158	1.29575	0.857956	3.22743	0.640933	1.30304
0.37969	1.29888	0.229153	2.23484	0.380369	1.30287	0.860926	3.14944	0.64214	1.29016
0.380903	1.30596	0.231235	2.23478	0.381586	1.30991	0.863824	3.07404	0.643337	1.27808
0.382123	1.31301	0.233317	2.23471	0.382809	1.31698	0.866654	3.00122	0.644522	1.2668
0.38335	1.32006	0.235399	2.23464	0.38404	1.32399	0.869417	2.93087	0.645697	1.25626
0.384583	1.32706	0.237481	2.23461	0.385277	1.33094	0.872115	2.86295	0.646863	1.24637
0.385823	1.33403	0.239563	2.23455	0.38652	1.33789	0.874752	2.79735	0.64802	1.23711
0.387069	1.34097	0.241645	2.23449	0.38777	1.34481	0.877328	2.73408	0.649168	1.22848
0.388321	1.34784	0.243727	2.23446	0.389026	1.35168	0.879846	2.67311	0.650309	1.22047
0.38958	1.35468	0.245809	2.23444	0.390288	1.35852	0.882309	2.61425	0.651442	1.21299
0.390846	1.36147	0.247891	2.2344	0.391557	1.3653	0.884718	2.55753	0.652569	1.20602
0.392117	1.36823	0.249972	2.2343	0.392832	1.37199	0.887075	2.50288	0.65369	1.19961
0.393395	1.37499	0.252054	2.23429	0.394114	1.37871	0.889382	2.45021	0.654804	1.19362
0.394679	1.38166	0.254136	2.23425	0.395401	1.3854	0.89164	2.39945	0.655914	1.18806
0.39597	1.38829	0.256217	2.23419	0.396695	1.392	0.893853	2.35056	0.657018	1.18298
0.397266	1.3949	0.258299	2.2342	0.397995	1.39856	0.89602	2.30352	0.658118	1.17827
0.398569	1.40143	0.260381	2.23413	0.399301	1.40507	0.898145	2.25818	0.659214	1.17394
0.399878	1.40795	0.262462	2.23409	0.400614	1.41158	0.900228	2.21452	0.660306	1.17002
0.401193	1.4144	0.264544	2.23408	0.401932	1.41802	0.902272	2.17248	0.661394	1.16641
0.402513	1.42081	0.266625	2.23399	0.403256	1.42435	0.904276	2.13204	0.662479	1.16314
0.40384	1.42716	0.268706	2.23399	0.404586	1.43071	0.906244	2.09312	0.663561	1.16019
0.405173	1.43349	0.270788	2.23395	0.405922	1.43703	0.908177	2.0556	0.664641	1.15751
0.406511	1.43977	0.272869	2.23389	0.407264	1.44327	0.910075	2.01952	0.665718	1.15517
0.407856	1.44598	0.27495	2.23387	0.408611	1.44943	0.91194	1.98481	0.666794	1.15309
0.409206	1.45216	0.277032	2.23385	0.409964	1.45559	0.913773	1.95142	0.667867	1.15121
0.410561	1.4583	0.279113	2.23385	0.411324	1.4617	0.915576	1.91927	0.668939	1.14961
0.411923	1.46436	0.281194	2.23377	0.412688	1.46776	0.91735	1.88833	0.670009	1.14826
0.41329	1.4704	0.283275	2.23373	0.414059	1.47376	0.919095	1.85857	0.671078	1.14715
0.414663	1.47639	0.285356	2.23375	0.415434	1.47969	0.920813	1.82993	0.672147	1.14622
0.416041	1.48231	0.287438	2.23372	0.416816	1.48562	0.922505	1.80238	0.673214	1.14547
0.417425	1.4882	0.289519	2.23367	0.418203	1.49148	0.924171	1.77591	0.674281	1.14494
0.418814	1.49404	0.2916	2.23361	0.419595	1.4973	0.925814	1.75036	0.675348	1.14461
0.420209	1.49985	0.293681	2.23361	0.420993	1.50307	0.927433	1.72583	0.676414	1.14448
0.421609	1.50554	0.295762	2.23362	0.422396	1.50874	0.92903	1.70225	0.67748	1.14449
0.423014	1.51124	0.297843	2.23354	0.423804	1.51443	0.930605	1.67955	0.678547	1.1446
0.424425	1.51691	0.299924	2.23351	0.425218	1.52005	0.932159	1.65773	0.679613	1.14495
0.425841	1.52249	0.302005	2.23349	0.426637	1.52561	0.933694	1.63671	0.68068	1.14542
0.427262	1.52807	0.304086	2.23348	0.428061	1.53114	0.935209	1.61649	0.681748	1.14598
0.428688	1.53356	0.306167	2.23348	0.42949	1.53658	0.936706	1.59708	0.682816	1.14674
0.43012	1.53899	0.308248	2.23344	0.430924	1.54204	0.938185	1.57841	0.683884	1.14763
0.431556	1.54441	0.310328	2.23338	0.432363	1.54741	0.939647	1.56042	0.684954	1.14859
0.432998	1.54975	0.312409	2.23339	0.433807	1.55273	0.941093	1.54316	0.686025	1.14969
0.434444	1.55506	0.31449	2.23336	0.435256	1.55803	0.942523	1.5265	0.687096	1.1509
0.435895	1.56036	0.316571	2.23334	0.43671	1.56324	0.943937	1.51052	0.688169	1.1522
0.437352	1.56557	0.318652	2.23333	0.438169	1.56845	0.945338	1.49521	0.689243	1.15366
0.438813	1.57073	0.320732	2.23329	0.439633	1.57362	0.946724	1.48041	0.690319	1.15515
0.440278	1.57584	0.322813	2.23327	0.441102	1.57873	0.948096	1.4662	0.691396	1.15674
0.441749	1.58093	0.324894	2.23323	0.442575	1.58377	0.949456	1.45258	0.692474	1.15849
0.443224	1.58596	0.326975	2.23324	0.444053	1.58875	0.950803	1.43947	0.693555	1.16025
0.444704	1.59093	0.329055	2.23321	0.445535	1.59373	0.952138	1.42687	0.694636	1.16207
0.446189	1.5959	0.331136	2.23319	0.447023	1.59867	0.953462	1.41475	0.69572	1.16405
0.447678	1.60081	0.333217	2.23319	0.448514	1.60352	0.954774	1.40312	0.696805	1.16606
0.449172	1.60564	0.335297	2.23315	0.450011	1.60833	0.956076	1.39192	0.697893	1.16813
0.45067	1.61047	0.337378	2.23313	0.451511	1.61311	0.957368	1.38116	0.698982	1.17027
0.452173	1.61523	0.339458	2.23312	0.453016	1.61788	0.95865	1.37087	0.700073	1.17247
0.45368	1.61996	0.341539	2.23311	0.454526	1.62261	0.959922	1.361	0.701167	1.17474
0.455191	1.62463	0.34362	2.23307	0.45604	1.62725	0.961186	1.35149	0.702262	1.17708
0.456707	1.62927	0.3457	2.23305	0.457558	1.63184	0.962441	1.34234	0.70336	1.17947
0.458227	1.63386	0.347781	2.23304	0.459081	1.6364	0.963687	1.33359	0.70446	1.1819
0.459752	1.63839	0.349861	2.233	0.460607	1.64095	0.964926	1.32519	0.705563	1.1844
0.46128	1.64292	0.351942	2.23298	0.462138	1.64546	0.966157	1.31714	0.706667	1.1869
0.462813	1.64743	0.354022	2.23301	0.463674	1.64988	0.96738	1.30942	0.707774	1.18946
0.46435	1.65184	0.356102	2.23298	0.465213	1.65425	0.968597	1.30201	0.708884	1.19214
0.465891	1.6562	0.358183	2.23297	0.466756	1.65863	0.969806	1.29489	0.709996	1.19479
0.467436	1.66055	0.360263	2.23297	0.468303	1.66298	0.971009	1.28811	0.71111	1.19747
0.468985	1.66484	0.362344	2.23293	0.469855	1.66724	0.972206	1.28161	0.712227	1.20024
0.470538	1.66911	0.364424	2.23291	0.47141	1.6715	0.973398	1.27536	0.713347	1.20298
0.472096	1.67334	0.366505	2.2329	0.472969	1.67571	0.974583	1.26941	0.714469	1.20578
0.473657	1.67754	0.368585	2.23285	0.474533	1.67987	0.975763	1.26369	0.715593	1.20865
0.475221	1.68169	0.370665	2.23283	0.4761	1.684	0.976938	1.25827	0.716721	1.21154
0.47679	1.68581	0.372746	2.23286	0.477671	1.68808	0.978108	1.25307	0.717851	1.21446
0.478363	1.68989	0.374826	2.23284	0.479245	1.6921	0.979273	1.24805	0.718984	1.21734
0.479939	1.69391	0.376906	2.23282	0.480824	1.69612	0.980433	1.2433	0.720119	1.22028
0.481519	1.69789	0.378987	2.23282	0.482406	1.70011	0.981589	1.23877	0.721258	1.22329
0.483103	1.70183	0.381067	2.23278	0.483992	1.70405	0.982742	1.23442	0.722399	1.2263
0.48469	1.70577	0.383147	2.2328	0.485581	1.70795	0.98389	1.23034	0.723543	1.22931
0.486281	1.70968	0.385227	2.23277	0.487174	1.71185	0.985034	1.22643	0.724689	1.23235
0.487876	1.71351	0.387308	2.23272	0.488771	1.71567	0.986175	1.22268	0.725839	1.2354
0.489474	1.71729	0.389388	2.23273	0.490371	1.7194	0.987312	1.21912	0.726992	1.23847
0.491076	1.72108	0.391468	2.23273	0.491975	1.72318	0.988447	1.21577	0.728147	1.24158
0.492681	1.72485	0.393548	2.23274	0.493582	1.72693	0.989578	1.21259	0.729305	1.24475
0.49429	1.72856	0.395629	2.2327	0.495193	1.7306	0.990706	1.20954	0.730466	1.24787
0.495902	1.73221	0.397709	2.23268	0.496807	1.73427	0.991832	1.20669	0.73163	1.25096
0.497518	1.73583	0.399789	2.23268	0.498424	1.7379	0.992955	1.20399	0.732797	1.25413
0.499137	1.73947	0.401869	2.23267	0.500045	1.74147	0.994075	1.20146	0.733967	1.25732
0.500759	1.74305	0.403949	2.23267	0.50167	1.74501	0.995194	1.19903	0.73514	1.26049
0.502385	1.74656	0.406029	2.23263	0.503297	1.74851	0.996309	1.19675	0.736316	1.26368
0.504014	1.75007	0.408109	2.23261	0.504928	1.75201	0.997424	1.19466	0.737495	1.26689
0.505646	1.75355	0.41019	2.2326	0.506562	1.75548	0.998536	1.19266	0.738677	1.27007
0.507281	1.75698	0.41227	2.2326	0.508199	1.75891	0.999646	1.19078	0.739862	1.27331
0.50892	1.76041	0.41435	2.2326	0.509839	1.7623	1.00075	1.18986	0.741049	1.27654
0.510562	1.76377	0.41643	2.23259	0.511483	1.76565			0.74224	1.27977
0.512207	1.7671	0.41851	2.23256	0.513129	1.76897			0.743434	1.28299
0.513854	1.77042	0.42059	2.23254	0.514779	1.77228			0.744631	1.28622
0.515505	1.77372	0.42267	2.23257	0.516432	1.77554			0.745831	1.28951
0.51716	1.77698	0.42475	2.23254	0.518087	1.77875			0.747034	1.29277
0.518817	1.78015	0.42683	2.23253	0.519746	1.78196			0.74824	1.29598
0.520477	1.78335	0.42891	2.23253	0.521408	1.78518			0.749449	1.29923
0.52214	1.78656	0.43099	2.23249	0.523073	1.78829			0.750661	1.30254
0.523806	1.7897	0.43307	2.23247	0.52474	1.79139			0.751876	1.3058
0.525475	1.79277	0.43515	2.23249	0.526411	1.79451			0.753094	1.30901
0.527146	1.79585	0.43723	2.23251	0.528084	1.79757			0.754315	1.3123
0.528821	1.79889	0.43931	2.23244	0.52976	1.8006			0.755539	1.31559
0.530498	1.80191	0.44139	2.23244	0.531439	1.80362			0.756767	1.31881
0.532179	1.80492	0.44347	2.23244	0.533121	1.80656			0.757997	1.32211
0.533862	1.80789	0.44555	2.23241	0.534806	1.80953			0.75923	1.32536
0.535548	1.81081	0.44763	2.23243	0.536493	1.81248			0.760466	1.32861
0.537236	1.81373	0.44971	2.23244	0.538183	1.81534			0.761706	1.33191
0.538927	1.81662	0.45179	2.23241	0.539876	1.81821			0.762948	1.33514
0.540621	1.81945	0.45387	2.23239	0.541571	1.82103			0.764194	1.33836
0.542318	1.8223	0.45595	2.23238	0.543269	1.82387			0.765442	1.34166
0.544017	1.82511	0.45803	2.23238	0.54497	1.82668			0.766694	1.34492
0.545718	1.82788	0.460109	2.23238	0.546673	1.82944			0.767948	1.34812
0.547423	1.83061	0.462189	2.23237	0.548379	1.83218			0.769206	1.35137
0.54913	1.83337	0.464269	2.23237	0.550087	1.83486			0.770466	1.35465
0.550839	1.83607	0.466349	2.23234	0.551798	1.83756			0.77173	1.35786
0.552551	1.83877	0.468429	2.23232	0.553511	1.84026			0.772997	1.36108
0.554265	1.84141	0.470509	2.23231	0.555227	1.8429			0.774266	1.3643
0.555982	1.84401	0.472589	2.2323	0.556945	1.8455			0.775539	1.36752
0.557701	1.84666	0.474668	2.2323	0.558666	1.84808			0.776815	1.37074
0.559423	1.84923	0.476748	2.2323	0.560389	1.85065			0.778093	1.37396
0.561147	1.8518	0.478828	2.2323	0.562114	1.85322			0.779375	1.37718
0.562874	1.85433	0.480908	2.2323	0.563842	1.85575			0.780659	1.38033
0.564603	1.85684	0.482988	2.23226	0.565572	1.85826			0.781947	1.38352
0.566334	1.85934	0.485068	2.23225	0.567305	1.86072			0.783237	1.38672
0.568067	1.8618	0.487147	2.23227	0.569039	1.86316			0.784531	1.3899
0.569803	1.86427	0.489227	2.23225	0.570776	1.86562			0.785827	1.39306
0.571541	1.86668	0.491307	2.23224	0.572516	1.86803			0.787127	1.39622
0.573281	1.86906	0.493387	2.23223	0.574257	1.8704			0.788429	1.39937
0.575024	1.87145	0.495466	2.23223	0.576001	1.8728			0.789734	1.40249
0.576769	1.87382	0.497546	2.23223	0.577747	1.87513			0.791042	1.40566
0.578516	1.87618	0.499626	2.23219	0.579495	1.87747			0.792354	1.40881
0.580265	1.87849	0.501706	2.23221	0.581245	1.87977			0.793668	1.4119
0.582016	1.88079	0.503785	2.23222	0.582998	1.88206			0.794984	1.41501
0.583769	1.88307	0.505865	2.23219	0.584753	1.88434			0.796304	1.41814
0.585525	1.88531	0.507945	2.23217	0.586509	1.88658			0.797627	1.42125
0.587282	1.88756	0.510024	2.23216	0.588268	1.88883			0.798953	1.4243
0.589042	1.88979	0.512104	2.23216	0.590029	1.89102			0.800281	1.4274
0.590804	1.89196	0.514184	2.23216	0.591792	1.89318			0.801612	1.43049
0.592568	1.89415	0.516264	2.23215	0.593557	1.89536			0.802947	1.4335
0.594333	1.89634	0.518343	2.23215	0.595323	1.89754			0.804284	1.43658
0.596101	1.89846	0.520423	2.23215	0.597092	1.89966			0.805623	1.43966
0.597871	1.90059	0.522503	2.23215	0.598863	1.90175			0.806966	1.44266
0.599643	1.90271	0.524582	2.23212	0.600636	1.90385			0.808312	1.44566
0.601416	1.90476	0.526662	2.2321	0.602411	1.90597			0.80966	1.4487
0.603192	1.90685	0.528742	2.23213	0.604188	1.90801			0.811011	1.45173
0.60497	1.90892	0.530821	2.2321	0.605966	1.91002			0.812365	1.4547
0.606749	1.9109	0.532901	2.23209	0.607747	1.91205			0.813722	1.45769
0.60853	1.91292	0.534981	2.23209	0.609529	1.91406			0.815081	1.46069
0.610314	1.91496	0.53706	2.23208	0.611313	1.91605			0.816444	1.46365
0.612099	1.91693	0.53914	2.23208	0.613099	1.91803			0.817809	1.4666
0.613886	1.9189	0.541219	2.23208	0.614887	1.91998			0.819177	1.46957
0.615674	1.92084	0.543299	2.23208	0.616677	1.9219			0.820547	1.47249
0.617465	1.92276	0.545379	2.23204	0.618469	1.92385			0.82192	1.47541
0.619257	1.92467	0.547458	2.23203	0.620262	1.92574			0.823296	1.47833
0.621051	1.92654	0.549538	2.23205	0.622057	1.92761			0.824675	1.48123
0.622847	1.92847	0.551617	2.23207	0.623854	1.92949			0.826057	1.48417
0.624645	1.93031	0.553697	2.23204	0.625652	1.93138			0.827441	1.48704
0.626444	1.93215	0.555776	2.23202	0.627453	1.93321			0.828827	1.4899
0.628245	1.93402	0.557856	2.23201	0.629255	1.935			0.830217	1.49276
0.630048	1.93583	0.559936	2.23201	0.631058	1.93681			0.831609	1.49561
0.631852	1.93762	0.562015	2.23201	0.632864	1.93863			0.833004	1.49847
0.633658	1.93939	0.564095	2.23197	0.634671	1.94042			0.834401	1.50129
0.635466	1.94115	0.566174	2.23199	0.63648	1.94216			0.835801	1.50413
0.637276	1.94295	0.568254	2.232	0.63829	1.94391			0.837204	1.50698
0.639087	1.94469	0.570333	2.23197	0.640102	1.94562			0.838609	1.50976
0.640899	1.94637	0.572413	2.23199	0.641915	1.94736			0.840017	1.51254
0.642713	1.94812	0.574492	2.23196	0.643731	1.94907			0.841428	1.51532
0.644529	1.94984	0.576572	2.23195	0.645547	1.95077			0.842841	1.5181
0.646347	1.95147	0.578651	2.23198	0.647366	1.95246			0.844257	1.52088
0.648166	1.95316	0.580731	2.23196	0.649185	1.95407			0.845675	1.52359
0.649986	1.95482	0.58281	2.23194	0.651007	1.95572			0.847096	1.52634
0.651808	1.95645	0.58489	2.23194	0.65283	1.95739			0.848519	1.52907
0.653632	1.95811	0.586969	2.23194	0.654654	1.95899			0.849945	1.53179
0.655457	1.9597	0.589049	2.23194	0.65648	1.9606			0.851373	1.5345
0.657284	1.96131	0.591128	2.23193	0.658308	1.96221			0.852804	1.53722
0.659112	1.96292	0.593208	2.23193	0.660136	1.96378			0.854238	1.53989
0.660941	1.96449	0.595287	2.2319	0.661967	1.96537			0.855674	1.54255
0.662772	1.96605	0.597367	2.23192	0.663799	1.9669			0.857112	1.54523
0.664605	1.96759	0.599446	2.23189	0.665632	1.96844			0.858553	1.54789
0.666439	1.9691	0.601526	2.23187	0.667467	1.97001			0.859997	1.55054
0.668274	1.97066	0.603605	2.2319	0.669303	1.97149			0.861442	1.55314
0.670111	1.97217	0.605684	2.23188	0.67114	1.973			0.862891	1.55576
0.671949	1.97366	0.607764	2.23187	0.672979	1.97452			0.864341	1.55839
0.673789	1.97517	0.609843	2.23187	0.67482	1.97598			0.865795	1.56099
0.675629	1.97662	0.611923	2.23186	0.676661	1.97744			0.86725	1.5636
0.677472	1.97808	0.614002	2.23186	0.678504	1.97891			0.868708	1.56616
0.679315	1.97954	0.616082	2.23186	0.680349	1.98033			0.870169	1.56872
0.68116	1.98101	0.618161	2.23186	0.682194	1.98178			0.871631	1.57128
0.683007	1.9824	0.62024	2.23186	0.684042	1.98324			0.873096	1.57384
0.684854	1.98382	0.62232	2.23186	0.68589	1.98462			0.874564	1.5764
0.686703	1.98527	0.624399	2.23182	0.68774	1.98601			0.876034	1.57889
0.688554	1.98662	0.626479	2.23181	0.689591	1.9874			0.877506	1.58138
0.690405	1.98798	0.628558	2.23183	0.691443	1.98879			0.878981	1.58391
0.692258	1.9894	0.630637	2.23185	0.693297	1.99015			0.880458	1.58642
0.694112	1.99077	0.632717	2.23182	0.695151	1.99148			0.881937	1.58888
0.695968	1.99208	0.634796	2.2318	0.697008	1.99285			0.883418	1.59136
0.697824	1.99342	0.636875	2.23183	0.698865	1.99419			0.884902	1.59384
0.699682	1.99479	0.638955	2.23181	0.700724	1.99552			0.886388	1.59629
0.701541	1.9961	0.641034	2.23176	0.702583	1.99684			0.887877	1.59872
0.703402	1.99738	0.643113	2.23177	0.704444	1.99813			0.889367	1.60115
0.705263	1.99868	0.645193	2.23182	0.706307	1.99939			0.89086	1.60357
0.707126	1.99998	0.647272	2.2318	0.70817	2.00068			0.892355	1.60599
0.70899	2.00126	0.649352	2.23176	0.710035	2.00199			0.893853	1.60837
0.710855	2.00252	0.651431	2.23177	0.711901	2.00323			0.895352	1.61077
0.712721	2.00381	0.65351	2.23178	0.713767	2.00447			0.896854	1.61314
0.714589	2.00504	0.65559	2.23175	0.715636	2.00575			0.898358	1.6155
0.716458	2.00624	0.657669	2.23173	0.717505	2.00698			0.899865	1.61789
0.718327	2.0075	0.659748	2.23176	0.719375	2.00817			0.901373	1.62022
0.720198	2.00876	0.661827	2.23177	0.721247	2.0094			0.902884	1.62255
0.722071	2.00993	0.663907	2.23174	0.72312	2.01063			0.904396	1.62489
0.723944	2.0111	0.665986	2.23173	0.724994	2.0118			0.905911	1.6272
0.725818	2.01231	0.668065	2.23172	0.726868	2.01297			0.907429	1.62952
0.727693	2.0135	0.670145	2.23172	0.728745	2.01417			0.908948	1.63182
0.72957	2.01469	0.672224	2.23172	0.730622	2.01532			0.910469	1.6341
0.731448	2.01586	0.674303	2.23172	0.7325	2.01649			0.911993	1.63638
0.733326	2.017	0.676382	2.23171	0.734379	2.01765			0.913518	1.63862
0.735206	2.01815	0.678462	2.23171	0.73626	2.01879			0.915046	1.64087
0.737087	2.01928	0.680541	2.23171	0.738141	2.0199			0.916576	1.64313
0.738969	2.02039	0.68262	2.23171	0.740023	2.02105			0.918108	1.64536
0.740852	2.02154	0.6847	2.23168	0.741907	2.02217			0.919642	1.64761
0.742736	2.02266	0.686779	2.2317	0.743791	2.02324			0.921178	1.64984
0.744621	2.02377	0.688858	2.23171	0.745677	2.02436			0.922716	1.65201
0.746507	2.02483	0.690937	2.23167	0.747564	2.02547			0.924256	1.65423
0.748394	2.02592	0.693017	2.23166	0.749451	2.02654			0.925799	1.65641
0.750282	2.02701	0.695096	2.23165	0.75134	2.02759			0.927343	1.65859
0.752171	2.02807	0.697175	2.23168	0.753229	2.02866			0.928889	1.66078
0.754061	2.02914	0.699254	2.23166	0.75512	2.02975			0.930438	1.6629
0.755952	2.03023	0.701333	2.23165	0.757012	2.0308			0.931988	1.66506
0.757844	2.03125	0.703413	2.23168	0.758904	2.03184			0.93354	1.6672
0.759737	2.03228	0.705492	2.23166	0.760798	2.03288			0.935095	1.6693
0.761631	2.0333	0.707571	2.23161	0.762692	2.03387			0.936651	1.67145
0.763526	2.03432	0.70965	2.23163	0.764588	2.03488			0.938209	1.67358
0.765422	2.03535	0.71173	2.23163	0.766484	2.03593			0.939769	1.67564
0.767318	2.03638	0.713809	2.23164	0.768381	2.03693			0.941332	1.67773
0.769216	2.0374	0.715888	2.23164	0.77028	2.03791			0.942896	1.67984
0.771115	2.03835	0.717967	2.23164	0.772179	2.03891			0.944462	1.68192
0.773014	2.03934	0.720046	2.23164	0.774079	2.03993			0.94603	1.68398
0.774915	2.04031	0.722126	2.2316	0.77598	2.04087			0.9476	1.686
0.776816	2.04127	0.724205	2.23159	0.777882	2.04182			0.949171	1.68804
0.778719	2.04227	0.726284	2.23161	0.779785	2.04281			0.950745	1.69012
0.780622	2.04324	0.728363	2.23159	0.781688	2.04374			0.952321	1.69211
0.782526	2.0442	0.730442	2.23158	0.783593	2.04469			0.953898	1.69413
0.784431	2.04512	0.732521	2.23161	0.785499	2.04567			0.955478	1.69617
0.786337	2.04602	0.734601	2.23159	0.787405	2.0466			0.957059	1.69814
0.788244	2.04698	0.73668	2.23158	0.789312	2.04747			0.958642	1.70011
0.790151	2.04791	0.738759	2.23157	0.79122	2.04842			0.960227	1.70212
0.79206	2.04881	0.740838	2.23157	0.793129	2.04937			0.961814	1.70408
0.793969	2.04977	0.742917	2.23157	0.795039	2.05024			0.963402	1.70601
0.795879	2.05065	0.744996	2.23157	0.79695	2.05112			0.964993	1.708
0.79779	2.05153	0.747075	2.23157	0.798861	2.05204			0.966585	1.70995
0.799702	2.05241	0.749155	2.23157	0.800773	2.05293			0.968179	1.71188
0.801615	2.05329	0.751234	2.23157	0.802686	2.05379			0.969775	1.71379
0.803528	2.05421	0.753313	2.23153	0.8046	2.05469			0.971372	1.71574
0.805442	2.05507	0.755392	2.23155	0.806515	2.05558			0.972972	1.71763
0.807357	2.05594	0.757471	2.23156	0.808431	2.05639			0.974573	1.71953
0.809273	2.05678	0.75955	2.23153	0.810347	2.05727			0.976176	1.72143
0.81119	2.05764	0.761629	2.23155	0.812264	2.05815			0.977781	1.72329
0.813108	2.0585	0.763708	2.23152	0.814182	2.05896			0.979387	1.72518
0.815026	2.05934	0.765788	2.23151	0.816101	2.0598			0.980995	1.72703
0.816945	2.06016	0.767867	2.23154	0.81802	2.06062			0.982605	1.72892
0.818865	2.06098	0.769946	2.23152	0.819941	2.06144			0.984217	1.73077
0.820785	2.06182	0.772025	2.23151	0.821862	2.06229			0.98583	1.73258
0.822707	2.06265	0.774104	2.2315	0.823783	2.06311			0.987445	1.7344
0.824629	2.06346	0.776183	2.2315	0.825706	2.06389			0.989062	1.73626
0.826552	2.06428	0.778262	2.2315	0.827629	2.06472			0.990681	1.73807
0.828475	2.06508	0.780341	2.2315	0.829553	2.06554			0.992301	1.73985
0.8304	2.06585	0.78242	2.23149	0.831478	2.06628			0.993923	1.74166
0.832325	2.06664	0.784499	2.23149	0.833404	2.06709			0.995546	1.74348
0.834251	2.06744	0.786578	2.23149	0.83533	2.06789			0.997172	1.74527
0.836177	2.0682	0.788657	2.23146	0.837257	2.06863			0.998798	1.747
0.838105	2.06899	0.790736	2.23148	0.839185	2.06943			1.00043	1.74788
0.840033	2.06975	0.792816	2.23149	0.841113	2.0702				
0.841961	2.07053	0.794895	2.23145	0.843042	2.07091				
0.843891	2.07129	0.796974	2.23147	0.844972	2.07171				
0.845821	2.07203	0.799053	2.23148	0.846903	2.07248				
0.847752	2.07277	0.801132	2.23145	0.848834	2.07319				
0.849683	2.07351	0.803211	2.23144	0.850766	2.07391				
0.851616	2.07428	0.80529	2.23143	0.852698	2.07467				
0.853549	2.07499	0.807369	2.23146	0.854632	2.07542				
0.855482	2.07571	0.809448	2.23144	0.856566	2.07613				
0.857416	2.07644	0.811527	2.23143	0.8585	2.07684				
0.859351	2.07717	0.813606	2.23146	0.860436	2.07757				
0.861287	2.07787	0.815685	2.23141	0.862372	2.07826				
0.863223	2.07858	0.817764	2.23141	0.864308	2.07897				
0.86516	2.0793	0.819843	2.23142	0.866246	2.0797				
0.867098	2.08	0.821922	2.23142	0.868183	2.08039				
0.869036	2.08067	0.824001	2.23142	0.870122	2.08106				
0.870975	2.08137	0.82608	2.23138	0.872061	2.08177				
0.872914	2.08206	0.828159	2.2314	0.874001	2.08245				
0.874855	2.08273	0.830238	2.23141	0.875942	2.08312				
0.876795	2.08343	0.832317	2.23142	0.877883	2.08378				
0.878737	2.08407	0.834396	2.23138	0.879825	2.08444				
0.880679	2.08476	0.836475	2.23137	0.881767	2.08514				
0.882622	2.08543	0.838554	2.23139	0.88371	2.08578				
0.884565	2.08606	0.840633	2.23141	0.885654	2.08643				
0.886509	2.08674	0.842712	2.23138	0.887598	2.08709				
0.888453	2.08738	0.844791	2.23136	0.889543	2.08774				
0.890398	2.08799	0.84687	2.23139	0.891488	2.0884				
0.892344	2.08866	0.848949	2.23137	0.893434	2.08902				
0.89429	2.08932	0.851028	2.23136	0.895381	2.08963				
0.896237	2.08995	0.853106	2.23135	0.897328	2.09026				
0.898185	2.09055	0.855185	2.23135	0.899276	2.09091				
0.900133	2.09119	0.857264	2.23135	0.901224	2.09156				
0.902081	2.0918	0.859343	2.23135	0.903173	2.09218				
0.904031	2.09243	0.861422	2.23135	0.905123	2.09274				
0.90598	2.09304	0.863501	2.23135	0.907073	2.09336				
0.907931	2.09364	0.86558	2.23135	0.909023	2.09399				
0.909882	2.09427	0.867659	2.23131	0.910975	2.0946				
0.911833	2.09484	0.869738	2.23133	0.912927	2.0952				
0.913785	2.09545	0.871817	2.23134	0.914879	2.09579				
0.915738	2.09605	0.873896	2.23131	0.916832	2.09638				
0.917691	2.09661	0.875975	2.23133	0.918785	2.09693				
0.919645	2.09722	0.878054	2.2313	0.920739	2.09754				
0.921599	2.09781	0.880132	2.23129	0.922694	2.09813				
0.923554	2.09837	0.882211	2.23132	0.924649	2.09869				
0.925509	2.09894	0.88429	2.2313	0.926604	2.09929				
0.927465	2.09952	0.886369	2.23132	0.928561	2.09985				
0.929421	2.1001	0.888448	2.2313	0.930517	2.10039				
0.931378	2.10065	0.890527	2.23129	0.932474	2.10095				
0.933335	2.10121	0.892606	2.23128	0.934432	2.10152				
0.935293	2.10179	0.894685	2.23128	0.93639	2.1021				
0.937252	2.10233	0.896764	2.23131	0.938349	2.10265				
0.939211	2.10286	0.898842	2.23126	0.940309	2.10318				
0.94117	2.10342	0.900921	2.23127	0.942268	2.1037				
0.94313	2.10396	0.903	2.23127	0.944229	2.10425				
0.945091	2.10448	0.905079	2.23127	0.946189	2.10482				
0.947052	2.10507	0.907158	2.23127	0.948151	2.10533				
0.949013	2.10559	0.909237	2.23124	0.950112	2.10587				
0.950975	2.1061	0.911316	2.23126	0.952075	2.1064				
0.952938	2.10661	0.913394	2.23127	0.954037	2.10692				
0.954901	2.10713	0.915473	2.23123	0.956001	2.10744				
0.956864	2.10768	0.917552	2.23122	0.957964	2.10796				
0.958828	2.10821	0.919631	2.23125	0.959929	2.10847				
0.960793	2.10869	0.92171	2.23126	0.961893	2.10898				
0.962758	2.10919	0.923789	2.23123	0.963859	2.1095				
0.964723	2.10973	0.925867	2.23122	0.965824	2.11001				
0.966689	2.11022	0.927946	2.23125	0.96779	2.11052				
0.968655	2.11073	0.930025	2.23122	0.969757	2.111				
0.970622	2.11123	0.932104	2.23121	0.971724	2.11149				
0.972589	2.11171	0.934183	2.23121	0.973691	2.11199				
0.974557	2.1122	0.936261	2.2312	0.975659	2.11247				
0.976525	2.1127	0.93834	2.2312	0.977628	2.11296				
0.978494	2.11317	0.940419	2.2312	0.979597	2.11346				
0.980463	2.11367	0.942498	2.2312	0.981566	2.11393				
0.982432	2.11417	0.944577	2.2312	0.983536	2.11442				
0.984402	2.11464	0.946656	2.2312	0.985506	2.11489				
0.986373	2.11509	0.948734	2.2312	0.987477	2.11538				
0.988343	2.11554	0.950813	2.2312	0.989448	2.11584				
0.990315	2.11602	0.952892	2.23116	0.991419	2.11629				
0.992286	2.11652	0.954971	2.23118	0.993391	2.11674				
0.994259	2.11699	0.957049	2.23119	0.995364	2.11722				
0.996231	2.11744	0.959128	2.23116	0.997336	2.11772				
0.998204	2.11789	0.961207	2.23114	0.99931	2.11815				
1.00018	2.11811	0.963286	2.23117	1.00128	2.11836				
		0.965365	2.23119						
		0.967443	2.23116						
		0.969522	2.23114						
		0.971601	2.23114						
		0.97368	2.23113						
		0.975758	2.23117						
		0.977837	2.23115						
		0.979916	2.23114						
		0.981995	2.23113						
		0.984073	2.23113						
		0.986152	2.23113						
		0.988231	2.23109						
		0.990309	2.23111						
		0.992388	2.23112						
		0.994467	2.23112						
		0.996546	2.23113						
		0.998624	2.23109						
		1.0007	2.23105						
