Sym0		Asym0		Sym1		Sym2		Asym1	
473  Points		492  Points		473  Points		211  Points		391  Points	
Freq (MHz)	Vgr (m/ms)	Freq (MHz)	Vgr (m/ms)	Freq (MHz)	Vgr (m/ms)	Freq (MHz)	Vgr (m/ms)	Freq (MHz)	Vgr (m/ms)
0.00797669	9.35682	8.60255e-005	0.340095	0.00335446	9.3582	0.279536	0.214316	0.139765	0.416876
0.0166944	9.35483	0.00040289	0.461315	0.0120734	9.35669	0.279736	0.317488	0.140153	0.713258
0.0254084	9.34966	0.000945635	0.697387	0.0207896	9.35267	0.280127	0.522561	0.141094	1.29911
0.0341165	9.34224	0.00170239	0.918603	0.0295011	9.34647	0.280709	0.724259	0.142574	1.86751
0.0428166	9.33254	0.00265735	1.12161	0.0382057	9.33794	0.281477	0.921186	0.144574	2.41208
0.0515066	9.32032	0.00379239	1.30445	0.0469014	9.32711	0.282426	1.11216	0.147069	2.92795
0.060184	9.30555	0.00508805	1.46622	0.0555858	9.31372	0.283549	1.29591	0.15003	3.41184
0.0688465	9.28801	0.00652453	1.60717	0.0642564	9.29764	0.284841	1.47123	0.153426	3.86194
0.0774912	9.26744	0.00808284	1.72831	0.0729109	9.27873	0.286291	1.63707	0.157226	4.27758
0.0861153	9.24357	0.00974505	1.83114	0.0815463	9.25666	0.287891	1.79239	0.161397	4.6593
0.0947156	9.21606	0.011495	1.91748	0.0901597	9.23113	0.289631	1.93641	0.165908	5.00825
0.103288	9.18454	0.0133181	1.98924	0.0987475	9.20181	0.291499	2.06844	0.17073	5.3261
0.11183	9.14854	0.0152017	2.04845	0.107306	9.16822	0.293485	2.18799	0.175833	5.61485
0.120336	9.10752	0.0171351	2.09685	0.115831	9.12991	0.295576	2.29504	0.181192	5.87661
0.128801	9.06077	0.0191089	2.13608	0.124319	9.08631	0.297762	2.38976	0.186783	6.11353
0.137219	9.00756	0.0211155	2.16782	0.132763	9.03662	0.300029	2.47277	0.192584	6.32766
0.145585	8.94699	0.0228856	2.19029	0.141158	8.98007	0.302369	2.54532	0.198574	6.52102
0.153891	8.87799	0.0244075	2.20617	0.149496	8.91569	0.304772	2.60907	0.204735	6.69543
0.162129	8.79932	0.0256736	2.2173	0.157771	8.84231	0.307231	2.66631	0.21105	6.85255
0.170288	8.70952	0.0266788	2.22495	0.165973	8.7586	0.309741	2.71994	0.217504	6.99403
0.178358	8.60696	0.02742	2.23006	0.174092	8.66303	0.312299	2.77322	0.224083	7.1212
0.186326	8.48973	0.0278953	2.23311	0.182115	8.55385	0.314908	2.83018	0.230774	7.23527
0.194177	8.35568	0.0285796	2.23701	0.190031	8.42895	0.317573	2.89505	0.237565	7.33745
0.201896	8.20236	0.0293246	2.24088	0.197822	8.28615	0.320303	2.97226	0.244446	7.42872
0.209462	8.02734	0.0303398	2.24574	0.205471	8.12301	0.323112	3.06648	0.251408	7.50988
0.216854	7.82811	0.0316267	2.25095	0.212958	7.93693	0.326017	3.18211	0.25844	7.58176
0.224048	7.60213	0.0331866	2.25608	0.220261	7.72537	0.329041	3.32337	0.265536	7.64509
0.23102	7.34741	0.0350205	2.26084	0.227354	7.4861	0.33221	3.49382	0.272686	7.70035
0.23774	7.06289	0.0371292	2.26491	0.23421	7.21747	0.335552	3.69608	0.279884	7.74809
0.244181	6.74859	0.039241	2.26771	0.240803	6.91884	0.339097	3.93132	0.287124	7.78879
0.250315	6.40622	0.0413548	2.26952	0.247103	6.59103	0.342877	4.19894	0.294398	7.8228
0.256118	6.03972	0.0434699	2.27053	0.253084	6.23673	0.346921	4.49627	0.301701	7.85046
0.261569	5.65492	0.0455857	2.27096	0.258724	5.86073	0.351255	4.81827	0.309026	7.87202
0.266655	5.2595	0.0477016	2.27092	0.264005	5.46988	0.3559	5.15778	0.316369	7.88767
0.27137	4.86235	0.0498173	2.2705	0.268917	5.07256	0.360866	5.5062	0.323724	7.89753
0.275716	4.47241	0.0519325	2.26981	0.273457	4.67766	0.36616	5.85419	0.331085	7.90177
0.279704	4.098	0.0540469	2.26892	0.277633	4.29408	0.371775	6.19282	0.338448	7.90053
0.283352	3.74586	0.0561604	2.26789	0.281459	3.92945	0.377699	6.5144	0.345807	7.89371
0.286684	3.42053	0.0582728	2.26675	0.284955	3.58881	0.383914	6.81312	0.353157	7.8814
0.289726	3.12459	0.0603842	2.26559	0.287753	3.31433	0.390395	7.08535	0.360493	7.86352
0.292506	2.85886	0.0624945	2.26439	0.289969	3.09833	0.397117	7.32932	0.36781	7.83999
0.295053	2.62264	0.0646036	2.26313	0.291693	2.93237	0.404052	7.54485	0.375102	7.81079
0.297393	2.41424	0.0667116	2.26188	0.292992	2.80914	0.411176	7.73312	0.382365	7.7757
0.299551	2.23137	0.0688184	2.26071	0.293912	2.72304	0.418462	7.89578	0.389591	7.73458
0.301551	2.0716	0.0709242	2.25953	0.294486	2.67011	0.425889	8.03501	0.396777	7.68729
0.303412	1.93229	0.0730288	2.25836	0.295292	2.59679	0.433434	8.15314	0.403916	7.63357
0.305151	1.811	0.0751324	2.2573	0.296143	2.52065	0.441081	8.25243	0.411001	7.57323
0.306786	1.70552	0.077235	2.25622	0.297261	2.42277	0.448812	8.33493	0.418028	7.5061
0.308329	1.61382	0.0793366	2.2552	0.298613	2.30743	0.456612	8.40251	0.424988	7.43195
0.309793	1.53411	0.0814373	2.25425	0.300164	2.18009	0.464469	8.45688	0.431876	7.35053
0.311188	1.46479	0.0835372	2.2533	0.301876	2.04606	0.472371	8.49942	0.438685	7.26159
0.312523	1.40451	0.0856361	2.25239	0.303715	1.91045	0.480307	8.5314	0.445408	7.16507
0.313805	1.35207	0.0877342	2.25153	0.305436	1.79203	0.488268	8.55389	0.452036	7.06089
0.315042	1.30645	0.0898316	2.25077	0.307054	1.68906	0.496246	8.56776	0.458565	6.94885
0.31624	1.26684	0.0919283	2.24999	0.308583	1.59952	0.504233	8.57374	0.464985	6.82897
0.317403	1.23245	0.0940242	2.24923	0.310035	1.52161	0.512222	8.57245	0.47129	6.70144
0.318536	1.20263	0.0961195	2.24859	0.311419	1.45395	0.520207	8.56443	0.477472	6.56641
0.319644	1.17683	0.0982142	2.24795	0.312744	1.39506	0.528181	8.5501	0.483526	6.42416
0.320729	1.15453	0.100308	2.24729	0.314018	1.34383	0.536139	8.52984	0.489443	6.27517
0.321795	1.13541	0.102402	2.24671	0.315248	1.29936	0.544076	8.50398	0.495219	6.11992
0.322845	1.11906	0.104495	2.24616	0.31644	1.26064	0.551985	8.47269	0.500847	5.95907
0.32388	1.10513	0.106587	2.2456	0.317597	1.22707	0.559864	8.43627	0.506323	5.79344
0.324904	1.09337	0.108679	2.24509	0.318726	1.19799	0.567705	8.39491	0.511642	5.6239
0.325918	1.08355	0.110771	2.24466	0.31983	1.17278	0.575507	8.34875	0.516802	5.45137
0.326923	1.07549	0.112862	2.24418	0.320911	1.1511	0.583262	8.29795	0.5218	5.2769
0.327922	1.06895	0.114953	2.24376	0.321975	1.13246	0.590969	8.24263	0.526635	5.10147
0.328915	1.06379	0.117043	2.24337	0.323022	1.11651	0.598622	8.18298	0.531306	4.92609
0.329904	1.05992	0.119133	2.24292	0.324055	1.10297	0.606217	8.11904	0.535814	4.75185
0.33089	1.05715	0.121222	2.24255	0.325077	1.09155	0.613751	8.05094	0.540161	4.57959
0.331874	1.05534	0.123312	2.24225	0.326089	1.08207	0.621219	7.9789	0.544348	4.41027
0.332857	1.05444	0.125401	2.24188	0.327093	1.07429	0.628618	7.90292	0.548379	4.24462
0.333839	1.05439	0.127489	2.24155	0.328091	1.06798	0.635945	7.82311	0.552257	4.08324
0.334821	1.05511	0.129577	2.24128	0.329083	1.06307	0.643196	7.7396	0.555988	3.92666
0.335805	1.05648	0.131665	2.24096	0.330072	1.05937	0.650367	7.65254	0.559121	3.79443
0.33679	1.05839	0.133753	2.24068	0.331057	1.05675	0.657456	7.56208	0.561709	3.68508
0.337777	1.06091	0.135841	2.2404	0.332041	1.05514	0.664458	7.46825	0.563793	3.59697
0.338767	1.0639	0.137928	2.24015	0.333023	1.05442	0.671372	7.37117	0.565405	3.52901
0.33976	1.06731	0.140015	2.23992	0.334006	1.05445	0.678194	7.27107	0.566571	3.48
0.340756	1.07121	0.142102	2.23965	0.334988	1.05528	0.684921	7.16797	0.567309	3.44894
0.341756	1.07541	0.144188	2.23945	0.335972	1.05675	0.69155	7.06213	0.568358	3.40498
0.34276	1.07994	0.146275	2.23924	0.336958	1.05877	0.69808	6.95364	0.569483	3.35808
0.343768	1.08481	0.148361	2.23902	0.337945	1.06139	0.704508	6.84264	0.570988	3.2955
0.344781	1.08994	0.150447	2.23884	0.338935	1.06446	0.710831	6.72942	0.572852	3.21838
0.345799	1.09529	0.152533	2.23864	0.339929	1.06794	0.717047	6.61407	0.575047	3.12823
0.346822	1.10087	0.154618	2.23843	0.340925	1.07187	0.723155	6.49682	0.577545	3.02674
0.34785	1.10669	0.156704	2.23825	0.341926	1.07618	0.729153	6.37791	0.580312	2.91567
0.348884	1.11268	0.158789	2.23812	0.342931	1.08076	0.73504	6.25756	0.582978	2.8103
0.349924	1.11879	0.160874	2.23795	0.34394	1.08564	0.740814	6.13602	0.585549	2.71055
0.350969	1.1251	0.162959	2.23775	0.344954	1.09083	0.746474	6.01359	0.588029	2.61626
0.35202	1.13155	0.165044	2.23762	0.345972	1.09621	0.752019	5.89052	0.590424	2.52718
0.353077	1.13808	0.167129	2.23748	0.346996	1.10187	0.75745	5.76699	0.592738	2.44312
0.354141	1.1447	0.169213	2.23737	0.348026	1.1077	0.762765	5.64334	0.594976	2.36382
0.35521	1.15143	0.171298	2.23725	0.34906	1.11369	0.767966	5.5199	0.597143	2.28904
0.356286	1.15828	0.173382	2.23707	0.350101	1.11987	0.773051	5.39679	0.599242	2.21863
0.357369	1.16518	0.175466	2.23695	0.351147	1.12618	0.778022	5.27434	0.601277	2.15229
0.358458	1.1721	0.177551	2.23681	0.352199	1.13264	0.782879	5.15287	0.603252	2.08979
0.359553	1.17911	0.179634	2.23671	0.353258	1.13919	0.787624	5.03254	0.605171	2.03096
0.360655	1.18619	0.181718	2.23662	0.354322	1.14584	0.792257	4.91353	0.607037	1.97558
0.36162	1.19238	0.183802	2.23647	0.355393	1.15261	0.79678	4.79606	0.608852	1.92347
0.362447	1.1977	0.185886	2.23635	0.35647	1.15947	0.801194	4.68037	0.610621	1.87441
0.363134	1.20201	0.187969	2.2363	0.357553	1.16635	0.804953	4.58112	0.612345	1.8282
0.363679	1.2055	0.190053	2.2362	0.358643	1.1733	0.808095	4.49763	0.614028	1.78477
0.36408	1.20802	0.192136	2.23607	0.35974	1.18033	0.810649	4.42957	0.615671	1.74391
0.364338	1.20965	0.19422	2.23601	0.360843	1.18739	0.812642	4.37627	0.617277	1.70542
0.364709	1.21208	0.196303	2.2359	0.361952	1.19448	0.814091	4.33737	0.618849	1.66922
0.365112	1.21464	0.198386	2.23578	0.363068	1.20161	0.815012	4.31274	0.620388	1.63515
0.365663	1.21816	0.200469	2.23572	0.364191	1.2088	0.816327	4.27765	0.621896	1.60311
0.366361	1.22254	0.202552	2.23565	0.365321	1.21595	0.817744	4.23966	0.623375	1.57295
0.367209	1.22787	0.204635	2.23558	0.366457	1.22315	0.819651	4.18837	0.624827	1.54454
0.368209	1.23417	0.206718	2.23551	0.3676	1.23034	0.82203	4.12452	0.626253	1.51784
0.369362	1.24134	0.2088	2.2354	0.36875	1.23752	0.824858	4.04859	0.627655	1.49274
0.370522	1.24855	0.210883	2.23531	0.369906	1.24477	0.828109	3.96122	0.629034	1.4691
0.371688	1.25574	0.212966	2.23526	0.371069	1.25195	0.831754	3.86331	0.630392	1.44687
0.372862	1.26296	0.215048	2.2352	0.372239	1.25909	0.835308	3.768	0.631731	1.42598
0.374042	1.27013	0.217131	2.23513	0.373415	1.26629	0.838775	3.6753	0.63305	1.40631
0.375228	1.27723	0.219213	2.23506	0.374599	1.27348	0.842157	3.58526	0.634351	1.38783
0.376422	1.2844	0.221296	2.23499	0.375788	1.28062	0.845456	3.49779	0.635636	1.3705
0.377622	1.29154	0.223378	2.23496	0.376985	1.28775	0.848674	3.41294	0.636905	1.35418
0.378828	1.29859	0.22546	2.23487	0.378188	1.29483	0.851815	3.33074	0.638159	1.33887
0.380042	1.30566	0.227542	2.23478	0.379398	1.30192	0.854881	3.25104	0.6394	1.32449
0.381261	1.31272	0.229624	2.23478	0.380614	1.30898	0.857873	3.17391	0.640627	1.31096
0.382488	1.31969	0.231707	2.2347	0.381837	1.31599	0.860795	3.09931	0.641842	1.29833
0.38372	1.32665	0.233789	2.23463	0.383066	1.32301	0.863649	3.02711	0.643046	1.28645
0.38496	1.33361	0.235871	2.23459	0.384302	1.32996	0.866436	2.95732	0.64424	1.27531
0.386205	1.34053	0.237952	2.23454	0.385544	1.33684	0.869159	2.88987	0.645423	1.26491
0.387458	1.3474	0.240034	2.23451	0.386793	1.34376	0.871821	2.82472	0.646597	1.25517
0.388716	1.35424	0.242116	2.23446	0.388048	1.35063	0.874423	2.76182	0.647762	1.24608
0.389981	1.36103	0.244198	2.2344	0.38931	1.35743	0.876967	2.70108	0.648919	1.23759
0.391252	1.36776	0.24628	2.23433	0.390578	1.3642	0.879456	2.64251	0.650068	1.22964
0.39253	1.37449	0.248361	2.2343	0.391852	1.37092	0.881891	2.58598	0.65121	1.22226
0.393814	1.38119	0.250443	2.23428	0.393132	1.37761	0.884275	2.53142	0.652345	1.21542
0.395104	1.3878	0.252525	2.2342	0.394419	1.38429	0.886608	2.47883	0.653475	1.20904
0.3964	1.39436	0.254606	2.23416	0.395712	1.39089	0.888894	2.42811	0.654598	1.2031
0.397702	1.4009	0.256688	2.23414	0.397011	1.39745	0.891133	2.37924	0.655717	1.19764
0.39901	1.40743	0.258769	2.23409	0.398316	1.40398	0.893327	2.33214	0.65683	1.19256
0.400324	1.41388	0.260851	2.23403	0.399627	1.41044	0.895478	2.28672	0.657939	1.1879
0.401645	1.42026	0.262932	2.234	0.400944	1.41689	0.897588	2.24296	0.659043	1.18367
0.402971	1.42663	0.265014	2.23398	0.402267	1.42327	0.899658	2.20083	0.660144	1.17976
0.404303	1.43297	0.267095	2.23394	0.403596	1.4296	0.901689	2.16024	0.661242	1.17615
0.405641	1.43921	0.269176	2.23388	0.404931	1.43592	0.903683	2.12112	0.662336	1.17288
0.406985	1.44541	0.271258	2.23385	0.406272	1.44215	0.905642	2.08348	0.663427	1.16993
0.408334	1.45162	0.273339	2.23384	0.407618	1.44835	0.907566	2.04718	0.664516	1.16729
0.40969	1.45773	0.27542	2.23379	0.408971	1.45448	0.909456	2.01223	0.665602	1.16494
0.411051	1.46382	0.277501	2.23377	0.410329	1.46059	0.911315	1.9786	0.666687	1.16285
0.412417	1.46987	0.279583	2.23372	0.411692	1.46665	0.913143	1.94622	0.667769	1.161
0.41379	1.47579	0.281664	2.23366	0.413061	1.47264	0.914942	1.91506	0.66885	1.15941
0.415167	1.48175	0.283745	2.23367	0.414436	1.47864	0.916712	1.88501	0.66993	1.15803
0.416551	1.48767	0.285826	2.23364	0.415817	1.48454	0.918454	1.8561	0.671008	1.15687
0.417939	1.49348	0.287907	2.23358	0.417203	1.49038	0.92017	1.82828	0.672085	1.15595
0.419334	1.49928	0.289988	2.23359	0.418594	1.49623	0.921861	1.80148	0.673162	1.15524
0.420733	1.50503	0.292069	2.23356	0.419991	1.50197	0.923527	1.77571	0.674238	1.15467
0.422138	1.51069	0.29415	2.23351	0.421393	1.5077	0.92517	1.75088	0.675314	1.15431
0.423548	1.51634	0.296231	2.23345	0.4228	1.51338	0.92679	1.727	0.676389	1.15412
0.424964	1.52199	0.298312	2.23345	0.424213	1.51897	0.928388	1.70401	0.677464	1.15407
0.426384	1.52752	0.300393	2.23345	0.425631	1.52459	0.929965	1.68189	0.678539	1.15423
0.42781	1.533	0.302473	2.23338	0.427054	1.5301	0.931522	1.66057	0.679615	1.15456
0.429241	1.53845	0.304554	2.23338	0.428482	1.53557	0.933059	1.64007	0.680691	1.15499
0.430677	1.54388	0.306635	2.23335	0.429915	1.54102	0.934578	1.62036	0.681767	1.15553
0.432118	1.54923	0.308716	2.23333	0.431353	1.54638	0.936079	1.60139	0.682844	1.15624
0.433564	1.55455	0.310797	2.23332	0.432796	1.55176	0.937562	1.58312	0.683922	1.15707
0.435014	1.55984	0.312877	2.23324	0.434245	1.55706	0.939029	1.56552	0.685	1.15803
0.43647	1.56505	0.314958	2.23324	0.435698	1.56227	0.940479	1.54863	0.68608	1.1591
0.437931	1.57022	0.317039	2.23324	0.437156	1.56748	0.941914	1.53239	0.68716	1.16029
0.439396	1.57533	0.31912	2.2332	0.438619	1.57264	0.943335	1.51672	0.688242	1.16159
0.440866	1.58041	0.3212	2.23318	0.440086	1.57775	0.944741	1.50167	0.689324	1.16293
0.442341	1.58548	0.323281	2.23317	0.441559	1.5828	0.946133	1.48723	0.690409	1.16441
0.443821	1.59047	0.325361	2.23313	0.443036	1.58781	0.947512	1.47326	0.691494	1.16602
0.445305	1.59542	0.327442	2.23311	0.444517	1.59281	0.948878	1.45988	0.692581	1.16767
0.446793	1.60034	0.329523	2.2331	0.446004	1.59772	0.950232	1.44703	0.69367	1.16938
0.448287	1.60519	0.331603	2.2331	0.447495	1.6026	0.951574	1.43464	0.69476	1.17122
0.449785	1.60999	0.333684	2.23306	0.44899	1.60745	0.952905	1.42273	0.695852	1.17313
0.451287	1.61477	0.335764	2.23304	0.45049	1.61222	0.954226	1.41132	0.696946	1.17511
0.452793	1.61947	0.337845	2.23303	0.451994	1.61699	0.955535	1.40034	0.698042	1.17712
0.454304	1.62416	0.339925	2.23299	0.453503	1.62171	0.956835	1.38976	0.69914	1.17923
0.45582	1.62885	0.342006	2.23296	0.455016	1.62635	0.958125	1.3796	0.70024	1.18142
0.45734	1.63343	0.344086	2.23295	0.456533	1.63097	0.959406	1.36986	0.701341	1.18365
0.458864	1.63795	0.346167	2.23295	0.458055	1.63559	0.960678	1.36049	0.702445	1.18593
0.460392	1.64249	0.348247	2.23291	0.459581	1.6401	0.961941	1.35149	0.703551	1.18829
0.461924	1.64699	0.350327	2.23289	0.461111	1.64459	0.963196	1.34288	0.704659	1.19067
0.463461	1.6514	0.352408	2.23288	0.462646	1.64906	0.964443	1.33459	0.70577	1.19311
0.465001	1.65576	0.354488	2.23288	0.464184	1.65346	0.965683	1.32663	0.706883	1.19565
0.466546	1.66014	0.356568	2.23287	0.465727	1.65786	0.966915	1.31903	0.707998	1.19816
0.468095	1.66446	0.358649	2.23284	0.467273	1.66218	0.968141	1.31171	0.709115	1.20073
0.469648	1.66874	0.360729	2.23282	0.468824	1.66643	0.969359	1.30469	0.710235	1.20338
0.471204	1.67297	0.362809	2.23281	0.470379	1.67072	0.970572	1.29799	0.711358	1.20602
0.472765	1.67713	0.36489	2.23277	0.471937	1.67495	0.971778	1.29156	0.712482	1.20873
0.47433	1.6813	0.36697	2.23278	0.4735	1.67911	0.972978	1.28534	0.71361	1.21148
0.475898	1.6854	0.36905	2.23275	0.475066	1.68325	0.974173	1.27945	0.71474	1.21424
0.47747	1.6895	0.37113	2.23274	0.476636	1.68733	0.975363	1.27383	0.715873	1.21705
0.479046	1.69353	0.373211	2.23273	0.47821	1.69138	0.976547	1.26842	0.717008	1.21985
0.480626	1.69752	0.375291	2.23269	0.479788	1.69539	0.977726	1.26327	0.718146	1.22271
0.482209	1.70149	0.377371	2.23271	0.481369	1.6994	0.978901	1.25831	0.719286	1.22564
0.483796	1.70542	0.379451	2.23268	0.482955	1.70335	0.980071	1.25359	0.720429	1.22854
0.485387	1.70932	0.381531	2.23267	0.484543	1.70723	0.981237	1.24911	0.721575	1.23149
0.486982	1.71314	0.383612	2.23266	0.486136	1.71115	0.982398	1.24482	0.722724	1.23446
0.488579	1.71696	0.385692	2.23262	0.487732	1.71497	0.983556	1.24073	0.723876	1.23742
0.490181	1.72077	0.387772	2.2326	0.489332	1.71875	0.98471	1.23682	0.72503	1.24043
0.491786	1.72451	0.389852	2.23262	0.490935	1.72251	0.985861	1.23311	0.726187	1.24344
0.493394	1.72821	0.391932	2.2326	0.492541	1.72626	0.987008	1.2296	0.727347	1.24648
0.495006	1.73192	0.394012	2.23255	0.494151	1.72996	0.988152	1.22624	0.72851	1.24958
0.496622	1.73554	0.396092	2.23257	0.495765	1.73361	0.989293	1.22306	0.729675	1.25266
0.49824	1.73914	0.398172	2.23257	0.497382	1.73723	0.990431	1.22007	0.730844	1.25575
0.499862	1.74274	0.400252	2.23254	0.499002	1.74083	0.991567	1.21719	0.732015	1.25882
0.501488	1.74626	0.402332	2.23252	0.500626	1.74439	0.992699	1.21447	0.73319	1.26194
0.503116	1.74978	0.404412	2.23251	0.502252	1.74789	0.99383	1.21193	0.734367	1.26511
0.504748	1.75326	0.406492	2.23251	0.503883	1.75144	0.994958	1.20953	0.735547	1.26823
0.506383	1.75668	0.408572	2.23251	0.505516	1.75489	0.996083	1.20727	0.73673	1.27136
0.508021	1.76011	0.410652	2.23247	0.507153	1.75831	0.997207	1.20515	0.737916	1.27458
0.509663	1.76351	0.412732	2.23245	0.508792	1.7617	0.998329	1.20317	0.739105	1.27773
0.511308	1.76683	0.414812	2.23248	0.510435	1.76504	0.999449	1.20127	0.740297	1.28087
0.512955	1.77013	0.416892	2.23245	0.512081	1.7684	1.00057	1.20032	0.741492	1.2841
0.514606	1.77343	0.418972	2.23241	0.513731	1.77172			0.74269	1.28732
0.51626	1.77669	0.421052	2.23242	0.515383	1.77496			0.743891	1.2905
0.517917	1.77993	0.423132	2.23243	0.517038	1.77819			0.745094	1.29367
0.519577	1.78313	0.425212	2.23239	0.518696	1.78145			0.746301	1.2969
0.521239	1.7863	0.427292	2.23237	0.520358	1.78462			0.747511	1.30013
0.522905	1.78943	0.429372	2.23237	0.522022	1.78775			0.748724	1.30336
0.524574	1.79253	0.431452	2.23236	0.523689	1.79088			0.74994	1.30658
0.526245	1.79561	0.433532	2.23236	0.525359	1.79399			0.751159	1.3098
0.52792	1.79866	0.435611	2.23236	0.527032	1.79708			0.75238	1.31303
0.529597	1.80168	0.437691	2.23236	0.528708	1.80009			0.753605	1.31625
0.531277	1.8047	0.439771	2.23232	0.530386	1.8031			0.754833	1.31947
0.53296	1.80767	0.441851	2.2323	0.532067	1.8061			0.756064	1.32269
0.534645	1.81058	0.443931	2.23229	0.533751	1.80903			0.757298	1.32595
0.536334	1.81351	0.446011	2.23229	0.535438	1.81196			0.758535	1.32919
0.538025	1.81639	0.44809	2.23229	0.537128	1.81486			0.759775	1.33239
0.539718	1.81927	0.45017	2.23225	0.53882	1.81773			0.761017	1.33564
0.541415	1.8221	0.45225	2.23223	0.540515	1.8206			0.762263	1.33887
0.543114	1.8249	0.45433	2.23226	0.542213	1.82342			0.763512	1.34206
0.544815	1.8277	0.45641	2.23227	0.543913	1.82623			0.764764	1.3453
0.546519	1.83045	0.458489	2.23224	0.545616	1.82898			0.766019	1.34854
0.548226	1.83318	0.460569	2.23223	0.547321	1.83172			0.767277	1.35177
0.549935	1.83586	0.462649	2.23222	0.549029	1.83444			0.768538	1.35495
0.551647	1.83856	0.464729	2.23218	0.550739	1.83715			0.769802	1.35816
0.553361	1.84123	0.466808	2.2322	0.552452	1.83983			0.771069	1.36137
0.555078	1.84384	0.468888	2.2322	0.554167	1.84245			0.772339	1.36456
0.556797	1.84647	0.470968	2.23217	0.555885	1.84508			0.773612	1.36776
0.558518	1.84906	0.473047	2.23215	0.557606	1.84767			0.774887	1.37097
0.560242	1.8516	0.475127	2.23215	0.559328	1.85025			0.776166	1.37415
0.561969	1.85416	0.477207	2.23214	0.561053	1.85282			0.777448	1.37732
0.563697	1.85668	0.479287	2.23214	0.562781	1.85536			0.778733	1.38051
0.565428	1.85919	0.481366	2.23214	0.564511	1.85787			0.78002	1.38368
0.567162	1.86165	0.483446	2.23214	0.566243	1.86033			0.781311	1.38684
0.568897	1.86409	0.485526	2.23214	0.567977	1.86277			0.782605	1.39
0.570635	1.86651	0.487605	2.2321	0.569714	1.86524			0.783901	1.39315
0.572375	1.86894	0.489685	2.23208	0.571453	1.86768			0.785201	1.3963
0.574118	1.87132	0.491764	2.23211	0.573194	1.87007			0.786503	1.39945
0.575862	1.87365	0.493844	2.23209	0.574937	1.87244			0.787808	1.40256
0.577609	1.87602	0.495924	2.23208	0.576683	1.87476			0.789116	1.40566
0.579358	1.87838	0.498003	2.23207	0.578431	1.87709			0.790428	1.40882
0.581109	1.88065	0.500083	2.23203	0.580181	1.87943			0.791742	1.41194
0.582863	1.88293	0.502162	2.23205	0.581933	1.88173			0.793059	1.415
0.584618	1.8852	0.504242	2.23206	0.583687	1.88402			0.794378	1.4181
0.586375	1.8874	0.506322	2.23202	0.585444	1.88626			0.795701	1.42119
0.588135	1.88963	0.508401	2.23201	0.587202	1.88848			0.797027	1.42427
0.589897	1.89185	0.510481	2.23204	0.588963	1.89069			0.798355	1.42735
0.59166	1.89405	0.51256	2.23201	0.590725	1.89285			0.799686	1.43039
0.593426	1.89622	0.51464	2.232	0.59249	1.89504			0.80102	1.43345
0.595194	1.89833	0.516719	2.232	0.594256	1.89723			0.802357	1.43652
0.596963	1.90044	0.518799	2.23199	0.596025	1.89935			0.803697	1.43952
0.598735	1.90256	0.520879	2.23199	0.597796	1.90147			0.80504	1.44256
0.600509	1.90469	0.522958	2.23196	0.599568	1.90355			0.806385	1.44558
0.602284	1.90674	0.525038	2.23197	0.601343	1.90562			0.807733	1.44855
0.604062	1.90879	0.527117	2.23198	0.603119	1.90768			0.809084	1.45158
0.605841	1.91084	0.529197	2.23195	0.604897	1.90974			0.810438	1.45459
0.607622	1.91281	0.531276	2.23193	0.606678	1.91179			0.811795	1.45756
0.609405	1.91483	0.533356	2.23193	0.60846	1.91377			0.813154	1.46051
0.61119	1.91682	0.535435	2.23192	0.610244	1.91575			0.814516	1.46349
0.612977	1.91877	0.537515	2.23196	0.61203	1.91776			0.815881	1.46641
0.614766	1.92074	0.539594	2.23194	0.613817	1.91972			0.817249	1.46937
0.616556	1.92267	0.541673	2.23189	0.615607	1.92162			0.818619	1.47231
0.618348	1.92459	0.543753	2.23191	0.617398	1.92355			0.819992	1.47521
0.620142	1.92647	0.545832	2.23191	0.619191	1.92547			0.821368	1.47813
0.621938	1.92836	0.547912	2.23188	0.620986	1.92735			0.822747	1.48105
0.623736	1.93022	0.549991	2.23186	0.622782	1.92924			0.824128	1.48394
0.625535	1.93206	0.552071	2.23189	0.624581	1.9311			0.825512	1.48681
0.627336	1.9339	0.55415	2.23187	0.626381	1.93295			0.826899	1.48968
0.629138	1.93574	0.55623	2.23186	0.628183	1.93478			0.828288	1.49254
0.630943	1.93753	0.558309	2.23189	0.629986	1.93658			0.82968	1.4954
0.632749	1.93931	0.560388	2.23183	0.631791	1.93836			0.831074	1.49822
0.634557	1.94111	0.562468	2.23184	0.633598	1.94013			0.832471	1.50106
0.636366	1.94286	0.564547	2.23184	0.635406	1.94193			0.833871	1.5039
0.638177	1.94457	0.566627	2.23184	0.637217	1.94367			0.835274	1.50672
0.639989	1.94631	0.568706	2.23184	0.639028	1.94538			0.836679	1.50948
0.641804	1.94805	0.570785	2.23181	0.640842	1.94715			0.838087	1.51229
0.643619	1.94973	0.572865	2.23183	0.642657	1.94885			0.839497	1.51509
0.645437	1.95142	0.574944	2.2318	0.644473	1.95053			0.84091	1.51784
0.647256	1.9531	0.577023	2.23179	0.646291	1.95222			0.842325	1.52057
0.649076	1.95475	0.579103	2.23182	0.648111	1.95387			0.843743	1.52333
0.650898	1.95638	0.581182	2.23179	0.649932	1.9555			0.845164	1.5261
0.652722	1.95803	0.583261	2.23178	0.651755	1.95716			0.846587	1.5288
0.654547	1.95963	0.585341	2.23178	0.653579	1.95879			0.848013	1.53151
0.656373	1.96123	0.58742	2.23174	0.655405	1.96038			0.849441	1.53422
0.658201	1.96284	0.589499	2.23176	0.657232	1.96201			0.850871	1.53693
0.660031	1.96441	0.591579	2.23176	0.659061	1.96356			0.852305	1.5396
0.661862	1.96597	0.593658	2.23177	0.660891	1.96514			0.85374	1.54229
0.663694	1.96752	0.595737	2.23177	0.662723	1.9667			0.855179	1.54496
0.665528	1.96906	0.597817	2.23173	0.664556	1.96825			0.856619	1.54757
0.667363	1.9706	0.599896	2.23172	0.66639	1.9698			0.858062	1.55023
0.6692	1.9721	0.601975	2.23174	0.668226	1.9713			0.859508	1.55288
0.671038	1.97359	0.604055	2.23172	0.670063	1.97282			0.860956	1.55549
0.672877	1.9751	0.606134	2.23171	0.671902	1.97428			0.862406	1.55811
0.674718	1.97658	0.608213	2.2317	0.673742	1.97577			0.863859	1.5607
0.676561	1.97802	0.610292	2.2317	0.675584	1.97726			0.865315	1.56328
0.678404	1.97948	0.612372	2.23174	0.677427	1.97873			0.866772	1.56589
0.680249	1.98094	0.614451	2.23168	0.679271	1.9802			0.868232	1.56844
0.682095	1.98236	0.61653	2.23169	0.681117	1.98159			0.869695	1.57099
0.683943	1.98377	0.618609	2.23169	0.682963	1.98302			0.87116	1.57352
0.685792	1.98517	0.620689	2.23166	0.684812	1.98443			0.872627	1.57606
0.687642	1.9866	0.622768	2.23168	0.686661	1.98583			0.874097	1.57861
0.689494	1.98798	0.624847	2.23165	0.688512	1.98723			0.875568	1.5811
0.691347	1.98932	0.626926	2.23164	0.690364	1.98859			0.877043	1.58362
0.693201	1.99069	0.629006	2.23167	0.692218	1.99			0.878519	1.58613
0.695056	1.99204	0.631085	2.23168	0.694072	1.99136			0.879998	1.58859
0.696913	1.99337	0.633164	2.23165	0.695928	1.99267			0.88148	1.59107
0.69877	1.99473	0.635243	2.23164	0.697785	1.99401			0.882963	1.59355
0.70063	1.99607	0.637323	2.23163	0.699644	1.99535			0.884449	1.596
0.70249	1.99736	0.639402	2.23163	0.701504	1.99664			0.885937	1.5984
0.704351	1.99863	0.641481	2.23163	0.703364	1.99794			0.887427	1.60084
0.706214	1.99992	0.64356	2.23159	0.705226	1.99925			0.88892	1.60327
0.708078	2.00123	0.645639	2.23161	0.70709	2.00057			0.890415	1.6057
0.709943	2.00247	0.647718	2.23162	0.708954	2.00181			0.891912	1.60812
0.711809	2.00371	0.649798	2.23162	0.71082	2.00305			0.893411	1.61046
0.713677	2.00499	0.651877	2.23162	0.712687	2.00433			0.894913	1.61284
0.715545	2.00625	0.653956	2.23159	0.714555	2.0056			0.896417	1.61524
0.717415	2.00747	0.656035	2.23157	0.716424	2.00682			0.897923	1.61758
0.719286	2.00867	0.658114	2.23156	0.718294	2.00801			0.899431	1.61992
0.721158	2.00989	0.660193	2.23159	0.720166	2.00927			0.900941	1.62229
0.723031	2.01108	0.662273	2.23157	0.722038	2.01048			0.902454	1.62462
0.724906	2.0123	0.664352	2.23156	0.723912	2.01164			0.903969	1.62692
0.726781	2.01346	0.666431	2.23159	0.725787	2.01284			0.905486	1.6292
0.728658	2.01463	0.66851	2.23154	0.727663	2.01402			0.907005	1.63151
0.730535	2.01583	0.670589	2.23154	0.72954	2.01517			0.908526	1.63384
0.732414	2.01695	0.672668	2.23155	0.731418	2.01632			0.910049	1.6361
0.734293	2.01809	0.674747	2.23155	0.733297	2.01749			0.911574	1.63834
0.736174	2.01925	0.676827	2.23155	0.735177	2.01866			0.913102	1.64059
0.738056	2.02038	0.678906	2.23152	0.737058	2.01979			0.914631	1.64288
0.739939	2.02149	0.680985	2.23153	0.738941	2.02091			0.916163	1.64509
0.741823	2.0226	0.683064	2.23154	0.740824	2.02201			0.917697	1.6473
0.743708	2.02374	0.685143	2.23151	0.742709	2.02312			0.919233	1.64957
0.745594	2.02482	0.687222	2.2315	0.744594	2.02422			0.920771	1.65177
0.747481	2.02587	0.689301	2.23152	0.74648	2.02532			0.922311	1.65393
0.749369	2.02698	0.69138	2.2315	0.748368	2.02642			0.923853	1.65615
0.751258	2.02805	0.693459	2.23149	0.750256	2.02748			0.925397	1.65832
0.753148	2.0291	0.695538	2.23148	0.752146	2.02852			0.926943	1.66046
0.755039	2.03014	0.697617	2.23148	0.754036	2.02959			0.928491	1.66267
0.756931	2.0312	0.699696	2.23152	0.755928	2.03068			0.930041	1.6648
0.758824	2.03225	0.701776	2.2315	0.75782	2.0317			0.931593	1.66693
0.760718	2.03329	0.703855	2.23145	0.759714	2.03272			0.933147	1.66909
0.762613	2.03432	0.705934	2.23147	0.761608	2.03378			0.934703	1.6712
0.764509	2.03531	0.708013	2.23147	0.763503	2.03479			0.936261	1.67328
0.766405	2.03632	0.710092	2.23144	0.7654	2.0358			0.937821	1.67538
0.768303	2.03733	0.712171	2.23146	0.767297	2.03679			0.939383	1.67749
0.770202	2.03832	0.71425	2.23147	0.769195	2.03779			0.940947	1.67957
0.772101	2.03929	0.716329	2.23144	0.771094	2.03881			0.942513	1.68168
0.774002	2.04032	0.718408	2.23146	0.772994	2.03975			0.944081	1.68372
0.775903	2.04128	0.720487	2.23143	0.774895	2.04074			0.94565	1.68576
0.777805	2.04223	0.722566	2.23142	0.776797	2.04174			0.947222	1.68785
0.779709	2.04318	0.724645	2.23145	0.7787	2.04269			0.948795	1.68984
0.781613	2.04414	0.726724	2.23143	0.780603	2.04363			0.950371	1.69186
0.783518	2.04509	0.728803	2.23142	0.782508	2.04458			0.951948	1.6939
0.785423	2.046	0.730882	2.23141	0.784413	2.0455			0.953527	1.69591
0.78733	2.04694	0.732961	2.23141	0.786319	2.04647			0.955108	1.6979
0.789238	2.04788	0.73504	2.23141	0.788226	2.04739			0.956691	1.69988
0.791146	2.04879	0.737119	2.23141	0.790134	2.04829			0.958276	1.7019
0.793055	2.04969	0.739198	2.23141	0.792043	2.04922			0.959862	1.70386
0.794965	2.05061	0.741277	2.23141	0.793953	2.05012			0.961451	1.7058
0.796876	2.05151	0.743356	2.23137	0.795863	2.05101			0.963041	1.70779
0.798788	2.0524	0.745435	2.23135	0.797775	2.05194			0.964633	1.70974
0.800701	2.05329	0.747514	2.23138	0.799687	2.05284			0.966227	1.71162
0.802614	2.05417	0.749593	2.23139	0.8016	2.05369			0.967822	1.71356
0.804529	2.05501	0.751672	2.23136	0.803514	2.05455			0.96942	1.71551
0.806444	2.05587	0.753751	2.23135	0.805428	2.05543			0.971019	1.71744
0.808359	2.05678	0.75583	2.23138	0.807344	2.0563			0.97262	1.71932
0.810276	2.0576	0.757909	2.23139	0.80926	2.05718			0.974223	1.72118
0.812194	2.05845	0.759988	2.23136	0.811177	2.05802			0.975827	1.7231
0.814112	2.05931	0.762066	2.23135	0.813095	2.05885			0.977433	1.72497
0.816031	2.06011	0.764145	2.23134	0.815014	2.0597			0.979041	1.72682
0.817951	2.06095	0.766224	2.23134	0.816933	2.06053			0.980651	1.7287
0.819871	2.06181	0.768303	2.23133	0.818853	2.06134			0.982263	1.73056
0.821793	2.06264	0.770382	2.23133	0.820774	2.06219			0.983876	1.7324
0.823715	2.06342	0.772461	2.23133	0.822696	2.06298			0.985491	1.73424
0.825638	2.06422	0.77454	2.2313	0.824618	2.06378			0.987107	1.73603
0.827561	2.06502	0.776619	2.23131	0.826541	2.06462			0.988726	1.73785
0.829486	2.06582	0.778698	2.23132	0.828465	2.0654			0.990346	1.73971
0.831411	2.06662	0.780777	2.23129	0.83039	2.0662			0.991967	1.74148
0.833336	2.06739	0.782856	2.23131	0.832315	2.067			0.993591	1.74324
0.835263	2.06818	0.784935	2.23132	0.834242	2.06776			0.995216	1.74504
0.83719	2.06898	0.787013	2.23129	0.836169	2.06855			0.996842	1.74682
0.839118	2.0697	0.789092	2.23128	0.838096	2.06931			0.998471	1.74862
0.841047	2.07047	0.791171	2.2313	0.840024	2.07006			1.0001	1.74954
0.842976	2.07126	0.79325	2.23128	0.841953	2.07083				
0.844907	2.07202	0.795329	2.23127	0.843883	2.07162				
0.846837	2.07276	0.797408	2.2313	0.845814	2.07238				
0.848769	2.07346	0.799487	2.23128	0.847745	2.07309				
0.850701	2.07422	0.801566	2.23127	0.849677	2.07382				
0.852634	2.07496	0.803644	2.23126	0.851609	2.07454				
0.854567	2.0757	0.805723	2.23126	0.853542	2.07531				
0.856502	2.0764	0.807802	2.23122	0.855476	2.07606				
0.858437	2.07711	0.809881	2.23124	0.857411	2.07673				
0.860372	2.07784	0.81196	2.23125	0.859346	2.07746				
0.862308	2.07853	0.814039	2.23126	0.861282	2.0782				
0.864245	2.07928	0.816117	2.23126	0.863219	2.07886				
0.866183	2.07998	0.818196	2.23122	0.865156	2.07959				
0.868121	2.08063	0.820275	2.23124	0.867094	2.08029				
0.87006	2.08131	0.822354	2.23121	0.869032	2.08096				
0.871999	2.08203	0.824433	2.2312	0.870971	2.08167				
0.87394	2.08271	0.826512	2.23123	0.872911	2.08231				
0.87588	2.08338	0.82859	2.23121	0.874851	2.083				
0.877822	2.08405	0.830669	2.2312	0.876793	2.08371				
0.879764	2.08471	0.832748	2.23123	0.878734	2.08436				
0.881706	2.08537	0.834827	2.23121	0.880677	2.08502				
0.88365	2.08603	0.836906	2.2312	0.882619	2.08567				
0.885593	2.08669	0.838984	2.23119	0.884563	2.08633				
0.887538	2.08735	0.841063	2.23119	0.886507	2.08699				
0.889483	2.08797	0.843142	2.23119	0.888452	2.08765				
0.891429	2.08861	0.845221	2.23119	0.890397	2.08831				
0.893375	2.08926	0.8473	2.23119	0.892343	2.08893				
0.895322	2.08988	0.849378	2.23115	0.89429	2.08957				
0.897269	2.09052	0.851457	2.23117	0.896237	2.09018				
0.899217	2.09117	0.853536	2.23118	0.898184	2.09078				
0.901166	2.09179	0.855615	2.23115	0.900133	2.09145				
0.903115	2.09239	0.857693	2.23117	0.902082	2.09208				
0.905065	2.09298	0.859772	2.23118	0.904031	2.09268				
0.907015	2.09361	0.861851	2.23114	0.905981	2.09328				
0.908966	2.09421	0.86393	2.23113	0.907932	2.09387				
0.910917	2.09481	0.866008	2.23112	0.909883	2.09449				
0.912869	2.0954	0.868087	2.23115	0.911835	2.0951				
0.914822	2.09599	0.870166	2.23117	0.913787	2.09569				
0.916775	2.09658	0.872245	2.2311	0.91574	2.09629				
0.918729	2.09716	0.874323	2.23111	0.917693	2.09687				
0.920683	2.09775	0.876402	2.23115	0.919647	2.09742				
0.922638	2.09834	0.878481	2.23113	0.921601	2.09803				
0.924593	2.09892	0.88056	2.23112	0.923556	2.09862				
0.926549	2.09947	0.882638	2.23108	0.925512	2.09918				
0.928505	2.10004	0.884717	2.2311	0.927468	2.09975				
0.930462	2.10062	0.886796	2.2311	0.929425	2.10029				
0.932419	2.1012	0.888874	2.23111	0.931382	2.10085				
0.934377	2.10174	0.890953	2.23111	0.933339	2.10143				
0.936336	2.10227	0.893032	2.23108	0.935297	2.10201				
0.938295	2.1028	0.89511	2.23109	0.937256	2.10256				
0.940254	2.10335	0.897189	2.23107	0.939215	2.10308				
0.942214	2.10392	0.899268	2.23105	0.941175	2.10361				
0.944174	2.10446	0.901346	2.23108	0.943135	2.10416				
0.946135	2.10502	0.903425	2.2311	0.945096	2.10473				
0.948097	2.10553	0.905504	2.23107	0.947057	2.10523				
0.950059	2.10603	0.907583	2.23105	0.949019	2.10578				
0.952021	2.10658	0.909661	2.23105	0.950981	2.10631				
0.953984	2.10711	0.91174	2.23104	0.952944	2.10683				
0.955948	2.10763	0.913818	2.23108	0.954907	2.10735				
0.957912	2.10815	0.915897	2.23106	0.95687	2.10786				
0.959876	2.10866	0.917976	2.23105	0.958835	2.10837				
0.961841	2.10914	0.920054	2.23104	0.960799	2.10889				
0.963806	2.10967	0.922133	2.23101	0.962764	2.1094				
0.965772	2.11019	0.924212	2.23102	0.96473	2.10991				
0.967738	2.11067	0.92629	2.23103	0.966696	2.11043				
0.969705	2.11117	0.928369	2.23104	0.968662	2.1109				
0.971672	2.11167	0.930448	2.23104	0.970629	2.1114				
0.97364	2.11215	0.932526	2.231	0.972597	2.1119				
0.975608	2.11264	0.934605	2.23102	0.974565	2.11241				
0.977577	2.11314	0.936684	2.23103	0.976533	2.11288				
0.979546	2.11361	0.938762	2.231	0.978502	2.11334				
0.981515	2.1141	0.940841	2.23098	0.980471	2.11382				
0.983485	2.11457	0.942919	2.23101	0.982441	2.11432				
0.985455	2.11502	0.944998	2.23099	0.984411	2.11479				
0.987426	2.11551	0.947077	2.23098	0.986381	2.11528				
0.989397	2.116	0.949155	2.23101	0.988352	2.11575				
0.991369	2.11647	0.951234	2.23099	0.990324	2.1162				
0.993341	2.11693	0.953312	2.23098	0.992296	2.11668				
0.995314	2.11737	0.955391	2.23097	0.994268	2.11714				
0.997287	2.11782	0.95747	2.23097	0.996241	2.11759				
0.99926	2.11826	0.959548	2.23097	0.998214	2.11804				
1.00123	2.11848	0.961627	2.23097	1.00019	2.11826				
		0.963705	2.23097						
		0.965784	2.23097						
		0.967862	2.23093						
		0.969941	2.23095						
		0.97202	2.23096						
		0.974098	2.23093						
		0.976177	2.23095						
		0.978255	2.23096						
		0.980334	2.23092						
		0.982412	2.23091						
		0.984491	2.23094						
		0.986569	2.23092						
		0.988648	2.2309						
		0.990726	2.23094						
		0.992805	2.23091						
		0.994884	2.2309						
		0.996962	2.2309						
		0.999041	2.2309						
		1.00112	2.23092						
