Sym0		Asym0		Sym1		Sym2		Asym1	
472  Points		490  Points		473  Points		206  Points		390  Points	
Freq (MHz)	Vgr (m/ms)	Freq (MHz)	Vgr (m/ms)	Freq (MHz)	Vgr (m/ms)	Freq (MHz)	Vgr (m/ms)	Freq (MHz)	Vgr (m/ms)
0.00798174	9.55091	0.000717081	0.736503	0.00432586	9.55208	0.279607	0.324758	0.139821	0.608293
0.0168803	9.54872	0.00140328	0.848091	0.0132255	9.55035	0.279909	0.433292	0.140387	0.914758
0.0257747	9.54316	0.00229741	1.06149	0.0221219	9.54573	0.280414	0.648591	0.141525	1.51914
0.0346629	9.5352	0.00338125	1.25443	0.0310129	9.53876	0.281118	0.859684	0.143218	2.1027
0.0435425	9.52469	0.0046349	1.42557	0.0398963	9.5293	0.282016	1.06515	0.145443	2.65914
0.0524111	9.51151	0.00603764	1.57485	0.0487697	9.51726	0.283103	1.26367	0.148173	3.18381
0.0612662	9.49555	0.00756946	1.70318	0.0576307	9.50248	0.284371	1.45402	0.151376	3.67365
0.070105	9.47659	0.00921134	1.81206	0.0664765	9.48472	0.285812	1.63492	0.155019	4.1273
0.0789247	9.45428	0.010946	1.90332	0.0753044	9.46384	0.287417	1.80526	0.159067	4.54462
0.087722	9.42841	0.012758	1.97906	0.0841114	9.4395	0.289176	1.96416	0.163487	4.92646
0.0964936	9.39857	0.0146338	2.04133	0.0928939	9.41134	0.291077	2.11073	0.168247	5.27428
0.105235	9.3643	0.0165618	2.09203	0.101648	9.37898	0.293109	2.24433	0.173315	5.59009
0.113943	9.32514	0.0185321	2.13301	0.110371	9.34186	0.295259	2.36476	0.178663	5.87615
0.122612	9.28042	0.0205364	2.16605	0.119056	9.29948	0.297516	2.47203	0.184265	6.13473
0.131236	9.22944	0.0223055	2.18939	0.127699	9.2512	0.299866	2.56659	0.190095	6.36806
0.13981	9.17129	0.023827	2.20572	0.136294	9.1961	0.302298	2.64945	0.196131	6.57839
0.148326	9.105	0.0250929	2.21714	0.144835	9.13327	0.304803	2.72207	0.202353	6.7678
0.156776	9.02941	0.0260981	2.22505	0.153313	9.06168	0.307371	2.78659	0.208742	6.93819
0.165151	8.94311	0.0268394	2.23034	0.161721	8.97995	0.309995	2.84591	0.215281	7.09126
0.17344	8.84443	0.0273147	2.23339	0.170046	8.88657	0.312674	2.90339	0.221956	7.22855
0.181632	8.73158	0.027999	2.23742	0.17828	8.77979	0.315405	2.96292	0.228751	7.35154
0.189711	8.6025	0.0287442	2.24138	0.186407	8.65764	0.318195	3.02901	0.235654	7.46151
0.197661	8.45477	0.0297597	2.24618	0.194412	8.51786	0.32105	3.10648	0.242655	7.55956
0.205465	8.28589	0.0310469	2.25151	0.202279	8.35797	0.323983	3.20018	0.249741	7.6466
0.213101	8.09313	0.0326072	2.25667	0.209986	8.17539	0.327013	3.31494	0.256903	7.72358
0.220546	7.87403	0.0344416	2.2614	0.217513	7.96739	0.33016	3.4554	0.264133	7.79125
0.227774	7.62618	0.0365507	2.26542	0.224833	7.73157	0.333452	3.62543	0.271421	7.85026
0.234756	7.34794	0.0386629	2.26816	0.23192	7.46596	0.336916	3.82786	0.278761	7.90121
0.241466	7.0388	0.0407772	2.2699	0.238745	7.16949	0.340584	4.06419	0.286144	7.94458
0.247872	6.69971	0.0428926	2.27084	0.245279	6.84249	0.344489	4.33389	0.293565	7.98079
0.25395	6.3337	0.0450086	2.27116	0.251495	6.48702	0.34866	4.63417	0.301016	8.01014
0.259675	5.94584	0.0471247	2.27103	0.257367	6.10736	0.353124	4.95992	0.308491	8.03303
0.265029	5.54336	0.0492405	2.27053	0.262875	5.70993	0.357902	5.30373	0.315984	8.04965
0.270004	5.13502	0.0513556	2.26976	0.268007	5.30288	0.363007	5.65664	0.32349	8.06012
0.274598	4.73023	0.0534699	2.26883	0.272757	4.89549	0.368443	6.00905	0.331004	8.06464
0.278818	4.33793	0.0555833	2.26774	0.277129	4.49703	0.374204	6.3517	0.338518	8.06329
0.282681	3.96575	0.0576956	2.26657	0.281136	4.11576	0.380279	6.6768	0.346029	8.05611
0.286208	3.61954	0.0598068	2.26537	0.284798	3.75832	0.386646	6.97836	0.35353	8.04308
0.289426	3.3027	0.0619169	2.26411	0.28814	3.42847	0.393282	7.25269	0.361016	8.02419
0.292362	3.01677	0.0640257	2.26282	0.290812	3.16528	0.40016	7.49812	0.368482	7.99939
0.295047	2.76169	0.0661334	2.26158	0.292928	2.95964	0.407254	7.71448	0.375922	7.96852
0.297508	2.53599	0.0682399	2.26038	0.294575	2.80242	0.414536	7.90294	0.38333	7.93147
0.299773	2.33758	0.0703453	2.25916	0.295817	2.68616	0.42198	8.06533	0.390701	7.88806
0.301864	2.16393	0.0724496	2.25804	0.296697	2.60507	0.429564	8.20386	0.398029	7.83816
0.303805	2.01241	0.0745529	2.25696	0.297246	2.55534	0.437267	8.32088	0.405307	7.7815
0.305614	1.88045	0.0766552	2.25587	0.298017	2.48658	0.445069	8.41861	0.412529	7.7179
0.307309	1.76567	0.0787565	2.25482	0.298833	2.41509	0.452954	8.4993	0.419688	7.64711
0.308904	1.66581	0.0808568	2.25385	0.299904	2.32348	0.460907	8.56482	0.426778	7.56887
0.310413	1.57895	0.0829563	2.25296	0.301202	2.21577	0.468914	8.61675	0.433792	7.48308
0.311846	1.50346	0.085055	2.25208	0.302692	2.09684	0.476963	8.65668	0.440722	7.38943
0.313214	1.43773	0.0871528	2.25124	0.304341	1.97191	0.485045	8.68584	0.447562	7.28781
0.314525	1.38053	0.0892499	2.25041	0.306115	1.84561	0.493148	8.70521	0.454302	7.17811
0.315787	1.3308	0.0913462	2.24967	0.30778	1.73536	0.501266	8.71574	0.460937	7.06023
0.317005	1.28753	0.0934419	2.24897	0.309349	1.63944	0.509389	8.71821	0.467458	6.93432
0.318186	1.24992	0.0955369	2.24829	0.310835	1.556	0.517511	8.71325	0.473858	6.80043
0.319334	1.21724	0.0976314	2.24766	0.312248	1.48348	0.525625	8.70135	0.48013	6.65877
0.320454	1.18888	0.0997252	2.24705	0.313599	1.42037	0.533725	8.68297	0.486266	6.50977
0.32155	1.16438	0.101818	2.24649	0.314895	1.36542	0.541805	8.65859	0.49226	6.35387
0.322624	1.14328	0.103911	2.24591	0.316143	1.31766	0.54986	8.62836	0.498106	6.19171
0.32368	1.12511	0.106004	2.24537	0.31735	1.27612	0.557883	8.59266	0.503798	6.02403
0.324721	1.10958	0.108095	2.24491	0.318521	1.23998	0.565871	8.55173	0.509331	5.85166
0.325748	1.09645	0.110187	2.24447	0.319661	1.20861	0.573818	8.50575	0.514702	5.67551
0.326764	1.08535	0.112278	2.24399	0.320774	1.18143	0.581721	8.45495	0.519907	5.49664
0.32777	1.07611	0.114368	2.24356	0.321862	1.15795	0.589573	8.39943	0.524944	5.31615
0.328769	1.06856	0.116458	2.24317	0.322931	1.13775	0.597372	8.33937	0.529813	5.13507
0.329761	1.06245	0.118548	2.24279	0.323983	1.12036	0.605113	8.2749	0.534513	4.95446
0.330749	1.05771	0.120637	2.24242	0.325019	1.10555	0.612791	8.20618	0.539045	4.77539
0.331732	1.05417	0.122726	2.24208	0.326043	1.09302	0.620404	8.13332	0.543411	4.59876
0.332713	1.0517	0.124815	2.24177	0.327056	1.08251	0.627947	8.05647	0.547614	4.42544
0.333692	1.05019	0.126904	2.24143	0.32806	1.07377	0.635416	7.9757	0.551658	4.25628
0.33467	1.0496	0.128992	2.24115	0.329056	1.06662	0.642809	7.89116	0.555545	4.09183
0.335648	1.04973	0.13108	2.24086	0.330047	1.06096	0.650121	7.80292	0.559282	3.93264
0.336626	1.05058	0.133168	2.24058	0.331033	1.05659	0.657349	7.71111	0.562874	3.77905
0.337605	1.05214	0.135255	2.24032	0.332016	1.05338	0.66449	7.61591	0.565888	3.64989
0.338586	1.05423	0.137342	2.24008	0.332996	1.05118	0.67154	7.51734	0.568377	3.54352
0.33957	1.05688	0.139429	2.23985	0.333975	1.04991	0.678497	7.41556	0.57038	3.45812
0.340556	1.05997	0.141516	2.23959	0.334953	1.04952	0.685358	7.31073	0.57193	3.3923
0.341545	1.06352	0.143602	2.23939	0.335931	1.04992	0.69212	7.20295	0.573051	3.34508
0.342538	1.06746	0.145689	2.23918	0.336909	1.05099	0.69878	7.09242	0.57376	3.31516
0.343534	1.07176	0.147775	2.23896	0.337889	1.0527	0.705336	6.97925	0.574769	3.27268
0.344535	1.07641	0.149861	2.23882	0.338871	1.05491	0.711785	6.86366	0.57585	3.22753
0.34554	1.0813	0.151947	2.2386	0.339855	1.0577	0.718126	6.74585	0.577297	3.16738
0.34655	1.08648	0.154032	2.23842	0.340842	1.06097	0.724355	6.62603	0.579088	3.09342
0.347564	1.09192	0.156118	2.23825	0.341832	1.06461	0.730473	6.50439	0.581199	3.00711
0.348584	1.09754	0.158203	2.2381	0.342825	1.06867	0.736476	6.38114	0.5836	2.91007
0.349609	1.10335	0.160288	2.23795	0.343823	1.07308	0.742363	6.25667	0.58626	2.80421
0.35064	1.10941	0.162373	2.23776	0.344825	1.07781	0.748134	6.13113	0.588825	2.70396
0.351677	1.1156	0.164458	2.23763	0.345831	1.08277	0.753788	6.0048	0.591299	2.6092
0.352719	1.12189	0.166543	2.23749	0.346843	1.088	0.759323	5.87803	0.593687	2.51977
0.353767	1.12833	0.168627	2.23739	0.347859	1.09351	0.764741	5.75106	0.595994	2.43544
0.354822	1.13491	0.170712	2.23723	0.34888	1.09923	0.77004	5.62419	0.598225	2.35588
0.355882	1.14155	0.172796	2.23707	0.349907	1.10513	0.775221	5.49768	0.600384	2.28094
0.356949	1.1483	0.17488	2.23699	0.350939	1.11119	0.780284	5.3718	0.602475	2.21037
0.358022	1.15515	0.176964	2.23688	0.351978	1.11737	0.785231	5.24682	0.604503	2.14388
0.359101	1.16204	0.179049	2.23675	0.353022	1.12372	0.790061	5.12299	0.60647	2.08127
0.360187	1.16899	0.181132	2.23665	0.354072	1.13023	0.794777	5.00058	0.608381	2.02239
0.36128	1.17602	0.183216	2.23653	0.355128	1.13682	0.799379	4.87975	0.610239	1.96698
0.362378	1.18312	0.1853	2.23643	0.35619	1.14352	0.80387	4.76069	0.612046	1.91482
0.363342	1.18929	0.187384	2.23634	0.357258	1.15027	0.80825	4.64364	0.613807	1.86573
0.364167	1.19458	0.189467	2.23623	0.358333	1.15713	0.812523	4.52865	0.615523	1.81955
0.364851	1.1989	0.191551	2.23613	0.359415	1.16407	0.816159	4.43021	0.617197	1.7761
0.365395	1.20242	0.193634	2.23605	0.360502	1.17102	0.819197	4.34777	0.618833	1.73522
0.365795	1.20498	0.195717	2.23597	0.361597	1.17805	0.821666	4.28063	0.620431	1.69676
0.366052	1.20655	0.1978	2.23589	0.362698	1.18515	0.823591	4.22819	0.621994	1.66054
0.366422	1.20894	0.199884	2.23582	0.363805	1.19226	0.824991	4.18983	0.623525	1.6265
0.366825	1.21156	0.201967	2.23571	0.364919	1.1994	0.825881	4.16559	0.625025	1.5945
0.367374	1.21505	0.20405	2.23562	0.36604	1.20656	0.827151	4.13115	0.626496	1.56433
0.36807	1.21947	0.206132	2.23557	0.367168	1.21369	0.828519	4.09381	0.62794	1.53595
0.368916	1.22478	0.208215	2.23551	0.368302	1.22092	0.83036	4.04364	0.629358	1.50927
0.369913	1.23106	0.210298	2.23541	0.369443	1.22812	0.832657	3.98118	0.630752	1.48418
0.371063	1.23825	0.212381	2.23536	0.37059	1.23531	0.835386	3.90691	0.632124	1.46061
0.37222	1.24548	0.214463	2.23529	0.371744	1.24253	0.838523	3.82169	0.633474	1.43839
0.373384	1.25268	0.216546	2.23523	0.372905	1.24969	0.842039	3.72642	0.634804	1.4175
0.374555	1.25983	0.218628	2.23516	0.374073	1.25686	0.845467	3.63378	0.636115	1.3979
0.375732	1.26699	0.220711	2.23508	0.375247	1.26404	0.84881	3.54388	0.637409	1.37946
0.376916	1.27417	0.222793	2.23505	0.376428	1.27121	0.852071	3.45667	0.638686	1.3621
0.378106	1.28127	0.224876	2.23499	0.377616	1.27835	0.855251	3.37216	0.639947	1.34581
0.379303	1.28837	0.226958	2.23493	0.378811	1.28547	0.858354	3.29032	0.641194	1.33052
0.380507	1.29551	0.22904	2.23486	0.380012	1.29259	0.861382	3.21109	0.642426	1.31614
0.381717	1.30256	0.231122	2.23483	0.381219	1.29966	0.864338	3.13442	0.643646	1.30265
0.382934	1.30956	0.233205	2.23477	0.382433	1.30668	0.867223	3.06026	0.644854	1.29005
0.384157	1.31654	0.235287	2.23471	0.383654	1.3137	0.87004	2.98862	0.64605	1.27818
0.385387	1.32355	0.237369	2.23464	0.384881	1.32069	0.872792	2.91939	0.647236	1.26708
0.386624	1.33049	0.239451	2.23461	0.386115	1.32763	0.87548	2.85256	0.648411	1.25674
0.387866	1.33737	0.241533	2.23455	0.387355	1.33454	0.878107	2.78801	0.649577	1.24699
0.389116	1.34425	0.243614	2.23449	0.388602	1.34144	0.880675	2.72571	0.650735	1.2379
0.390371	1.35106	0.245696	2.23449	0.389855	1.34829	0.883186	2.66563	0.651884	1.22944
0.391633	1.35788	0.247778	2.23446	0.391114	1.35509	0.885642	2.60764	0.653026	1.22151
0.392902	1.36461	0.24986	2.23437	0.39238	1.36186	0.888045	2.55174	0.65416	1.21414
0.394176	1.37131	0.251942	2.23432	0.393652	1.36857	0.890397	2.49782	0.655288	1.2073
0.395457	1.378	0.254023	2.2343	0.39493	1.37526	0.8927	2.44588	0.65641	1.20095
0.396744	1.38464	0.256105	2.23425	0.396214	1.3819	0.894955	2.39582	0.657526	1.19507
0.398037	1.39121	0.258187	2.23423	0.397505	1.38852	0.897164	2.34757	0.658637	1.1896
0.399336	1.39773	0.260268	2.23418	0.398802	1.39509	0.899329	2.30107	0.659743	1.18452
0.400641	1.40424	0.26235	2.23416	0.400105	1.40159	0.901452	2.25628	0.660844	1.1799
0.401953	1.41072	0.264431	2.23411	0.401413	1.40803	0.903534	2.21317	0.661941	1.17564
0.40327	1.41711	0.266513	2.23405	0.402728	1.41444	0.905576	2.17161	0.663035	1.17172
0.404593	1.42345	0.268594	2.23405	0.404049	1.42086	0.90758	2.13161	0.664125	1.16819
0.405923	1.42978	0.270676	2.23402	0.405376	1.42719	0.909548	2.09308	0.665211	1.16495
0.407258	1.43605	0.272757	2.23397	0.406709	1.43347	0.911481	2.05597	0.666295	1.16202
0.408599	1.44226	0.274839	2.23394	0.408047	1.43972	0.913379	2.02025	0.667377	1.15938
0.409945	1.44841	0.27692	2.23393	0.409391	1.44592	0.915245	1.98587	0.668456	1.157
0.411297	1.45456	0.279001	2.23388	0.410741	1.45206	0.91708	1.95279	0.669533	1.15493
0.412656	1.46064	0.281083	2.23383	0.412097	1.45813	0.918884	1.9209	0.670608	1.15313
0.414019	1.46668	0.283164	2.2338	0.413458	1.46421	0.920659	1.89024	0.671681	1.15153
0.415389	1.47266	0.285245	2.23378	0.414825	1.47021	0.922406	1.86073	0.672754	1.15018
0.416763	1.47859	0.287326	2.23377	0.416198	1.47614	0.924126	1.83228	0.673825	1.14903
0.418144	1.48448	0.289407	2.23373	0.417576	1.48204	0.92582	1.80491	0.674895	1.14809
0.41953	1.49032	0.291488	2.23368	0.41896	1.48792	0.927489	1.77859	0.675964	1.14736
0.420921	1.49609	0.29357	2.23369	0.420349	1.49375	0.929135	1.75331	0.677033	1.14685
0.422317	1.50184	0.295651	2.23365	0.421743	1.49948	0.930757	1.72891	0.678101	1.14652
0.423719	1.50757	0.297732	2.2336	0.423143	1.50521	0.932356	1.70544	0.679169	1.14632
0.425127	1.51318	0.299813	2.23361	0.424548	1.51089	0.933934	1.68286	0.680237	1.14629
0.426539	1.5188	0.301894	2.23358	0.425958	1.51651	0.935492	1.66113	0.681305	1.14646
0.427957	1.52436	0.303975	2.23353	0.427374	1.52207	0.93703	1.64024	0.682373	1.14677
0.429379	1.52985	0.306056	2.2335	0.428794	1.5276	0.938548	1.62012	0.683442	1.14721
0.430807	1.53534	0.308137	2.23349	0.43022	1.53311	0.940049	1.6008	0.684511	1.1478
0.43224	1.54072	0.310218	2.23348	0.431651	1.5385	0.941531	1.58216	0.685581	1.1485
0.433678	1.54609	0.312299	2.23344	0.433087	1.54387	0.942997	1.56424	0.686651	1.14936
0.435121	1.55141	0.314379	2.23342	0.434528	1.54923	0.944446	1.547	0.687722	1.1503
0.436569	1.55667	0.31646	2.23341	0.435974	1.55454	0.94588	1.53044	0.688795	1.15136
0.438022	1.56193	0.318541	2.23337	0.437425	1.5598	0.947298	1.5145	0.689868	1.15259
0.43948	1.56709	0.320622	2.23335	0.43888	1.56499	0.948702	1.49917	0.690942	1.15389
0.440942	1.5722	0.322703	2.23334	0.440341	1.57012	0.950091	1.48444	0.692018	1.15528
0.442409	1.57732	0.324783	2.23333	0.441806	1.5752	0.951468	1.47022	0.693095	1.15678
0.443881	1.58237	0.326864	2.23329	0.443276	1.58031	0.952831	1.4566	0.694174	1.15834
0.445358	1.58738	0.328945	2.23327	0.444751	1.58532	0.954182	1.44348	0.695254	1.15999
0.446839	1.59234	0.331026	2.23326	0.44623	1.59028	0.955521	1.43085	0.696335	1.16177
0.448325	1.59724	0.333106	2.23322	0.447714	1.59521	0.956848	1.41878	0.697418	1.16361
0.449815	1.60207	0.335187	2.2332	0.449203	1.60009	0.958165	1.40715	0.698503	1.16552
0.45131	1.6069	0.337268	2.23319	0.450696	1.60495	0.95947	1.39591	0.69959	1.16747
0.45281	1.6117	0.339348	2.23319	0.452193	1.60976	0.960766	1.38516	0.700679	1.16954
0.454314	1.61644	0.341429	2.23318	0.453695	1.61451	0.962051	1.37485	0.701769	1.17167
0.455822	1.62112	0.34351	2.23315	0.455202	1.61919	0.963328	1.36493	0.702862	1.17384
0.457334	1.62576	0.34559	2.23313	0.456713	1.62384	0.964595	1.35539	0.703957	1.17606
0.458851	1.63039	0.347671	2.23312	0.458228	1.62847	0.965853	1.34623	0.705054	1.17837
0.460372	1.63494	0.349751	2.23308	0.459747	1.63309	0.967103	1.33743	0.706153	1.18074
0.461898	1.63945	0.351832	2.23306	0.461271	1.6376	0.968345	1.32901	0.707254	1.18313
0.463427	1.64394	0.353912	2.23304	0.462798	1.64209	0.96958	1.32095	0.708357	1.18561
0.464961	1.64838	0.355993	2.23304	0.464331	1.64657	0.970807	1.31319	0.709463	1.18809
0.466499	1.6528	0.358073	2.23304	0.465867	1.651	0.972027	1.30572	0.710571	1.19062
0.468041	1.65717	0.360154	2.23304	0.467407	1.65538	0.97324	1.29857	0.711682	1.19324
0.469587	1.66144	0.362235	2.233	0.468951	1.65969	0.974446	1.29174	0.712795	1.1959
0.471137	1.66574	0.364315	2.23294	0.4705	1.66398	0.975647	1.28522	0.71391	1.19855
0.472691	1.66997	0.366395	2.23295	0.472052	1.66824	0.976841	1.27895	0.715028	1.20127
0.474249	1.67418	0.368476	2.23296	0.473608	1.67246	0.97803	1.27289	0.716148	1.20402
0.47581	1.67837	0.370556	2.23292	0.475168	1.67662	0.979213	1.26715	0.717271	1.20678
0.477376	1.68244	0.372637	2.23294	0.476732	1.68079	0.980391	1.26167	0.718397	1.20959
0.478945	1.68653	0.374717	2.23291	0.4783	1.68489	0.981564	1.25641	0.719525	1.21243
0.480519	1.69062	0.376797	2.23286	0.479872	1.68895	0.982732	1.25136	0.720656	1.21531
0.482096	1.69461	0.378878	2.23288	0.481448	1.69296	0.983896	1.24657	0.72179	1.21822
0.483676	1.69858	0.380958	2.23288	0.483027	1.69694	0.985055	1.24201	0.722926	1.22113
0.485261	1.70251	0.383038	2.23285	0.48461	1.70091	0.98621	1.23761	0.724065	1.22409
0.486849	1.70641	0.385119	2.23283	0.486196	1.7048	0.987361	1.23347	0.725207	1.22707
0.488441	1.7103	0.387199	2.23282	0.487786	1.70868	0.988509	1.22949	0.726352	1.23007
0.490036	1.71408	0.389279	2.23278	0.48938	1.71257	0.989652	1.22567	0.727499	1.23306
0.491635	1.71788	0.39136	2.2328	0.490977	1.71634	0.990793	1.22211	0.72865	1.2361
0.493237	1.72168	0.39344	2.23281	0.492578	1.72009	0.99193	1.21872	0.729803	1.23919
0.494843	1.72537	0.39552	2.23277	0.494183	1.72387	0.993064	1.21545	0.730959	1.24224
0.496452	1.72905	0.397601	2.23276	0.495791	1.72756	0.994195	1.21235	0.732118	1.2453
0.498065	1.73272	0.399681	2.23271	0.497402	1.7312	0.995323	1.20945	0.733279	1.24845
0.499681	1.73635	0.401761	2.23273	0.499016	1.73485	0.996448	1.20672	0.734444	1.25156
0.5013	1.73992	0.403841	2.23273	0.500634	1.73847	0.997571	1.2041	0.735611	1.25465
0.502923	1.74347	0.405921	2.2327	0.502256	1.742	0.998692	1.20163	0.736782	1.25781
0.504549	1.747	0.408002	2.23268	0.50388	1.74552	0.99981	1.19932	0.737955	1.261
0.506178	1.75045	0.410082	2.23268	0.505508	1.74908	1.00093	1.19822	0.739132	1.26417
0.507811	1.75393	0.412162	2.23267	0.50714	1.75254			0.740311	1.26729
0.509446	1.75735	0.414242	2.23267	0.508774	1.75595			0.741493	1.2705
0.511085	1.76072	0.416322	2.23267	0.510412	1.75935			0.742678	1.27372
0.512727	1.76412	0.418402	2.23263	0.512052	1.76269			0.743866	1.27686
0.514372	1.76743	0.420483	2.23261	0.513696	1.76608			0.745058	1.28008
0.516021	1.77073	0.422563	2.2326	0.515343	1.76939			0.746252	1.28334
0.517672	1.774	0.424643	2.23264	0.516993	1.77262			0.747449	1.28654
0.519326	1.7772	0.426723	2.23262	0.518646	1.77592			0.748649	1.28972
0.520984	1.78045	0.428803	2.23257	0.520303	1.77914			0.749852	1.29296
0.522644	1.78362	0.430883	2.23258	0.521962	1.78229			0.751058	1.29622
0.524307	1.78677	0.432963	2.23255	0.523624	1.78548			0.752268	1.29947
0.525973	1.78989	0.435043	2.23254	0.525289	1.78861			0.75348	1.3027
0.527643	1.79295	0.437123	2.23257	0.526957	1.79168			0.754695	1.30593
0.529314	1.79605	0.439203	2.23254	0.528627	1.79479			0.755913	1.30916
0.530989	1.79907	0.441283	2.23253	0.530301	1.79784			0.757134	1.31238
0.532667	1.80204	0.443363	2.23253	0.531977	1.80083			0.758359	1.31564
0.534347	1.80507	0.445443	2.23249	0.533657	1.80383			0.759586	1.31892
0.53603	1.80801	0.447523	2.2325	0.535339	1.8068			0.760816	1.32213
0.537716	1.81091	0.449603	2.23251	0.537023	1.80974			0.76205	1.32535
0.539405	1.81382	0.451683	2.23248	0.538711	1.81264			0.763286	1.32864
0.541096	1.81671	0.453763	2.23246	0.540401	1.81552			0.764525	1.33186
0.54279	1.81954	0.455843	2.23246	0.542094	1.81839			0.765768	1.33509
0.544487	1.82235	0.457923	2.23245	0.543789	1.82118			0.767013	1.33835
0.546186	1.82518	0.460003	2.23241	0.545488	1.824			0.768262	1.34155
0.547888	1.82792	0.462083	2.23243	0.547188	1.82681			0.769513	1.34476
0.549592	1.83064	0.464163	2.23244	0.548892	1.82953			0.770767	1.34802
0.551299	1.83339	0.466243	2.23241	0.550597	1.83228			0.772025	1.35126
0.553008	1.83609	0.468323	2.23239	0.552306	1.83497			0.773285	1.35445
0.55472	1.83875	0.470403	2.23238	0.554017	1.83764			0.774549	1.35766
0.556435	1.84141	0.472483	2.23242	0.55573	1.84032			0.775815	1.36087
0.558151	1.84401	0.474563	2.2324	0.557446	1.84295			0.777085	1.36409
0.559871	1.8466	0.476643	2.23235	0.559164	1.84554			0.778357	1.36728
0.561592	1.84921	0.478723	2.23236	0.560885	1.84812			0.779632	1.37048
0.563316	1.85176	0.480802	2.23237	0.562608	1.85069			0.780911	1.37369
0.565043	1.85424	0.482882	2.23234	0.564333	1.85326			0.782192	1.37684
0.566772	1.85677	0.484962	2.23236	0.566061	1.85575			0.783476	1.38002
0.568503	1.85927	0.487042	2.23237	0.567791	1.85821			0.784764	1.38323
0.570236	1.8617	0.489122	2.23233	0.569524	1.86072			0.786054	1.38637
0.571972	1.86416	0.491202	2.23232	0.571259	1.86318			0.787347	1.38951
0.57371	1.86659	0.493282	2.23231	0.572996	1.86558			0.788643	1.39269
0.57545	1.86895	0.495361	2.23231	0.574735	1.86799			0.789942	1.39582
0.577192	1.87133	0.497441	2.23227	0.576476	1.87037			0.791244	1.39893
0.578937	1.8737	0.499521	2.23228	0.57822	1.87273			0.792549	1.40209
0.580684	1.87602	0.501601	2.23229	0.579966	1.87505			0.793857	1.40521
0.582433	1.87835	0.503681	2.23226	0.581714	1.87738			0.795167	1.40834
0.584184	1.88065	0.50576	2.23228	0.583464	1.87971			0.796481	1.41145
0.585937	1.8829	0.50784	2.23226	0.585217	1.88198			0.797797	1.4145
0.587693	1.88516	0.50992	2.23224	0.586971	1.88421			0.799117	1.4176
0.58945	1.88742	0.512	2.23224	0.588728	1.88646			0.800439	1.42073
0.59121	1.88962	0.51408	2.23223	0.590486	1.88872			0.801764	1.42379
0.592971	1.89178	0.516159	2.23223	0.592247	1.89092			0.803092	1.42683
0.594735	1.89395	0.518239	2.23223	0.59401	1.89308			0.804423	1.42992
0.5965	1.8961	0.520319	2.23223	0.595775	1.89522			0.805757	1.43297
0.598268	1.89824	0.522399	2.23219	0.597542	1.89739			0.807093	1.43595
0.600037	1.90041	0.524478	2.23221	0.59931	1.89953			0.808432	1.43899
0.601809	1.90248	0.526558	2.23218	0.601081	1.90159			0.809774	1.44204
0.603582	1.90454	0.528638	2.23217	0.602854	1.90369			0.811119	1.44507
0.605358	1.90664	0.530717	2.2322	0.604628	1.90576			0.812467	1.44809
0.607135	1.90863	0.532797	2.23218	0.606405	1.90782			0.813818	1.45106
0.608914	1.91066	0.534877	2.23217	0.608183	1.90988			0.815171	1.45401
0.610696	1.9127	0.536957	2.23216	0.609964	1.91186			0.816527	1.45699
0.612479	1.91471	0.539036	2.23216	0.611746	1.91387			0.817886	1.45998
0.614263	1.9167	0.541116	2.23216	0.61353	1.91587			0.819248	1.46294
0.61605	1.91861	0.543196	2.23216	0.615316	1.91782			0.820612	1.46588
0.617839	1.92055	0.545275	2.23212	0.617104	1.91978			0.821979	1.46882
0.619629	1.92252	0.547355	2.2321	0.618893	1.92168			0.823349	1.47172
0.621421	1.92437	0.549435	2.23213	0.620685	1.92358			0.824721	1.47463
0.623215	1.92626	0.551514	2.23214	0.622478	1.92552			0.826097	1.47759
0.62501	1.92819	0.553594	2.23211	0.624273	1.92741			0.827475	1.48046
0.626808	1.93003	0.555674	2.2321	0.626069	1.92926			0.828855	1.48332
0.628607	1.93187	0.557753	2.23209	0.627868	1.93111			0.830239	1.48622
0.630408	1.9337	0.559833	2.23209	0.629668	1.93295			0.831625	1.48909
0.63221	1.9355	0.561912	2.23208	0.631469	1.93478			0.833014	1.49192
0.634014	1.93731	0.563992	2.23208	0.633273	1.93658			0.834405	1.49477
0.63582	1.9391	0.566072	2.23208	0.635078	1.93835			0.835799	1.49762
0.637627	1.94087	0.568151	2.23208	0.636885	1.94012			0.837195	1.50043
0.639437	1.9426	0.570231	2.23208	0.638693	1.94188			0.838595	1.50327
0.641247	1.94434	0.572311	2.23205	0.640503	1.94364			0.839997	1.50608
0.64306	1.94609	0.57439	2.23203	0.642315	1.94537			0.841401	1.50884
0.644874	1.94777	0.57647	2.23205	0.644128	1.94707			0.842808	1.51161
0.646689	1.94945	0.578549	2.23203	0.645943	1.9488			0.844218	1.51443
0.648506	1.95117	0.580629	2.23202	0.64776	1.95047			0.84563	1.51719
0.650325	1.95284	0.582708	2.23205	0.649578	1.95211			0.847045	1.51992
0.652145	1.95448	0.584788	2.23203	0.651397	1.95381			0.848462	1.52265
0.653967	1.9561	0.586868	2.23202	0.653218	1.95547			0.849882	1.5254
0.65579	1.95772	0.588947	2.23201	0.655041	1.95706			0.851305	1.52813
0.657615	1.95937	0.591027	2.23201	0.656865	1.95867			0.85273	1.53081
0.659441	1.96097	0.593106	2.23197	0.658691	1.96031			0.854157	1.53351
0.661269	1.96253	0.595186	2.23199	0.660518	1.9619			0.855587	1.53622
0.663098	1.96412	0.597265	2.232	0.662346	1.96347			0.85702	1.53889
0.664929	1.96569	0.599345	2.23197	0.664177	1.96502			0.858455	1.54154
0.666761	1.9672	0.601424	2.23199	0.666008	1.96657			0.859892	1.54422
0.668594	1.96873	0.603504	2.23196	0.667841	1.96814			0.861332	1.54684
0.670429	1.9703	0.605583	2.23195	0.669676	1.96966			0.862775	1.54947
0.672266	1.97181	0.607663	2.23198	0.671511	1.97116			0.86422	1.55211
0.674104	1.97327	0.609742	2.23196	0.673349	1.97267			0.865667	1.55474
0.675943	1.97476	0.611822	2.23195	0.675187	1.97416			0.867117	1.55734
0.677783	1.97624	0.613901	2.23194	0.677027	1.97564			0.868569	1.55992
0.679625	1.97772	0.615981	2.23194	0.678869	1.97711			0.870023	1.56253
0.681469	1.97915	0.61806	2.23194	0.680711	1.97854			0.87148	1.56508
0.683313	1.9806	0.62014	2.23194	0.682555	1.97999			0.87294	1.56764
0.685159	1.98205	0.622219	2.23194	0.684401	1.98145			0.874402	1.5702
0.687007	1.98344	0.624299	2.2319	0.686248	1.98287			0.875866	1.57272
0.688855	1.98483	0.626378	2.23192	0.688096	1.98428			0.877332	1.57523
0.690705	1.98622	0.628458	2.23193	0.689945	1.98568			0.878801	1.57777
0.692556	1.98761	0.630537	2.23189	0.691796	1.98704			0.880272	1.58031
0.694409	1.98897	0.632617	2.23188	0.693648	1.98841			0.881746	1.5828
0.696263	1.99034	0.634696	2.23191	0.695501	1.9898			0.883222	1.58525
0.698118	1.99172	0.636776	2.23192	0.697355	1.99115			0.8847	1.58775
0.699974	1.99304	0.638855	2.23189	0.699211	1.99248			0.88618	1.59022
0.701831	1.99435	0.640934	2.23188	0.701068	1.99381			0.887663	1.59266
0.70369	1.99567	0.643014	2.23187	0.702926	1.99513			0.889148	1.59512
0.70555	1.99699	0.645093	2.23187	0.704786	1.99645			0.890635	1.59756
0.707411	1.9983	0.647173	2.23186	0.706647	1.99774			0.892125	1.59999
0.709274	1.99959	0.649252	2.23186	0.708509	1.99904			0.893617	1.60238
0.711137	2.00085	0.651331	2.23183	0.710372	2.00035			0.895111	1.60478
0.713002	2.0021	0.653411	2.23184	0.712236	2.00159			0.896607	1.60719
0.714868	2.00335	0.65549	2.23185	0.714101	2.00287			0.898105	1.60956
0.716735	2.0046	0.65757	2.23182	0.715968	2.00413			0.899606	1.61196
0.718603	2.00585	0.659649	2.23184	0.717836	2.00534			0.901109	1.61433
0.720473	2.00709	0.661728	2.23185	0.719705	2.00658			0.902614	1.61665
0.722343	2.0083	0.663808	2.23182	0.721575	2.00778			0.904122	1.61898
0.724215	2.00953	0.665887	2.23181	0.723446	2.009			0.905631	1.62132
0.726088	2.01073	0.667967	2.23183	0.725318	2.01023			0.907143	1.62366
0.727962	2.01188	0.670046	2.23181	0.727192	2.01144			0.908657	1.62597
0.729837	2.01307	0.672125	2.2318	0.729067	2.01259			0.910173	1.62829
0.731713	2.01426	0.674205	2.23179	0.730942	2.01375			0.911691	1.63059
0.73359	2.01544	0.676284	2.23179	0.732819	2.01495			0.913211	1.63284
0.735468	2.01658	0.678363	2.23179	0.734697	2.0161			0.914733	1.6351
0.737348	2.01769	0.680443	2.23179	0.736576	2.01723			0.916258	1.63736
0.739228	2.01884	0.682522	2.23179	0.738456	2.01838			0.917784	1.63963
0.74111	2.02	0.684601	2.23179	0.740337	2.01954			0.919313	1.6419
0.742992	2.02113	0.686681	2.23179	0.742219	2.02067			0.920844	1.64413
0.744876	2.0222	0.68876	2.23175	0.744102	2.02174			0.922377	1.64631
0.74676	2.02333	0.690839	2.23177	0.745986	2.02287			0.923912	1.64854
0.748646	2.02444	0.692919	2.23178	0.747871	2.02398			0.925449	1.65075
0.750533	2.02547	0.694998	2.23175	0.749758	2.02505			0.926988	1.65291
0.75242	2.02657	0.697077	2.23173	0.751645	2.02613			0.928529	1.65513
0.754309	2.02767	0.699157	2.23176	0.753533	2.02719			0.930072	1.6573
0.756199	2.0287	0.701236	2.23177	0.755422	2.02826			0.931617	1.65945
0.758089	2.02976	0.703315	2.23175	0.757313	2.02935			0.933164	1.66162
0.759981	2.03081	0.705395	2.23173	0.759204	2.03037			0.934713	1.66374
0.761873	2.03184	0.707474	2.23172	0.761096	2.03143			0.936264	1.66589
0.763767	2.03287	0.709553	2.23172	0.762989	2.03247			0.937817	1.66803
0.765662	2.0339	0.711632	2.23172	0.764883	2.03347			0.939372	1.67012
0.767557	2.03492	0.713712	2.23172	0.766778	2.03452			0.940929	1.67223
0.769453	2.03595	0.715791	2.23172	0.768674	2.03552			0.942488	1.67431
0.771351	2.03694	0.71787	2.23172	0.770571	2.03649			0.944049	1.67642
0.773249	2.03791	0.71995	2.23172	0.772469	2.03753			0.945612	1.67853
0.775148	2.03891	0.722029	2.23168	0.774368	2.03853			0.947177	1.68057
0.777048	2.03988	0.724108	2.2317	0.776268	2.03946			0.948744	1.68262
0.778949	2.04085	0.726187	2.23171	0.778168	2.04044			0.950312	1.68467
0.780851	2.04184	0.728267	2.23167	0.78007	2.04145			0.951883	1.68672
0.782754	2.04281	0.730346	2.2317	0.781972	2.04239			0.953455	1.68877
0.784658	2.04374	0.732425	2.23167	0.783876	2.04334			0.95503	1.69075
0.786562	2.04468	0.734504	2.23166	0.78578	2.04432			0.956606	1.69276
0.788468	2.04559	0.736584	2.23169	0.787685	2.04525			0.958184	1.6948
0.790374	2.04652	0.738663	2.23166	0.789591	2.04616			0.959764	1.6968
0.792281	2.0475	0.740742	2.23165	0.791498	2.04709			0.961346	1.69879
0.794189	2.04839	0.742821	2.23168	0.793405	2.04799			0.96293	1.70074
0.796098	2.04927	0.744901	2.23166	0.795314	2.04892			0.964515	1.7027
0.798008	2.05023	0.74698	2.23162	0.797223	2.04986			0.966102	1.70467
0.799919	2.05111	0.749059	2.23163	0.799134	2.05073			0.967692	1.70665
0.80183	2.05199	0.751138	2.23167	0.801045	2.05161			0.969283	1.70859
0.803742	2.05287	0.753217	2.23166	0.802957	2.05252			0.970875	1.71051
0.805655	2.05375	0.755297	2.23161	0.804869	2.05342			0.97247	1.71242
0.807569	2.05463	0.757376	2.23163	0.806783	2.05427			0.974066	1.71433
0.809484	2.05551	0.759455	2.23164	0.808697	2.05514			0.975664	1.71627
0.811399	2.05635	0.761534	2.2316	0.810612	2.05601			0.977264	1.71816
0.813316	2.05721	0.763613	2.23162	0.812528	2.05685			0.978866	1.72002
0.815233	2.05808	0.765693	2.23163	0.814445	2.05771			0.980469	1.7219
0.817151	2.05888	0.767772	2.2316	0.816363	2.05857			0.982074	1.72379
0.819069	2.05972	0.769851	2.23159	0.818281	2.05937			0.983681	1.72566
0.820989	2.06058	0.77193	2.23161	0.8202	2.06021			0.98529	1.72754
0.822909	2.06141	0.774009	2.23163	0.82212	2.06107			0.986901	1.7294
0.82483	2.06219	0.776088	2.2316	0.824041	2.06187			0.988513	1.73117
0.826752	2.06303	0.778168	2.23158	0.825962	2.06267			0.990126	1.733
0.828674	2.06384	0.780247	2.23158	0.827884	2.06351			0.991742	1.73488
0.830597	2.06462	0.782326	2.23157	0.829807	2.0643			0.993359	1.73669
0.832521	2.06541	0.784405	2.23157	0.831731	2.06509			0.994978	1.73848
0.834446	2.06621	0.786484	2.23157	0.833655	2.06589			0.996599	1.74025
0.836371	2.06701	0.788563	2.23157	0.83558	2.0667			0.998221	1.74205
0.838298	2.06778	0.790642	2.23157	0.837506	2.06746			0.999845	1.74383
0.840225	2.06856	0.792722	2.23157	0.839433	2.06821			1.00147	1.74469
0.842152	2.06936	0.794801	2.23157	0.84136	2.06903				
0.844081	2.07009	0.79688	2.23153	0.843288	2.0698				
0.84601	2.07085	0.798959	2.23155	0.845217	2.07052				
0.847939	2.0716	0.801038	2.23156	0.847147	2.07128				
0.84987	2.07234	0.803117	2.23153	0.849077	2.07206				
0.851801	2.07312	0.805196	2.23155	0.851008	2.07278				
0.853733	2.07383	0.807275	2.23152	0.852939	2.07355				
0.855665	2.07456	0.809355	2.23151	0.854871	2.0743				
0.857598	2.07529	0.811434	2.23154	0.856804	2.075				
0.859532	2.07602	0.813513	2.23152	0.858738	2.07572				
0.861467	2.07675	0.815592	2.23151	0.860672	2.07644				
0.863402	2.07744	0.817671	2.23154	0.862607	2.07713				
0.865338	2.07816	0.81975	2.23152	0.864543	2.07785				
0.867275	2.07888	0.821829	2.23151	0.866479	2.07861				
0.869212	2.07957	0.823908	2.2315	0.868416	2.07928				
0.87115	2.08025	0.825987	2.2315	0.870354	2.07998				
0.873088	2.08095	0.828066	2.2315	0.872292	2.0807				
0.875027	2.08167	0.830145	2.2315	0.874231	2.08135				
0.876967	2.08232	0.832225	2.2315	0.87617	2.08201				
0.878907	2.08298	0.834304	2.23146	0.87811	2.0827				
0.880848	2.08367	0.836383	2.23148	0.880051	2.08341				
0.88279	2.08435	0.838462	2.23149	0.881992	2.08406				
0.884732	2.08498	0.840541	2.23149	0.883934	2.08472				
0.886675	2.08566	0.84262	2.23149	0.885877	2.08541				
0.888619	2.08633	0.844699	2.23146	0.88782	2.08605				
0.890563	2.08696	0.846778	2.23144	0.889764	2.08666				
0.892508	2.0876	0.848857	2.23147	0.891709	2.08733				
0.894453	2.08825	0.850936	2.23145	0.893654	2.088				
0.896399	2.08887	0.853015	2.23143	0.895599	2.08863				
0.898345	2.08951	0.855094	2.23147	0.897546	2.08927				
0.900292	2.09016	0.857173	2.23144	0.899493	2.08992				
0.90224	2.09078	0.859252	2.23143	0.90144	2.0905				
0.904188	2.09142	0.861331	2.23143	0.903388	2.09112				
0.906137	2.09203	0.86341	2.23143	0.905337	2.09176				
0.908087	2.09263	0.865489	2.23142	0.907286	2.09237				
0.910037	2.09322	0.867568	2.23142	0.909235	2.09301				
0.911987	2.09385	0.869647	2.23142	0.911186	2.09362				
0.913938	2.09445	0.871726	2.23142	0.913137	2.09418				
0.91589	2.09505	0.873805	2.23142	0.915088	2.09479				
0.917842	2.09564	0.875884	2.23142	0.91704	2.09539				
0.919795	2.09623	0.877963	2.23142	0.918993	2.09598				
0.921748	2.09681	0.880042	2.23142	0.920946	2.09657				
0.923702	2.0974	0.882121	2.23139	0.922899	2.09716				
0.925656	2.09799	0.8842	2.23137	0.924854	2.09775				
0.927611	2.09854	0.886279	2.2314	0.926808	2.0983				
0.929567	2.0991	0.888358	2.23141	0.928764	2.0989				
0.931523	2.09968	0.890437	2.23138	0.930719	2.09946				
0.933479	2.10026	0.892516	2.23136	0.932676	2.10003				
0.935436	2.10085	0.894595	2.23139	0.934633	2.10058				
0.937394	2.10139	0.896674	2.23137	0.93659	2.10114				
0.939352	2.10192	0.898753	2.23136	0.938548	2.10171				
0.941311	2.10245	0.900832	2.23139	0.940506	2.10226				
0.94327	2.103	0.902911	2.23137	0.942465	2.10282				
0.945229	2.10361	0.90499	2.23136	0.944425	2.10333				
0.94719	2.10413	0.907069	2.23136	0.946384	2.10387				
0.94915	2.10465	0.909148	2.23135	0.948345	2.10443				
0.951111	2.10516	0.911227	2.23135	0.950306	2.10497				
0.953073	2.10571	0.913306	2.23135	0.952267	2.1055				
0.955035	2.10624	0.915384	2.23135	0.954229	2.10602				
0.956998	2.10673	0.917463	2.23131	0.956192	2.10653				
0.958961	2.1073	0.919542	2.23133	0.958154	2.10709				
0.960925	2.10781	0.921621	2.23134	0.960118	2.10762				
0.962889	2.10832	0.9237	2.23135	0.962082	2.1081				
0.964853	2.10883	0.925779	2.23135	0.964046	2.1086				
0.966818	2.10934	0.927858	2.23131	0.966011	2.10911				
0.968784	2.10985	0.929937	2.23129	0.967976	2.10962				
0.97075	2.11033	0.932016	2.23132	0.969942	2.11013				
0.972716	2.11082	0.934095	2.23134	0.971908	2.11064				
0.974683	2.11133	0.936174	2.23131	0.973875	2.11115				
0.97665	2.11183	0.938253	2.23129	0.975842	2.11163				
0.978618	2.11234	0.940331	2.23128	0.97781	2.11212				
0.980586	2.11282	0.94241	2.23128	0.979778	2.11263				
0.982555	2.11328	0.944489	2.23132	0.981746	2.1131				
0.984524	2.11376	0.946568	2.2313	0.983715	2.11355				
0.986494	2.11426	0.948647	2.23129	0.985685	2.11404				
0.988464	2.11473	0.950726	2.23128	0.987655	2.11454				
0.990434	2.11518	0.952805	2.23128	0.989625	2.115				
0.992405	2.11567	0.954884	2.23128	0.991596	2.11549				
0.994377	2.11613	0.956962	2.23128	0.993567	2.11596				
0.996349	2.11658	0.959041	2.23128	0.995539	2.11641				
0.998321	2.11706	0.96112	2.23124	0.997511	2.11686				
1.00029	2.11732	0.963199	2.23126	0.999483	2.1173				
		0.965278	2.23127	1.00146	2.11752				
		0.967357	2.23127						
		0.969436	2.23124						
		0.971514	2.23126						
		0.973593	2.23127						
		0.975672	2.23124						
		0.977751	2.23122						
		0.97983	2.23121						
		0.981909	2.23124						
		0.983987	2.23126						
		0.986066	2.23123						
		0.988145	2.23122						
		0.990224	2.23121						
		0.992303	2.23121						
		0.994382	2.23121						
		0.99646	2.2312						
		0.998539	2.2312						
		1.00062	2.23118						
