Sym0		Asym0		Sym1		Sym2		Asym1	
472  Points		491  Points		473  Points		207  Points		390  Points	
Freq (MHz)	Vph (m/ms)	Freq (MHz)	Vph (m/ms)	Freq (MHz)	Vph (m/ms)	Freq (MHz)	Vph (m/ms)	Freq (MHz)	Vph (m/ms)
0.00843035	9.54314	0.000260773	0.189607	0.00471447	9.5433	0.27951	2325.3	0.139849	262.594
0.0173196	9.54202	0.000727911	0.315519	0.0136049	9.54257	0.279639	265.842	0.140468	95.931
0.0262047	9.54015	0.00141772	0.437742	0.022492	9.54102	0.27997	141.143	0.141657	59.1231
0.0350835	9.5375	0.002315	0.555101	0.0313737	9.53871	0.280503	96.2178	0.143397	43.0925
0.0439536	9.53404	0.00340148	0.666681	0.0402477	9.53559	0.281233	73.1048	0.145666	34.1992
0.0528127	9.52976	0.00465727	0.771862	0.0491117	9.53166	0.282156	59.0448	0.148436	28.5947
0.0616582	9.52462	0.00606183	0.870265	0.0579632	9.52687	0.283266	49.6055	0.151676	24.7726
0.0704875	9.51857	0.00759499	0.961732	0.0667996	9.52121	0.284555	42.8413	0.155351	22.0218
0.0792975	9.51157	0.00923794	1.04633	0.0756181	9.51462	0.286015	37.764	0.159429	19.9632
0.0880852	9.50357	0.0109734	1.12426	0.0844155	9.50704	0.287637	33.818	0.163875	18.3761
0.096847	9.49448	0.0127859	1.19581	0.0931886	9.49842	0.28941	30.6671	0.168656	17.1233
0.105579	9.48425	0.0146622	1.26137	0.101934	9.48867	0.291323	28.096	0.173744	16.1154
0.114277	9.47277	0.0165904	1.32135	0.110646	9.47773	0.293364	25.9601	0.179109	15.2915
0.122936	9.45994	0.0185608	1.37616	0.119322	9.46548	0.29552	24.1591	0.184724	14.6089
0.131551	9.44564	0.0205653	1.42626	0.127956	9.45181	0.297779	22.6208	0.190565	14.0366
0.140115	9.42972	0.0223344	1.46638	0.136542	9.43658	0.30013	21.2924	0.196611	13.5519
0.148621	9.41203	0.0238559	1.4982	0.145073	9.41965	0.30256	20.134	0.20284	13.1376
0.157061	9.39236	0.0251218	1.52296	0.153542	9.40083	0.30506	19.1152	0.209235	12.7805
0.165426	9.37052	0.0261271	1.54161	0.16194	9.37993	0.307621	18.2124	0.215779	12.4705
0.173705	9.34624	0.0268684	1.55482	0.170257	9.3567	0.310238	17.4072	0.222456	12.1995
0.181887	9.31925	0.0273437	1.56306	0.17848	9.33088	0.312907	16.6847	0.229253	11.9612
0.189955	9.28922	0.028028	1.57463	0.186598	9.30216	0.315628	16.0333	0.236157	11.7502
0.197895	9.25579	0.0287731	1.58682	0.194594	9.2702	0.318408	15.4436	0.243157	11.5625
0.205688	9.21855	0.0297886	1.60282	0.20245	9.23461	0.321255	14.908	0.250242	11.3946
0.213312	9.17706	0.0310758	1.62213	0.210148	9.19495	0.324181	14.4203	0.257403	11.2436
0.220745	9.13083	0.0326361	1.64418	0.217663	9.15075	0.327207	13.9757	0.26463	11.1073
0.227959	9.07935	0.0344704	1.66835	0.224972	9.10153	0.330354	13.5701	0.271915	10.9835
0.234928	9.02212	0.0365796	1.69404	0.232048	9.04677	0.333648	13.2002	0.279251	10.8707
0.241623	8.95867	0.0386917	1.71774	0.23886	8.98597	0.337121	12.8634	0.28663	10.7675
0.248014	8.88857	0.0408059	1.73964	0.245382	8.9187	0.340802	12.5575	0.294046	10.6725
0.254074	8.81154	0.0429214	1.75992	0.251583	8.84459	0.344725	12.2804	0.301492	10.5848
0.259781	8.72745	0.0450373	1.77873	0.25744	8.76345	0.348919	12.0305	0.308961	10.5035
0.265116	8.63638	0.0471534	1.79621	0.262932	8.67527	0.35341	11.8061	0.316449	10.4277
0.270071	8.53864	0.0492691	1.81248	0.268047	8.58027	0.358219	11.6056	0.323948	10.3569
0.274645	8.43478	0.0513842	1.82765	0.27278	8.47889	0.363357	11.4271	0.331455	10.2904
0.278845	8.32555	0.0534986	1.84182	0.277134	8.3718	0.368827	11.2689	0.338963	10.2276
0.282688	8.21185	0.0556119	1.85507	0.281124	8.25985	0.374623	11.1292	0.346466	10.1682
0.286196	8.09466	0.0577242	1.86749	0.284769	8.144	0.38073	11.006	0.35396	10.1116
0.289395	7.97499	0.0598354	1.87915	0.288094	8.02525	0.387128	10.8975	0.361438	10.0576
0.292314	7.85379	0.0619454	1.89011	0.290752	7.92016	0.393793	10.8018	0.368896	10.0057
0.294983	7.73194	0.0640543	1.90043	0.292857	7.82989	0.400697	10.7173	0.376328	9.95567
0.297429	7.61021	0.066162	1.91016	0.294495	7.75503	0.407812	10.6424	0.383728	9.90724
0.29968	7.48926	0.0682685	1.91935	0.29573	7.69582	0.415113	10.5758	0.39109	9.86013
0.301759	7.36962	0.070374	1.92804	0.296605	7.65234	0.422574	10.5162	0.398408	9.81412
0.303688	7.25173	0.0724783	1.93627	0.297151	7.62454	0.430172	10.4627	0.405677	9.76896
0.305487	7.13593	0.0745816	1.94407	0.297919	7.58465	0.437886	10.4143	0.412889	9.72446
0.307172	7.02246	0.0766839	1.95148	0.298729	7.54141	0.445697	10.3703	0.420039	9.68043
0.308759	6.91152	0.0787851	1.95851	0.299795	7.48282	0.453589	10.33	0.427119	9.63667
0.31026	6.80323	0.0808855	1.96521	0.301086	7.40919	0.461547	10.2928	0.434122	9.59302
0.311686	6.69768	0.082985	1.97159	0.302568	7.32098	0.469557	10.2583	0.441041	9.54932
0.313048	6.5949	0.0850836	1.97767	0.304208	7.21884	0.477609	10.2261	0.447869	9.5054
0.314353	6.49492	0.0871815	1.98348	0.305973	7.10368	0.485692	10.1958	0.454598	9.46113
0.315609	6.39771	0.0892786	1.98903	0.307629	6.99091	0.493796	10.167	0.461221	9.41637
0.316823	6.30327	0.091375	1.99434	0.30919	6.8807	0.501913	10.1396	0.467729	9.371
0.317999	6.21154	0.0934706	1.99942	0.310669	6.77318	0.510035	10.1134	0.474116	9.3249
0.319143	6.12246	0.0955657	2.00429	0.312076	6.6684	0.518155	10.088	0.480374	9.27797
0.32026	6.036	0.0976601	2.00896	0.313421	6.56642	0.526267	10.0634	0.486496	9.23012
0.321352	5.95206	0.0997539	2.01344	0.314712	6.46722	0.534363	10.0394	0.492476	9.18127
0.322423	5.8706	0.101847	2.01775	0.315955	6.3708	0.54244	10.0158	0.498307	9.13137
0.323477	5.79153	0.10394	2.02189	0.317158	6.27712	0.55049	9.99252	0.503983	9.08036
0.324515	5.71479	0.106032	2.02587	0.318325	6.18614	0.558509	9.96948	0.509501	9.02822
0.32554	5.64029	0.108124	2.02971	0.319461	6.09781	0.566492	9.94655	0.514855	8.97493
0.326554	5.56798	0.110215	2.0334	0.32057	6.01207	0.574434	9.92366	0.520044	8.92049
0.327558	5.49777	0.112306	2.03697	0.321656	5.92884	0.58233	9.90072	0.525065	8.86494
0.328555	5.4296	0.114397	2.0404	0.322722	5.84806	0.590177	9.87765	0.529916	8.8083
0.329546	5.3634	0.116487	2.04372	0.323771	5.76965	0.597969	9.8544	0.534599	8.75062
0.330533	5.2991	0.118577	2.04692	0.324805	5.69355	0.605703	9.83091	0.539114	8.69197
0.331515	5.23663	0.120666	2.05002	0.325827	5.61968	0.613374	9.80712	0.543463	8.63241
0.332495	5.17593	0.122755	2.05302	0.326838	5.54797	0.620979	9.78297	0.547649	8.57205
0.333473	5.11694	0.124844	2.05592	0.32784	5.47834	0.628513	9.75844	0.551676	8.51095
0.33445	5.0596	0.126932	2.05872	0.328836	5.41073	0.635974	9.73348	0.555547	8.44922
0.335427	5.00385	0.129021	2.06144	0.329825	5.34507	0.643357	9.70804	0.559267	8.38696
0.336405	4.94964	0.131109	2.06407	0.33081	5.28129	0.65066	9.68211	0.562842	8.32427
0.337384	4.89692	0.133196	2.06663	0.331792	5.21933	0.657878	9.65565	0.565843	8.26935
0.338364	4.84563	0.135284	2.0691	0.332771	5.15912	0.665008	9.62863	0.56832	8.22239
0.339347	4.79572	0.137371	2.07151	0.333748	5.1006	0.672047	9.60104	0.570314	8.18347
0.340333	4.74714	0.139458	2.07384	0.334725	5.04372	0.678993	9.57285	0.571856	8.15267
0.341322	4.69986	0.141545	2.07611	0.335703	4.98841	0.685842	9.54404	0.572972	8.13
0.342315	4.65382	0.143631	2.07831	0.336681	4.93462	0.692591	9.5146	0.573678	8.11549
0.343311	4.60899	0.145717	2.08045	0.33766	4.88231	0.699238	9.48452	0.574681	8.09463
0.344312	4.56532	0.147804	2.08253	0.338641	4.83141	0.70578	9.45379	0.575757	8.07196
0.345317	4.52277	0.149889	2.08456	0.339625	4.78188	0.712216	9.4224	0.577197	8.04113
0.346327	4.48131	0.151975	2.08653	0.340612	4.73368	0.718542	9.39035	0.57898	8.00216
0.347342	4.44091	0.154061	2.08845	0.341602	4.68675	0.724757	9.35763	0.58108	7.95509
0.348362	4.40152	0.156146	2.09032	0.342595	4.64105	0.730858	9.32425	0.583469	7.89999
0.349387	4.36311	0.158232	2.09214	0.343593	4.59655	0.736846	9.2902	0.586117	7.83697
0.350418	4.32566	0.160317	2.09392	0.344595	4.5532	0.742717	9.25551	0.588669	7.77425
0.351455	4.28913	0.162402	2.09565	0.345601	4.51097	0.748472	9.22017	0.59113	7.71187
0.352498	4.25349	0.164487	2.09733	0.346612	4.46981	0.754109	9.1842	0.593507	7.64989
0.353546	4.21872	0.166571	2.09898	0.347629	4.4297	0.759628	9.14762	0.595803	7.58835
0.354601	4.18478	0.168656	2.10059	0.34865	4.39059	0.765028	9.11043	0.598023	7.52731
0.355662	4.15165	0.17074	2.10215	0.349677	4.35246	0.77031	9.07267	0.600171	7.46678
0.356729	4.1193	0.172825	2.10369	0.35071	4.31527	0.775473	9.03435	0.602253	7.40682
0.357803	4.08772	0.174909	2.10518	0.351749	4.27899	0.780519	8.99549	0.604271	7.34745
0.358883	4.05688	0.176993	2.10664	0.352793	4.2436	0.785448	8.95612	0.606229	7.28869
0.359969	4.02675	0.179077	2.10807	0.353843	4.20906	0.79026	8.91628	0.608131	7.23056
0.361062	3.99732	0.181161	2.10947	0.3549	4.17535	0.794958	8.87598	0.60998	7.17309
0.362162	3.96855	0.183245	2.11083	0.355962	4.14245	0.799543	8.83525	0.611779	7.11628
0.363125	3.94402	0.185329	2.11216	0.357031	4.11032	0.804015	8.79414	0.613532	7.06015
0.363951	3.92349	0.187412	2.11347	0.358107	4.07895	0.808378	8.75266	0.615241	7.00472
0.364636	3.90678	0.189496	2.11475	0.359188	4.04831	0.812633	8.71085	0.616908	6.94998
0.365179	3.89372	0.191579	2.11599	0.360277	4.01838	0.816254	8.67418	0.618537	6.89594
0.36558	3.88422	0.193662	2.11722	0.361371	3.98914	0.819279	8.64275	0.620128	6.84261
0.365837	3.87817	0.195746	2.11842	0.362473	3.96056	0.821737	8.61666	0.621685	6.78999
0.366207	3.86954	0.197829	2.11959	0.363581	3.93263	0.823654	8.59597	0.62321	6.73807
0.36661	3.86022	0.199912	2.12074	0.364696	3.90533	0.825048	8.58072	0.624705	6.68687
0.367159	3.84767	0.201995	2.12186	0.365817	3.87864	0.825934	8.57095	0.62617	6.63638
0.367857	3.83199	0.204078	2.12297	0.366945	3.85255	0.827198	8.55689	0.627609	6.58658
0.368703	3.81332	0.206161	2.12405	0.36808	3.82703	0.828561	8.54158	0.629022	6.53749
0.3697	3.79179	0.208244	2.12511	0.369221	3.80206	0.830394	8.52073	0.630412	6.4891
0.370852	3.7676	0.210326	2.12615	0.37037	3.77765	0.83268	8.4943	0.631779	6.44139
0.372009	3.74392	0.212409	2.12717	0.371525	3.75375	0.835397	8.46227	0.633124	6.39437
0.373174	3.72075	0.214492	2.12817	0.372686	3.73037	0.838519	8.42461	0.63445	6.34803
0.374345	3.69808	0.216574	2.12915	0.373855	3.70749	0.842019	8.38132	0.635758	6.30236
0.375523	3.67588	0.218657	2.13011	0.37503	3.6851	0.845431	8.33796	0.637047	6.25735
0.376707	3.65415	0.220739	2.13105	0.376211	3.66317	0.848758	8.29455	0.638321	6.213
0.377899	3.63287	0.222822	2.13198	0.3774	3.64171	0.852003	8.25114	0.639578	6.1693
0.379096	3.61203	0.224904	2.13289	0.378595	3.62069	0.855169	8.20774	0.640822	6.12623
0.380301	3.59163	0.226986	2.13378	0.379797	3.6001	0.858257	8.16437	0.642051	6.0838
0.381512	3.57164	0.229069	2.13466	0.381005	3.57994	0.86127	8.12106	0.643268	6.04199
0.38273	3.55205	0.231151	2.13552	0.38222	3.56019	0.864211	8.07783	0.644473	6.00079
0.383954	3.53287	0.233233	2.13637	0.383441	3.54084	0.867082	8.03469	0.645666	5.9602
0.385185	3.51407	0.235315	2.1372	0.384669	3.52188	0.869886	7.99168	0.646849	5.9202
0.386422	3.49564	0.237397	2.13802	0.385904	3.5033	0.872624	7.94879	0.648022	5.88079
0.387665	3.47758	0.239479	2.13882	0.387145	3.48509	0.875299	7.90606	0.649186	5.84195
0.388916	3.45988	0.241561	2.13961	0.388392	3.46723	0.877914	7.8635	0.650341	5.80369
0.390172	3.44252	0.243643	2.14039	0.389646	3.44973	0.880469	7.82112	0.651488	5.76599
0.391435	3.42551	0.245725	2.14116	0.390906	3.43258	0.882968	7.77894	0.652628	5.72883
0.392704	3.40882	0.247806	2.14191	0.392173	3.41575	0.885412	7.73697	0.65376	5.69222
0.393979	3.39245	0.249888	2.14265	0.393446	3.39925	0.887804	7.69521	0.654886	5.65614
0.395261	3.3764	0.25197	2.14337	0.394725	3.38307	0.890144	7.65369	0.656006	5.62059
0.396549	3.36065	0.254052	2.14409	0.39601	3.3672	0.892436	7.61241	0.657121	5.58555
0.397843	3.34521	0.256133	2.14479	0.397301	3.35163	0.89468	7.57138	0.65823	5.55101
0.399143	3.33005	0.258215	2.14548	0.398599	3.33635	0.896879	7.53062	0.659334	5.51698
0.400449	3.31518	0.260297	2.14617	0.399902	3.32136	0.899034	7.49011	0.660434	5.48343
0.401761	3.30059	0.262378	2.14684	0.401212	3.30665	0.901146	7.44989	0.66153	5.45037
0.403079	3.28626	0.26446	2.1475	0.402528	3.29222	0.903218	7.40994	0.662622	5.41778
0.404404	3.2722	0.266541	2.14815	0.403849	3.27805	0.905251	7.37028	0.663711	5.38565
0.405734	3.2584	0.268622	2.14879	0.405177	3.26414	0.907246	7.33092	0.664796	5.35399
0.40707	3.24485	0.270704	2.14942	0.406511	3.25048	0.909205	7.29185	0.665879	5.32277
0.408411	3.23154	0.272785	2.15004	0.40785	3.23707	0.911129	7.25308	0.66696	5.29199
0.409759	3.21848	0.274867	2.15065	0.409195	3.22391	0.913019	7.21462	0.668038	5.26165
0.411112	3.20565	0.276948	2.15125	0.410546	3.21098	0.914877	7.17646	0.669114	5.23173
0.412471	3.19305	0.279029	2.15185	0.411902	3.19829	0.916703	7.13862	0.670188	5.20223
0.413835	3.18067	0.28111	2.15243	0.413264	3.18582	0.9185	7.10109	0.671261	5.17315
0.415206	3.16851	0.283192	2.15301	0.414632	3.17357	0.920267	7.06387	0.672332	5.14447
0.416581	3.15657	0.285273	2.15357	0.416006	3.16153	0.922007	7.02697	0.673403	5.11618
0.417963	3.14483	0.287354	2.15413	0.417385	3.14971	0.92372	6.99039	0.674472	5.08829
0.419349	3.1333	0.289435	2.15469	0.418769	3.1381	0.925407	6.95413	0.675541	5.06078
0.420741	3.12197	0.291516	2.15523	0.420159	3.12668	0.927069	6.91818	0.676609	5.03365
0.422139	3.11083	0.293597	2.15577	0.421554	3.11546	0.928708	6.88256	0.677677	5.00689
0.423542	3.09989	0.295679	2.1563	0.422955	3.10444	0.930324	6.84725	0.678744	4.98049
0.42495	3.08913	0.29776	2.15682	0.424361	3.0936	0.931917	6.81227	0.679812	4.95445
0.426363	3.07855	0.299841	2.15733	0.425772	3.08295	0.933489	6.7776	0.680879	4.92877
0.427782	3.06815	0.301922	2.15784	0.427188	3.07248	0.935041	6.74325	0.681947	4.90343
0.429205	3.05793	0.304003	2.15834	0.42861	3.06218	0.936573	6.70922	0.683016	4.87843
0.430634	3.04788	0.306084	2.15884	0.430036	3.05206	0.938086	6.6755	0.684084	4.85376
0.432068	3.03799	0.308164	2.15932	0.431468	3.0421	0.939581	6.64211	0.685154	4.82942
0.433507	3.02827	0.310245	2.1598	0.432905	3.03231	0.941059	6.60902	0.686224	4.80541
0.434951	3.01871	0.312326	2.16028	0.434346	3.02269	0.942519	6.57625	0.687295	4.78171
0.436399	3.00931	0.314407	2.16075	0.435793	3.01322	0.943963	6.54379	0.688367	4.75833
0.437853	3.00005	0.316488	2.16121	0.437245	3.0039	0.945392	6.51163	0.68944	4.73525
0.439311	2.99095	0.318569	2.16167	0.438701	2.99474	0.946806	6.47979	0.690515	4.71247
0.440775	2.982	0.32065	2.16212	0.440163	2.98573	0.948205	6.44825	0.69159	4.68999
0.442243	2.97319	0.32273	2.16256	0.441629	2.97686	0.94959	6.41701	0.692667	4.6678
0.443716	2.96453	0.324811	2.163	0.4431	2.96813	0.950962	6.38607	0.693746	4.6459
0.445193	2.956	0.326892	2.16343	0.444575	2.95954	0.952322	6.35544	0.694826	4.62428
0.446675	2.9476	0.328973	2.16386	0.446055	2.95109	0.953669	6.3251	0.695908	4.60294
0.448162	2.93934	0.331053	2.16428	0.44754	2.94278	0.955004	6.29505	0.696991	4.58187
0.449653	2.93121	0.333134	2.1647	0.449029	2.93459	0.956327	6.2653	0.698076	4.56107
0.451149	2.92321	0.335215	2.16511	0.450523	2.92654	0.95764	6.23584	0.699163	4.54053
0.452649	2.91533	0.337295	2.16552	0.452022	2.91861	0.958942	6.20666	0.700252	4.52025
0.454154	2.90757	0.339376	2.16592	0.453524	2.9108	0.960234	6.17777	0.701343	4.50022
0.455663	2.89993	0.341457	2.16632	0.455032	2.90311	0.961516	6.14916	0.702435	4.48045
0.457176	2.89242	0.343537	2.16671	0.456543	2.89554	0.962789	6.12083	0.70353	4.46093
0.458694	2.88501	0.345618	2.1671	0.458059	2.88809	0.964054	6.09278	0.704627	4.44164
0.460216	2.87772	0.347698	2.16748	0.459579	2.88075	0.965309	6.065	0.705727	4.4226
0.461742	2.87054	0.349779	2.16786	0.461104	2.87353	0.966556	6.0375	0.706828	4.40379
0.463272	2.86347	0.351859	2.16824	0.462632	2.86641	0.967795	6.01026	0.707932	4.38521
0.464807	2.8565	0.35394	2.16861	0.464165	2.8594	0.969027	5.98329	0.709038	4.36686
0.466346	2.84964	0.35602	2.16897	0.465702	2.8525	0.970251	5.95658	0.710146	4.34873
0.467888	2.84288	0.358101	2.16933	0.467243	2.8457	0.971469	5.93013	0.711257	4.33082
0.469435	2.83623	0.360181	2.16969	0.468788	2.839	0.972679	5.90395	0.712371	4.31313
0.470986	2.82967	0.362262	2.17004	0.470337	2.8324	0.973883	5.87801	0.713486	4.29566
0.472541	2.82321	0.364342	2.17039	0.47189	2.8259	0.975081	5.85233	0.714605	4.27839
0.474099	2.81684	0.366423	2.17074	0.473447	2.81949	0.976274	5.82691	0.715726	4.26133
0.475662	2.81056	0.368503	2.17108	0.475008	2.81318	0.97746	5.80173	0.716849	4.24448
0.477228	2.80438	0.370584	2.17142	0.476573	2.80695	0.978641	5.77679	0.717975	4.22782
0.478798	2.79829	0.372664	2.17175	0.478142	2.80082	0.979817	5.7521	0.719104	4.21136
0.480372	2.79228	0.374744	2.17208	0.479714	2.79478	0.980988	5.72764	0.720235	4.1951
0.48195	2.78636	0.376825	2.17241	0.48129	2.78883	0.982154	5.70343	0.721369	4.17903
0.483532	2.78053	0.378905	2.17273	0.48287	2.78296	0.983316	5.67944	0.722506	4.16314
0.485117	2.77478	0.380985	2.17305	0.484454	2.77717	0.984473	5.65569	0.723646	4.14744
0.486706	2.76911	0.383066	2.17337	0.486041	2.77147	0.985627	5.63217	0.724788	4.13193
0.488298	2.76352	0.385146	2.17368	0.487632	2.76585	0.986776	5.60888	0.725933	4.11659
0.489894	2.75801	0.387226	2.17399	0.489227	2.7603	0.987922	5.58581	0.727081	4.10143
0.491494	2.75258	0.389307	2.17429	0.490825	2.75484	0.989064	5.56296	0.728232	4.08644
0.493097	2.74722	0.391387	2.1746	0.492426	2.74945	0.990203	5.54034	0.729386	4.07163
0.494703	2.74194	0.393467	2.1749	0.494031	2.74414	0.991338	5.51792	0.730542	4.05699
0.496313	2.73673	0.395547	2.17519	0.49564	2.7389	0.992471	5.49573	0.731702	4.04251
0.497927	2.73159	0.397628	2.17549	0.497252	2.73373	0.9936	5.47374	0.732864	4.0282
0.499543	2.72653	0.399708	2.17578	0.498867	2.72863	0.994727	5.45197	0.734029	4.01404
0.501164	2.72153	0.401788	2.17607	0.500486	2.72361	0.995851	5.4304	0.735197	4.00005
0.502787	2.7166	0.403868	2.17635	0.502108	2.71865	0.996973	5.40903	0.736368	3.98622
0.504414	2.71174	0.405948	2.17663	0.503734	2.71376	0.998093	5.38787	0.737542	3.97254
0.506044	2.70694	0.408029	2.17691	0.505362	2.70894	0.99921	5.36691	0.738719	3.95901
0.507677	2.70221	0.410109	2.17719	0.506994	2.70418	1.00033	5.34615	0.739899	3.94563
0.509313	2.69755	0.412189	2.17746	0.508629	2.69949			0.741082	3.9324
0.510953	2.69294	0.414269	2.17773	0.510267	2.69486			0.742268	3.91932
0.512596	2.6884	0.416349	2.178	0.511909	2.69029			0.743457	3.90638
0.514242	2.68391	0.418429	2.17826	0.513554	2.68578			0.744649	3.89358
0.515891	2.67949	0.420509	2.17852	0.515201	2.68133			0.745844	3.88092
0.517543	2.67513	0.42259	2.17878	0.516852	2.67694			0.747041	3.8684
0.519198	2.67082	0.42467	2.17904	0.518506	2.67261			0.748242	3.85601
0.520856	2.66657	0.42675	2.1793	0.520162	2.66834			0.749446	3.84376
0.522517	2.66237	0.42883	2.17955	0.521822	2.66412			0.750653	3.83164
0.524181	2.65823	0.43091	2.1798	0.523485	2.65996			0.751863	3.81965
0.525848	2.65414	0.43299	2.18004	0.525151	2.65585			0.753076	3.80779
0.527517	2.65011	0.43507	2.18029	0.526819	2.65179			0.754292	3.79606
0.52919	2.64613	0.43715	2.18053	0.52849	2.64778			0.755511	3.78445
0.530865	2.6422	0.43923	2.18077	0.530165	2.64383			0.756733	3.77296
0.532544	2.63831	0.44131	2.18101	0.531842	2.63993			0.757958	3.76159
0.534225	2.63448	0.44339	2.18125	0.533522	2.63608			0.759186	3.75035
0.535908	2.6307	0.44547	2.18148	0.535204	2.63227			0.760417	3.73922
0.537595	2.62696	0.44755	2.18171	0.53689	2.62852			0.761651	3.72821
0.539284	2.62327	0.44963	2.18194	0.538578	2.62481			0.762888	3.71731
0.540976	2.61963	0.45171	2.18217	0.540269	2.62115			0.764128	3.70652
0.542671	2.61604	0.45379	2.1824	0.541962	2.61753			0.765371	3.69585
0.544368	2.61248	0.45587	2.18262	0.543658	2.61396			0.766618	3.68529
0.546068	2.60898	0.45795	2.18284	0.545357	2.61044			0.767867	3.67483
0.54777	2.60551	0.46003	2.18306	0.547058	2.60695			0.769119	3.66449
0.549475	2.60209	0.46211	2.18328	0.548762	2.60351			0.770374	3.65425
0.551183	2.59871	0.46419	2.18349	0.550469	2.60012			0.771632	3.64411
0.552893	2.59537	0.46627	2.18371	0.552178	2.59676			0.772894	3.63408
0.554605	2.59207	0.46835	2.18392	0.553889	2.59345			0.774158	3.62414
0.55632	2.58882	0.470429	2.18413	0.555603	2.59017			0.775425	3.61431
0.558038	2.5856	0.472509	2.18433	0.55732	2.58694			0.776695	3.60458
0.559758	2.58242	0.474589	2.18454	0.559039	2.58374			0.777968	3.59494
0.56148	2.57928	0.476669	2.18474	0.56076	2.58059			0.779245	3.5854
0.563205	2.57617	0.478749	2.18495	0.562484	2.57747			0.780524	3.57596
0.564932	2.57311	0.480829	2.18515	0.56421	2.57439			0.781806	3.56661
0.566661	2.57008	0.482909	2.18535	0.565938	2.57134			0.783091	3.55735
0.568393	2.56709	0.484989	2.18554	0.567669	2.56833			0.784379	3.54819
0.570127	2.56413	0.487068	2.18574	0.569402	2.56536			0.78567	3.53911
0.571863	2.5612	0.489148	2.18593	0.571137	2.56242			0.786964	3.53012
0.573602	2.55832	0.491228	2.18613	0.572875	2.55952			0.788261	3.52123
0.575342	2.55546	0.493308	2.18632	0.574615	2.55665			0.789561	3.51241
0.577085	2.55264	0.495388	2.18651	0.576357	2.55381			0.790864	3.50369
0.578831	2.54985	0.497468	2.18669	0.578101	2.55101			0.792169	3.49505
0.580578	2.54709	0.499547	2.18688	0.579847	2.54824			0.793478	3.48649
0.582328	2.54437	0.501627	2.18706	0.581596	2.5455			0.79479	3.47801
0.584079	2.54168	0.503707	2.18725	0.583347	2.5428			0.796104	3.46962
0.585833	2.53901	0.505787	2.18743	0.5851	2.54012			0.797421	3.4613
0.587589	2.53638	0.507866	2.18761	0.586855	2.53748			0.798741	3.45307
0.589347	2.53378	0.509946	2.18779	0.588612	2.53486			0.800065	3.44491
0.591107	2.53121	0.512026	2.18796	0.590371	2.53228			0.80139	3.43684
0.592869	2.52867	0.514106	2.18814	0.592132	2.52972			0.802719	3.42883
0.594633	2.52615	0.516185	2.18831	0.593896	2.5272			0.804051	3.42091
0.596399	2.52367	0.518265	2.18848	0.595661	2.5247			0.805385	3.41306
0.598168	2.52121	0.520345	2.18866	0.597428	2.52223			0.806723	3.40528
0.599938	2.51878	0.522425	2.18883	0.599198	2.51979			0.808063	3.39757
0.60171	2.51637	0.524504	2.18899	0.600969	2.51738			0.809406	3.38994
0.603484	2.514	0.526584	2.18916	0.602742	2.51499			0.810752	3.38238
0.60526	2.51165	0.528664	2.18933	0.604517	2.51263			0.8121	3.37489
0.607038	2.50932	0.530743	2.18949	0.606294	2.51029			0.813452	3.36746
0.608817	2.50703	0.532823	2.18966	0.608073	2.50798			0.814806	3.36011
0.610599	2.50475	0.534903	2.18982	0.609854	2.5057			0.816163	3.35282
0.612383	2.5025	0.536983	2.18998	0.611637	2.50344			0.817523	3.34561
0.614168	2.50028	0.539062	2.19014	0.613422	2.50121			0.818885	3.33845
0.615955	2.49808	0.541142	2.1903	0.615208	2.499			0.82025	3.33136
0.617744	2.49591	0.543222	2.19045	0.616996	2.49681			0.821618	3.32434
0.619535	2.49375	0.545301	2.19061	0.618786	2.49465			0.822989	3.31738
0.621328	2.49162	0.547381	2.19076	0.620578	2.49251			0.824362	3.31048
0.623122	2.48952	0.54946	2.19092	0.622372	2.4904			0.825739	3.30365
0.624918	2.48744	0.55154	2.19107	0.624167	2.4883			0.827117	3.29688
0.626716	2.48537	0.55362	2.19122	0.625964	2.48623			0.828499	3.29017
0.628515	2.48334	0.555699	2.19137	0.627763	2.48418			0.829883	3.28351
0.630317	2.48132	0.557779	2.19152	0.629564	2.48216			0.83127	3.27692
0.63212	2.47932	0.559859	2.19167	0.631366	2.48015			0.83266	3.27039
0.633924	2.47735	0.561938	2.19182	0.63317	2.47817			0.834052	3.26391
0.635731	2.47539	0.564018	2.19196	0.634975	2.47621			0.835447	3.25749
0.637538	2.47346	0.566097	2.19211	0.636783	2.47427			0.836844	3.25113
0.639348	2.47155	0.568177	2.19225	0.638592	2.47234			0.838244	3.24483
0.641159	2.46965	0.570257	2.19239	0.640402	2.47044			0.839647	3.23858
0.642972	2.46778	0.572336	2.19253	0.642214	2.46856			0.841052	3.23238
0.644787	2.46593	0.574416	2.19267	0.644028	2.4667			0.84246	3.22624
0.646603	2.46409	0.576495	2.19281	0.645843	2.46486			0.843871	3.22015
0.64842	2.46228	0.578575	2.19295	0.64766	2.46303			0.845284	3.21412
0.650239	2.46048	0.580654	2.19309	0.649479	2.46123			0.8467	3.20813
0.65206	2.4587	0.582734	2.19323	0.651299	2.45944			0.848118	3.2022
0.653882	2.45694	0.584814	2.19336	0.65312	2.45767			0.849539	3.19632
0.655706	2.4552	0.586893	2.1935	0.654943	2.45592			0.850962	3.1905
0.657531	2.45347	0.588973	2.19363	0.656768	2.45419			0.852388	3.18472
0.659358	2.45176	0.591052	2.19376	0.658594	2.45248			0.853816	3.17899
0.661186	2.45007	0.593132	2.19389	0.660422	2.45078			0.855247	3.17331
0.663016	2.4484	0.595211	2.19402	0.662251	2.4491			0.856681	3.16768
0.664847	2.44674	0.597291	2.19415	0.664081	2.44743			0.858117	3.16209
0.666679	2.4451	0.59937	2.19428	0.665913	2.44579			0.859555	3.15655
0.668513	2.44348	0.60145	2.19441	0.667747	2.44416			0.860996	3.15106
0.670349	2.44187	0.603529	2.19454	0.669582	2.44254			0.862439	3.14562
0.672186	2.44028	0.605609	2.19467	0.671418	2.44095			0.863885	3.14022
0.674024	2.43871	0.607688	2.19479	0.673256	2.43937			0.865333	3.13487
0.675864	2.43715	0.609768	2.19492	0.675095	2.4378			0.866784	3.12956
0.677705	2.4356	0.611847	2.19504	0.676935	2.43625			0.868237	3.1243
0.679547	2.43408	0.613927	2.19516	0.678777	2.43471			0.869692	3.11908
0.681391	2.43256	0.616006	2.19528	0.68062	2.43319			0.87115	3.1139
0.683236	2.43106	0.618086	2.19541	0.682465	2.43169			0.87261	3.10877
0.685082	2.42958	0.620165	2.19553	0.68431	2.4302			0.874073	3.10368
0.68693	2.42811	0.622245	2.19565	0.686157	2.42872			0.875538	3.09863
0.688779	2.42665	0.624324	2.19576	0.688006	2.42726			0.877005	3.09362
0.690629	2.42521	0.626403	2.19588	0.689856	2.42581			0.878475	3.08865
0.692481	2.42378	0.628483	2.196	0.691707	2.42438			0.879947	3.08373
0.694334	2.42237	0.630562	2.19612	0.693559	2.42296			0.881421	3.07884
0.696188	2.42097	0.632642	2.19623	0.695413	2.42155			0.882898	3.07399
0.698043	2.41958	0.634721	2.19635	0.697268	2.42016			0.884377	3.06919
0.6999	2.41821	0.636801	2.19646	0.699124	2.41878			0.885858	3.06442
0.701758	2.41685	0.63888	2.19657	0.700981	2.41741			0.887342	3.05969
0.703617	2.4155	0.640959	2.19669	0.70284	2.41606			0.888827	3.055
0.705478	2.41416	0.643039	2.1968	0.7047	2.41472			0.890316	3.05035
0.707339	2.41284	0.645118	2.19691	0.706561	2.41339			0.891806	3.04573
0.709202	2.41153	0.647198	2.19702	0.708423	2.41208			0.893299	3.04115
0.711066	2.41023	0.649277	2.19713	0.710287	2.41077			0.894794	3.03661
0.712931	2.40895	0.651356	2.19724	0.712151	2.40948			0.896291	3.0321
0.714797	2.40767	0.653436	2.19735	0.714017	2.40821			0.89779	3.02763
0.716665	2.40641	0.655515	2.19746	0.715884	2.40694			0.899292	3.0232
0.718534	2.40516	0.657595	2.19756	0.717752	2.40568			0.900795	3.0188
0.720403	2.40393	0.659674	2.19767	0.719622	2.40444			0.902301	3.01443
0.722274	2.4027	0.661753	2.19777	0.721492	2.40321			0.90381	3.0101
0.724146	2.40148	0.663833	2.19788	0.723364	2.40199			0.90532	3.0058
0.72602	2.40028	0.665912	2.19798	0.725237	2.40078			0.906832	3.00154
0.727894	2.39909	0.667991	2.19809	0.72711	2.39958			0.908347	2.99731
0.729769	2.3979	0.670071	2.19819	0.728985	2.3984			0.909864	2.99311
0.731646	2.39673	0.67215	2.19829	0.730861	2.39722			0.911383	2.98895
0.733523	2.39557	0.674229	2.19839	0.732739	2.39605			0.912904	2.98482
0.735402	2.39442	0.676309	2.1985	0.734617	2.3949			0.914427	2.98072
0.737282	2.39328	0.678388	2.1986	0.736496	2.39376			0.915952	2.97665
0.739163	2.39215	0.680467	2.1987	0.738376	2.39262			0.91748	2.97261
0.741044	2.39103	0.682547	2.19879	0.740258	2.3915			0.919009	2.96861
0.742927	2.38992	0.684626	2.19889	0.74214	2.39038			0.920541	2.96463
0.744811	2.38882	0.686705	2.19899	0.744024	2.38928			0.922075	2.96069
0.746696	2.38773	0.688785	2.19909	0.745908	2.38819			0.92361	2.95677
0.748582	2.38665	0.690864	2.19919	0.747794	2.3871			0.925148	2.95289
0.750469	2.38558	0.692943	2.19928	0.74968	2.38603			0.926688	2.94904
0.752357	2.38452	0.695023	2.19938	0.751568	2.38497			0.92823	2.94521
0.754246	2.38347	0.697102	2.19947	0.753457	2.38391			0.929774	2.94141
0.756136	2.38243	0.699181	2.19957	0.755346	2.38286			0.93132	2.93764
0.758027	2.3814	0.70126	2.19966	0.757237	2.38183			0.932868	2.93391
0.759919	2.38037	0.70334	2.19975	0.759128	2.3808			0.934417	2.93019
0.761812	2.37936	0.705419	2.19985	0.761021	2.37978			0.935969	2.92651
0.763706	2.37835	0.707498	2.19994	0.762914	2.37877			0.937523	2.92285
0.765601	2.37736	0.709578	2.20003	0.764809	2.37777			0.939079	2.91922
0.767497	2.37637	0.711657	2.20012	0.766704	2.37678			0.940637	2.91562
0.769393	2.37539	0.713736	2.20021	0.7686	2.3758			0.942197	2.91205
0.771291	2.37442	0.715815	2.2003	0.770498	2.37482			0.943758	2.9085
0.77319	2.37345	0.717895	2.20039	0.772396	2.37386			0.945322	2.90498
0.775089	2.3725	0.719974	2.20048	0.774295	2.3729			0.946888	2.90148
0.77699	2.37155	0.722053	2.20057	0.776195	2.37195			0.948455	2.89801
0.778891	2.37062	0.724132	2.20066	0.778096	2.37101			0.950025	2.89457
0.780793	2.36969	0.726212	2.20075	0.779998	2.37007			0.951596	2.89115
0.782696	2.36876	0.728291	2.20083	0.781901	2.36915			0.953169	2.88775
0.7846	2.36785	0.73037	2.20092	0.783804	2.36823			0.954745	2.88438
0.786505	2.36694	0.732449	2.20101	0.785709	2.36732			0.956322	2.88104
0.788411	2.36604	0.734529	2.20109	0.787614	2.36642			0.9579	2.87772
0.790318	2.36515	0.736608	2.20118	0.789521	2.36552			0.959481	2.87442
0.792225	2.36427	0.738687	2.20126	0.791428	2.36464			0.961064	2.87115
0.794134	2.36339	0.740766	2.20135	0.793336	2.36376			0.962648	2.8679
0.796043	2.36252	0.742845	2.20143	0.795245	2.36289			0.964234	2.86467
0.797953	2.36166	0.744925	2.20151	0.797154	2.36202			0.965823	2.86147
0.799864	2.36081	0.747004	2.2016	0.799065	2.36116			0.967413	2.85829
0.801775	2.35996	0.749083	2.20168	0.800976	2.36031			0.969004	2.85513
0.803688	2.35912	0.751162	2.20176	0.802889	2.35947			0.970598	2.852
0.805601	2.35829	0.753241	2.20184	0.804802	2.35864			0.972193	2.84889
0.807515	2.35746	0.755321	2.20192	0.806715	2.35781			0.97379	2.8458
0.809431	2.35664	0.7574	2.202	0.80863	2.35698			0.975389	2.84273
0.811346	2.35583	0.759479	2.20208	0.810546	2.35617			0.97699	2.83969
0.813263	2.35502	0.761558	2.20216	0.812462	2.35536			0.978592	2.83666
0.81518	2.35422	0.763637	2.20224	0.814379	2.35456			0.980196	2.83366
0.817098	2.35343	0.765716	2.20232	0.816297	2.35376			0.981802	2.83068
0.819017	2.35265	0.767796	2.2024	0.818215	2.35297			0.98341	2.82772
0.820937	2.35187	0.769875	2.20248	0.820135	2.35219			0.98502	2.82478
0.822858	2.35109	0.771954	2.20255	0.822055	2.35141			0.986631	2.82186
0.824779	2.35033	0.774033	2.20263	0.823976	2.35064			0.988244	2.81896
0.826701	2.34956	0.776112	2.20271	0.825898	2.34988			0.989858	2.81608
0.828624	2.34881	0.778191	2.20278	0.82782	2.34912			0.991474	2.81322
0.830547	2.34806	0.78027	2.20286	0.829743	2.34837			0.993092	2.81038
0.832471	2.34732	0.78235	2.20293	0.831667	2.34763			0.994712	2.80756
0.834396	2.34658	0.784429	2.20301	0.833592	2.34689			0.996333	2.80476
0.836322	2.34585	0.786508	2.20308	0.835517	2.34615			0.997956	2.80198
0.838249	2.34513	0.788587	2.20316	0.837443	2.34543			0.999581	2.79922
0.840176	2.34441	0.790666	2.20323	0.83937	2.34471			1.00121	2.79648
0.842104	2.34369	0.792745	2.2033	0.841298	2.34399				
0.844032	2.34298	0.794824	2.20338	0.843226	2.34328				
0.845962	2.34228	0.796903	2.20345	0.845155	2.34258				
0.847892	2.34159	0.798983	2.20352	0.847085	2.34188				
0.849822	2.34089	0.801062	2.20359	0.849016	2.34118				
0.851754	2.34021	0.803141	2.20366	0.850947	2.34049				
0.853686	2.33953	0.80522	2.20374	0.852878	2.33981				
0.855619	2.33885	0.807299	2.20381	0.854811	2.33913				
0.857552	2.33818	0.809378	2.20388	0.856744	2.33846				
0.859486	2.33752	0.811457	2.20395	0.858678	2.3378				
0.861421	2.33686	0.813536	2.20402	0.860613	2.33713				
0.863357	2.33621	0.815615	2.20409	0.862548	2.33648				
0.865293	2.33556	0.817694	2.20415	0.864484	2.33583				
0.86723	2.33491	0.819773	2.20422	0.86642	2.33518				
0.869167	2.33427	0.821852	2.20429	0.868357	2.33454				
0.871105	2.33364	0.823931	2.20436	0.870295	2.3339				
0.873044	2.33301	0.826011	2.20443	0.872234	2.33327				
0.874983	2.33239	0.82809	2.20449	0.874173	2.33265				
0.876923	2.33177	0.830169	2.20456	0.876113	2.33202				
0.878864	2.33115	0.832248	2.20463	0.878053	2.33141				
0.880805	2.33054	0.834327	2.20469	0.879994	2.3308				
0.882747	2.32994	0.836406	2.20476	0.881936	2.33019				
0.88469	2.32933	0.838485	2.20482	0.883878	2.32958				
0.886633	2.32874	0.840564	2.20489	0.885821	2.32899				
0.888577	2.32815	0.842643	2.20495	0.887764	2.32839				
0.890521	2.32756	0.844722	2.20502	0.889708	2.3278				
0.892466	2.32698	0.846801	2.20508	0.891653	2.32722				
0.894412	2.3264	0.84888	2.20515	0.893598	2.32664				
0.896358	2.32582	0.850959	2.20521	0.895544	2.32606				
0.898305	2.32525	0.853038	2.20527	0.897491	2.32549				
0.900252	2.32469	0.855117	2.20534	0.899438	2.32492				
0.9022	2.32413	0.857196	2.2054	0.901386	2.32436				
0.904148	2.32357	0.859275	2.20546	0.903334	2.3238				
0.906097	2.32301	0.861354	2.20552	0.905283	2.32325				
0.908047	2.32247	0.863433	2.20558	0.907232	2.32269				
0.909997	2.32192	0.865512	2.20564	0.909182	2.32215				
0.911948	2.32138	0.867591	2.20571	0.911133	2.3216				
0.913899	2.32084	0.86967	2.20577	0.913084	2.32107				
0.915851	2.32031	0.871749	2.20583	0.915035	2.32053				
0.917804	2.31978	0.873828	2.20589	0.916988	2.32				
0.919757	2.31925	0.875907	2.20595	0.91894	2.31947				
0.92171	2.31873	0.877986	2.20601	0.920894	2.31895				
0.923664	2.31822	0.880065	2.20607	0.922848	2.31843				
0.925619	2.3177	0.882144	2.20612	0.924802	2.31792				
0.927574	2.31719	0.884223	2.20618	0.926757	2.3174				
0.92953	2.31669	0.886302	2.20624	0.928712	2.3169				
0.931486	2.31618	0.888381	2.2063	0.930668	2.31639				
0.933443	2.31568	0.89046	2.20636	0.932625	2.31589				
0.9354	2.31519	0.892539	2.20642	0.934582	2.31539				
0.937358	2.3147	0.894618	2.20647	0.93654	2.3149				
0.939316	2.31421	0.896696	2.20653	0.938498	2.31441				
0.941275	2.31372	0.898775	2.20659	0.940456	2.31392				
0.943234	2.31324	0.900854	2.20664	0.942415	2.31344				
0.945194	2.31276	0.902933	2.2067	0.944375	2.31296				
0.947155	2.31229	0.905012	2.20676	0.946335	2.31249				
0.949116	2.31182	0.907091	2.20681	0.948296	2.31201				
0.951077	2.31135	0.90917	2.20687	0.950257	2.31154				
0.953039	2.31088	0.911249	2.20692	0.952219	2.31108				
0.955001	2.31042	0.913328	2.20698	0.954181	2.31061				
0.956964	2.30996	0.915407	2.20703	0.956143	2.31016				
0.958927	2.30951	0.917486	2.20709	0.958107	2.3097				
0.960891	2.30906	0.919565	2.20714	0.96007	2.30925				
0.962855	2.30861	0.921644	2.20719	0.962034	2.3088				
0.96482	2.30816	0.923722	2.20725	0.963999	2.30835				
0.966785	2.30772	0.925801	2.2073	0.965964	2.30791				
0.968751	2.30728	0.92788	2.20735	0.967929	2.30747				
0.970717	2.30685	0.929959	2.20741	0.969895	2.30703				
0.972684	2.30641	0.932038	2.20746	0.971862	2.30659				
0.974651	2.30598	0.934117	2.20751	0.973829	2.30616				
0.976618	2.30556	0.936196	2.20756	0.975796	2.30573				
0.978586	2.30513	0.938275	2.20762	0.977764	2.30531				
0.980555	2.30471	0.940353	2.20767	0.979732	2.30489				
0.982524	2.30429	0.942432	2.20772	0.981701	2.30447				
0.984493	2.30388	0.944511	2.20777	0.98367	2.30405				
0.986463	2.30346	0.94659	2.20782	0.98564	2.30364				
0.988433	2.30305	0.948669	2.20787	0.98761	2.30323				
0.990404	2.30265	0.950748	2.20792	0.98958	2.30282				
0.992375	2.30224	0.952827	2.20797	0.991551	2.30241				
0.994347	2.30184	0.954905	2.20802	0.993523	2.30201				
0.996319	2.30144	0.956984	2.20807	0.995494	2.30161				
0.998291	2.30105	0.959063	2.20812	0.997467	2.30121				
1.00026	2.30065	0.961142	2.20817	0.999439	2.30082				
		0.963221	2.20822	1.00141	2.30043				
		0.9653	2.20827						
		0.967378	2.20832						
		0.969457	2.20837						
		0.971536	2.20842						
		0.973615	2.20847						
		0.975694	2.20851						
		0.977773	2.20856						
		0.979851	2.20861						
		0.98193	2.20866						
		0.984009	2.2087						
		0.986088	2.20875						
		0.988167	2.2088						
		0.990245	2.20884						
		0.992324	2.20889						
		0.994403	2.20894						
		0.996482	2.20898						
		0.998561	2.20903						
		1.00064	2.20907						
