Sym0		Asym0		Sym1		Sym2		Sym3		Sym4		Asym1		Asym2		Asym3		Asym4	
468  Points		498  Points		232  Points		197  Points		184  Points		128  Points		339  Points		210  Points		172  Points		107  Points	
Freq (MHz)	Vph (m/ms)	Freq (MHz)	Vph (m/ms)	Freq (MHz)	Vph (m/ms)	Freq (MHz)	Vph (m/ms)	Freq (MHz)	Vph (m/ms)	Freq (MHz)	Vph (m/ms)	Freq (MHz)	Vph (m/ms)	Freq (MHz)	Vph (m/ms)	Freq (MHz)	Vph (m/ms)	Freq (MHz)	Vph (m/ms)
0.00434186	5.21512	6.98158e-007	0.00729711	0.279521	482.037	0.468262	550.155	0.559023	1101.13	0.838528	2012.6	0.139801	213.644	0.419264	2061.49	0.698773	2434.57	0.936507	4538.33
0.00920062	5.21504	7.97956e-005	0.0776697	0.279592	184.968	0.468292	262.666	0.559065	388.408	0.838551	621.916	0.140029	88.2875	0.419299	369.402	0.698795	573.387	0.936514	822.911
0.0140589	5.21484	0.000289539	0.147794	0.279728	114.489	0.468343	172.532	0.559148	235.821	0.838598	367.801	0.140446	55.7821	0.419382	202.916	0.698845	324.982	0.93653	452.486
0.0189165	5.21456	0.000628325	0.217356	0.279926	82.9422	0.468415	128.466	0.559272	169.334	0.838669	261.127	0.141048	40.89	0.419513	139.909	0.698923	226.768	0.936555	312.035
0.0237734	5.21423	0.00109336	0.286036	0.280189	65.0595	0.468508	102.341	0.559436	132.115	0.838764	202.433	0.141832	32.3734	0.419692	106.788	0.699029	174.156	0.936589	238.128
0.0286291	5.21381	0.0016811	0.353606	0.280514	53.5501	0.468623	85.0554	0.55964	108.328	0.838884	165.294	0.142795	26.8774	0.41992	86.3703	0.699163	141.374	0.936633	192.532
0.0334836	5.2133	0.00238732	0.419871	0.280902	45.5267	0.468759	72.7738	0.559885	91.8167	0.839027	139.679	0.143931	23.049	0.420195	72.5281	0.699324	118.99	0.936686	161.594
0.0383365	5.21272	0.003207	0.484621	0.281352	39.6174	0.468917	63.5991	0.56017	79.6879	0.839195	120.948	0.145233	20.2381	0.420519	62.5284	0.699513	102.735	0.936749	139.227
0.0431876	5.21205	0.00413457	0.547681	0.281865	35.0865	0.469096	56.4856	0.560495	70.4029	0.839387	106.654	0.146696	18.0929	0.42089	54.9684	0.69973	90.3976	0.93682	122.302
0.0480368	5.2113	0.00516426	0.608926	0.282439	31.5042	0.469298	50.8096	0.56086	63.068	0.839602	95.3888	0.148313	16.407	0.421309	49.0542	0.699974	80.714	0.936902	109.048
0.0528836	5.21046	0.00628994	0.668245	0.283074	28.6025	0.469522	46.176	0.561265	57.1283	0.839842	86.2829	0.150078	15.051	0.421775	44.3026	0.700246	72.9121	0.936993	98.3894
0.057728	5.20955	0.0075054	0.725557	0.283769	26.2057	0.469768	42.3222	0.561709	52.2213	0.840106	78.7702	0.151983	13.9395	0.422289	40.4026	0.700546	66.4928	0.937093	89.6311
0.0625696	5.20854	0.00880445	0.780812	0.284525	24.1938	0.470037	39.0672	0.562194	48.1	0.840394	72.4666	0.154021	13.0143	0.422849	37.1451	0.700873	61.1189	0.937203	82.3069
0.0674083	5.20745	0.0101809	0.833971	0.285339	22.4819	0.470329	36.2819	0.562717	44.5903	0.840706	67.1025	0.156185	12.234	0.423457	34.3843	0.701227	56.5549	0.937323	76.0914
0.0722437	5.20627	0.0116288	0.885035	0.286212	21.0085	0.470644	33.8718	0.56328	41.5661	0.841042	62.4828	0.158468	11.5687	0.424111	32.0154	0.701609	52.6309	0.937453	70.7507
0.0770754	5.20499	0.0131424	0.934002	0.287142	19.7276	0.470983	31.7661	0.563881	38.9337	0.841401	58.4629	0.160865	10.9957	0.424812	29.961	0.702019	49.2215	0.937593	66.1125
0.0819034	5.20363	0.0147162	0.9809	0.288129	18.6046	0.471346	29.911	0.564522	36.6221	0.841785	54.9333	0.163041	10.5585	0.425558	28.1631	0.702455	46.232	0.937743	62.0468
0.0867273	5.20217	0.0163451	1.02577	0.289172	17.6123	0.471733	28.2645	0.565201	34.5763	0.842192	51.8098	0.164957	10.2243	0.426351	26.5768	0.702919	43.5896	0.937903	58.4539
0.0915467	5.20061	0.0180241	1.06865	0.29027	16.7299	0.472145	26.7934	0.565918	32.7533	0.842623	49.0264	0.166581	9.97126	0.427189	25.1674	0.70341	41.2375	0.938074	55.256
0.0963614	5.19895	0.0197486	1.1096	0.291422	15.9403	0.472582	25.4715	0.566674	31.119	0.843078	46.5305	0.167891	9.7846	0.428072	23.9072	0.703928	39.1306	0.938255	52.3914
0.101171	5.1972	0.0215145	1.14869	0.292627	15.2301	0.473044	24.2773	0.567467	29.6458	0.843557	44.2799	0.168868	9.6543	0.429	22.774	0.704474	37.2325	0.938446	49.8107
0.105975	5.19533	0.0233178	1.18598	0.293885	14.5881	0.473533	23.1933	0.568297	28.3111	0.844059	42.2405	0.169499	9.57382	0.429973	21.7499	0.705046	35.514	0.938648	47.4737
0.110774	5.19336	0.025155	1.22153	0.295194	14.0054	0.474047	22.2053	0.569165	27.0967	0.844584	40.3838	0.170414	9.46191	0.430989	20.8201	0.705645	33.9508	0.938861	45.3476
0.115566	5.19128	0.0270225	1.25542	0.296553	13.4742	0.474589	21.301	0.57007	25.9871	0.845134	38.6866	0.171419	9.34507	0.43205	19.9724	0.706271	32.5231	0.939085	43.4051
0.120352	5.18908	0.0289176	1.28773	0.297961	12.9884	0.475158	20.4705	0.571012	24.9695	0.845707	37.1293	0.172803	9.19372	0.433154	19.1966	0.706923	31.2139	0.93932	41.6235
0.12513	5.18677	0.0308374	1.31851	0.299418	12.5425	0.475755	19.7053	0.57199	24.0332	0.846303	35.6954	0.174582	9.01388	0.434301	18.4842	0.707602	30.0094	0.939566	39.9837
0.129902	5.18433	0.0327793	1.34785	0.300922	12.132	0.476381	18.9981	0.573005	23.1688	0.846922	34.3709	0.176772	8.81207	0.435491	17.8279	0.708308	28.8975	0.939823	38.4694
0.134665	5.18176	0.0347411	1.37581	0.302472	11.753	0.477035	18.3426	0.574055	22.3686	0.847565	33.1438	0.179395	8.59494	0.436723	17.2215	0.70904	27.868	0.940092	37.0668
0.139421	5.17907	0.0367206	1.40245	0.304067	11.4022	0.477719	17.7336	0.575141	21.6258	0.848232	32.0038	0.182471	8.36876	0.437996	16.6597	0.709798	26.9123	0.940372	35.764
0.144167	5.17624	0.038716	1.42785	0.305706	11.0767	0.478432	17.1664	0.576262	20.9345	0.848921	30.9421	0.185615	8.1641	0.439312	16.1378	0.710583	26.0228	0.940664	34.5508
0.148904	5.17327	0.0407257	1.45208	0.307389	10.774	0.479177	16.6369	0.577417	20.2898	0.849634	29.951	0.188823	7.97825	0.440668	15.6519	0.711394	25.1929	0.940968	33.4184
0.153632	5.17015	0.042748	1.47518	0.308889	10.527	0.479952	16.1417	0.578608	19.6871	0.850369	29.0236	0.192091	7.80892	0.442064	15.1986	0.71223	24.4169	0.941284	32.3589
0.158348	5.16689	0.0447814	1.49721	0.310193	10.3278	0.480759	15.6776	0.579833	19.1226	0.851128	28.1542	0.195416	7.65417	0.443501	14.7747	0.713093	23.6898	0.941612	31.3655
0.163054	5.16346	0.0465617	1.51559	0.311288	10.1705	0.481598	15.2419	0.581092	18.5928	0.851909	27.3376	0.198794	7.51235	0.444977	14.3776	0.713981	23.0072	0.941952	30.4324
0.167748	5.15987	0.0480847	1.53068	0.312165	10.0505	0.482471	14.8321	0.582384	18.0947	0.852713	26.569	0.202223	7.38202	0.446492	14.0049	0.714894	22.3652	0.942305	29.5542
0.17243	5.15611	0.0493475	1.54277	0.312816	9.9647	0.483376	14.4462	0.58371	17.6257	0.85354	25.8445	0.2057	7.26196	0.448046	13.6546	0.715834	21.7603	0.94267	28.7262
0.177099	5.15218	0.0503481	1.55209	0.313235	9.91082	0.484316	14.0822	0.585069	17.1833	0.85439	25.1605	0.209222	7.15108	0.449638	13.3248	0.716798	21.1895	0.943048	27.9443
0.181753	5.14805	0.0510848	1.55882	0.31384	9.83473	0.48529	13.7383	0.58646	16.7654	0.855262	24.5136	0.212787	7.04847	0.451268	13.0138	0.717788	20.65	0.943439	27.2048
0.186393	5.14374	0.0515568	1.56306	0.314504	9.75381	0.4863	13.4131	0.587884	16.3701	0.856157	23.901	0.216392	6.9533	0.452935	12.7201	0.718803	20.1394	0.943843	26.5044
0.191018	5.13922	0.052236	1.56909	0.315413	9.64663	0.487345	13.1052	0.58934	15.9956	0.857074	23.32	0.220036	6.86485	0.454638	12.4424	0.719843	19.6554	0.944259	25.8401
0.195626	5.13449	0.0529749	1.57554	0.316577	9.51566	0.488427	12.8132	0.590828	15.6405	0.858014	22.7684	0.223715	6.7825	0.456378	12.1794	0.720907	19.1961	0.944689	25.2091
0.200216	5.12954	0.0539811	1.58414	0.318003	9.36372	0.489546	12.5362	0.592347	15.3033	0.858976	22.244	0.227429	6.70569	0.458154	11.9302	0.721997	18.7597	0.945133	24.6091
0.204788	5.12435	0.0552555	1.59476	0.319701	9.19393	0.490703	12.273	0.593897	14.9827	0.85996	21.7448	0.231176	6.63391	0.459965	11.6937	0.723111	18.3446	0.94559	24.0378
0.209341	5.11893	0.0567994	1.60721	0.321684	9.00955	0.491898	12.0227	0.595478	14.6776	0.860966	21.2692	0.234953	6.56673	0.46181	11.4689	0.724249	17.9492	0.94606	23.4934
0.213873	5.11325	0.0586138	1.6213	0.323702	8.83552	0.493132	11.7845	0.59709	14.3869	0.861994	20.8155	0.238759	6.50375	0.46369	11.2552	0.725411	17.5723	0.946545	22.9739
0.218382	5.1073	0.0606999	1.63682	0.325755	8.67104	0.494406	11.5576	0.598731	14.1097	0.863044	20.3823	0.242593	6.44462	0.465604	11.0517	0.726598	17.2125	0.947043	22.4777
0.222869	5.10108	0.0627897	1.65168	0.327842	8.51541	0.495719	11.3413	0.600403	13.8451	0.864116	19.9682	0.246452	6.38903	0.467551	10.8578	0.727809	16.8689	0.947556	22.0033
0.227331	5.09457	0.0648827	1.66591	0.329962	8.36798	0.497073	11.1349	0.602104	13.5923	0.86521	19.5721	0.250337	6.33668	0.469274	10.6961	0.729043	16.5403	0.948082	21.5493
0.231767	5.08775	0.0669785	1.67954	0.332116	8.22817	0.498468	10.9379	0.603834	13.3506	0.866325	19.1928	0.254245	6.28732	0.470763	10.5634	0.730301	16.2259	0.948623	21.1144
0.236175	5.08061	0.0690766	1.69261	0.334302	8.09547	0.499718	10.7734	0.605593	13.1192	0.867462	18.8293	0.258175	6.24072	0.472007	10.4571	0.731582	15.9247	0.949179	20.6976
0.240554	5.07314	0.0711768	1.70514	0.33652	7.96938	0.500808	10.6382	0.60738	12.8976	0.86862	18.4807	0.262126	6.19667	0.473	10.375	0.732887	15.636	0.949749	20.2976
0.244903	5.06531	0.0732786	1.71717	0.33877	7.84948	0.501728	10.5297	0.609196	12.6852	0.869799	18.1461	0.266097	6.15497	0.473734	10.3158	0.734215	15.359	0.950333	19.9136
0.249219	5.05713	0.0753818	1.72871	0.341053	7.73537	0.502466	10.446	0.61104	12.4815	0.871	17.8247	0.270086	6.11546	0.474206	10.2784	0.735566	15.0931	0.950933	19.5446
0.2535	5.04856	0.0774863	1.7398	0.343367	7.62669	0.503016	10.3856	0.612911	12.2859	0.872221	17.5157	0.274094	6.07798	0.474887	10.2254	0.73694	14.8377	0.951548	19.1898
0.257745	5.03959	0.0795917	1.75045	0.345713	7.52311	0.50337	10.3474	0.61481	12.098	0.873464	17.2185	0.278118	6.04237	0.475632	10.1685	0.738336	14.592	0.952178	18.8483
0.261952	5.0302	0.0816978	1.76069	0.348091	7.42433	0.503884	10.2932	0.616736	11.9174	0.874728	16.9324	0.282157	6.00851	0.476651	10.0927	0.739755	14.3557	0.952823	18.5195
0.266118	5.02038	0.0838046	1.77055	0.350501	7.33008	0.504447	10.2351	0.618689	11.7437	0.876012	16.6569	0.286212	5.97628	0.47795	9.99902	0.741196	14.1283	0.953483	18.2027
0.270242	5.01012	0.0859118	1.78003	0.352944	7.2401	0.505223	10.1576	0.620668	11.5765	0.877317	16.3913	0.290281	5.94557	0.479536	9.88901	0.742659	13.9091	0.954159	17.8973
0.274321	4.99939	0.0880192	1.78915	0.35542	7.15416	0.506218	10.0618	0.622673	11.4156	0.878643	16.1352	0.294362	5.91627	0.481418	9.76433	0.744145	13.6979	0.954851	17.6027
0.278353	4.98817	0.0901269	1.79795	0.35793	7.07206	0.507444	9.9493	0.624704	11.2605	0.879989	15.8881	0.298456	5.88829	0.483605	9.62677	0.745652	13.4942	0.955558	17.3183
0.282336	4.97646	0.0922346	1.80642	0.360475	6.9936	0.508913	9.82175	0.626761	11.1109	0.881356	15.6495	0.302562	5.86155	0.485821	9.49479	0.747181	13.2977	0.956282	17.0436
0.286267	4.96424	0.0943422	1.81459	0.363056	6.9186	0.51064	9.68102	0.628574	10.985	0.882742	15.4191	0.306678	5.83596	0.488065	9.36808	0.748731	13.1079	0.957021	16.7781
0.290146	4.95149	0.0964499	1.82246	0.365672	6.8469	0.512413	9.546	0.630135	10.8806	0.884149	15.1963	0.310805	5.81145	0.490338	9.24635	0.750303	12.9246	0.957777	16.5215
0.293968	4.9382	0.0985572	1.83007	0.368326	6.77835	0.51423	9.41642	0.631436	10.7964	0.885576	14.981	0.314941	5.78795	0.492639	9.12934	0.751896	12.7475	0.958549	16.2733
0.297733	4.92437	0.100664	1.83741	0.371019	6.7128	0.516093	9.292	0.632471	10.7311	0.887023	14.7726	0.319085	5.7654	0.494967	9.01679	0.753509	12.5762	0.959337	16.0331
0.301437	4.90998	0.102771	1.84449	0.373752	6.65015	0.518001	9.17249	0.633236	10.6837	0.88849	14.5709	0.323238	5.74374	0.497321	8.90849	0.755144	12.4105	0.960142	15.8005
0.30508	4.89504	0.104878	1.85134	0.376526	6.59025	0.519955	9.05766	0.633727	10.6537	0.889976	14.3757	0.327398	5.72292	0.499702	8.8042	0.756799	12.2501	0.960964	15.5752
0.30866	4.87953	0.106984	1.85797	0.379342	6.53301	0.521955	8.94729	0.634435	10.611	0.891482	14.1865	0.331565	5.70288	0.502109	8.70373	0.758475	12.0948	0.961803	15.3569
0.312175	4.86345	0.10909	1.86437	0.382202	6.47832	0.524001	8.84116	0.635208	10.5652	0.893007	14.0031	0.335738	5.68358	0.504542	8.6069	0.760171	11.9444	0.962658	15.1453
0.315623	4.84682	0.111195	1.87057	0.385108	6.42609	0.526093	8.73908	0.636264	10.5037	0.894551	13.8254	0.339917	5.66497	0.506999	8.51351	0.761887	11.7987	0.963531	14.94
0.318573	4.83188	0.1133	1.87656	0.38806	6.37622	0.528231	8.64086	0.637608	10.4273	0.896115	13.6529	0.344101	5.64701	0.509482	8.42341	0.763623	11.6574	0.964421	14.7409
0.321046	4.81881	0.115404	1.88237	0.39106	6.32863	0.530415	8.54633	0.639245	10.3371	0.897698	13.4856	0.348289	5.62966	0.511988	8.33644	0.765378	11.5203	0.965328	14.5476
0.323063	4.80778	0.117508	1.888	0.394109	6.28324	0.532645	8.45533	0.641182	10.2341	0.8993	13.3232	0.352481	5.6129	0.514519	8.25245	0.767154	11.3873	0.966253	14.3599
0.324639	4.79892	0.119612	1.89345	0.397209	6.23996	0.534921	8.3677	0.643427	10.1194	0.90092	13.1655	0.356676	5.59667	0.517073	8.1713	0.768717	11.2747	0.967195	14.1776
0.325788	4.79233	0.121715	1.89873	0.400359	6.19873	0.537242	8.28329	0.645696	10.0084	0.90256	13.0123	0.360875	5.58096	0.51965	8.09287	0.77006	11.1809	0.968155	14.0004
0.326518	4.78807	0.123817	1.90386	0.403562	6.15946	0.539609	8.20195	0.647987	9.90097	0.904218	12.8634	0.365075	5.56573	0.52225	8.01704	0.77118	11.1048	0.969133	13.8283
0.327562	4.78191	0.125919	1.90883	0.406817	6.12208	0.542021	8.12357	0.650301	9.79686	0.905894	12.7187	0.369278	5.55095	0.524872	7.94368	0.77207	11.0457	0.970129	13.6609
0.328688	4.77515	0.128021	1.91366	0.410125	6.08653	0.544478	8.04801	0.652638	9.69597	0.907589	12.5779	0.373482	5.5366	0.527516	7.87269	0.772727	11.0027	0.971144	13.4981
0.330204	4.76585	0.130121	1.91835	0.413487	6.05273	0.546979	7.97515	0.654997	9.59816	0.909302	12.441	0.377686	5.52265	0.530183	7.80396	0.773149	10.9754	0.972176	13.3397
0.332099	4.75393	0.132222	1.9229	0.416901	6.0206	0.549524	7.90488	0.657378	9.50331	0.911033	12.3078	0.381891	5.50908	0.53287	7.73741	0.773757	10.9365	0.973227	13.1855
0.334356	4.73928	0.134322	1.92733	0.420369	5.99009	0.552114	7.83709	0.659781	9.41129	0.912782	12.1782	0.386096	5.49587	0.535578	7.67293	0.774421	10.8947	0.974296	13.0355
0.336955	4.72178	0.136421	1.93163	0.423889	5.96111	0.554746	7.77168	0.662206	9.32198	0.914549	12.0519	0.3903	5.483	0.538307	7.61045	0.775327	10.8384	0.975384	12.8894
0.339873	4.70129	0.13852	1.93581	0.427462	5.9336	0.557422	7.70855	0.664652	9.23529	0.916334	11.929	0.394503	5.47044	0.541057	7.54987	0.776479	10.7684	0.976491	12.747
0.342724	4.6804	0.140618	1.93987	0.431085	5.90749	0.56014	7.6476	0.667119	9.1511	0.918136	11.8092	0.398704	5.45818	0.543826	7.49113	0.777882	10.6853	0.977617	12.6084
0.345508	4.65914	0.142716	1.94383	0.434757	5.88271	0.5629	7.58875	0.669607	9.06932	0.919956	11.6925	0.402903	5.4462	0.546616	7.43414	0.779541	10.5899	0.978762	12.4733
0.348227	4.63754	0.144814	1.94768	0.438479	5.8592	0.565701	7.53191	0.672115	8.98985	0.921556	11.5932	0.4071	5.43448	0.549425	7.37884	0.781461	10.4833	0.979926	12.3416
0.350883	4.61564	0.14691	1.95143	0.442247	5.83689	0.568543	7.477	0.674645	8.91262	0.92293	11.5103	0.411293	5.42301	0.552253	7.32517	0.7834	10.3796	0.981109	12.2132
0.353476	4.59346	0.149007	1.95508	0.446061	5.81571	0.571426	7.42394	0.677194	8.83752	0.924074	11.4429	0.415483	5.41178	0.5551	7.27306	0.785356	10.2787	0.982312	12.0879
0.35601	4.57104	0.151103	1.95864	0.449918	5.7956	0.574347	7.37266	0.679764	8.76449	0.924983	11.3903	0.419669	5.40076	0.557966	7.22244	0.787331	10.1804	0.983534	11.9658
0.358485	4.54841	0.153198	1.96211	0.453818	5.7765	0.577308	7.32309	0.682354	8.69345	0.925653	11.352	0.42385	5.38994	0.560851	7.17327	0.789323	10.0846	0.984776	11.8466
0.360904	4.52561	0.155294	1.96549	0.457757	5.75836	0.580308	7.27515	0.684963	8.62432	0.926084	11.3277	0.428027	5.37932	0.563754	7.12549	0.791332	9.99137	0.985875	11.7451
0.363269	4.50266	0.157388	1.96878	0.461735	5.74111	0.583345	7.22879	0.687592	8.55704	0.926704	11.293	0.432198	5.36887	0.566675	7.07904	0.793359	9.90049	0.986823	11.6603
0.365582	4.4796	0.159483	1.972	0.465749	5.7247	0.586418	7.18394	0.69024	8.49154	0.92738	11.2556	0.436363	5.35859	0.569614	7.03389	0.795403	9.81192	0.987616	11.5912
0.367845	4.45645	0.161576	1.97513	0.469797	5.70907	0.589529	7.14054	0.692908	8.42776	0.928304	11.2053	0.440522	5.34847	0.57257	6.98998	0.797464	9.72557	0.988248	11.5374
0.37006	4.43324	0.16367	1.97819	0.473877	5.69419	0.592675	7.09854	0.695594	8.36563	0.929477	11.1425	0.444673	5.33849	0.575545	6.94727	0.799542	9.64135	0.988715	11.4982
0.372229	4.41001	0.165763	1.98118	0.477988	5.68	0.595856	7.05788	0.6983	8.30511	0.930905	11.0678	0.448818	5.32864	0.578536	6.90571	0.801636	9.55921	0.989016	11.4733
0.374355	4.38677	0.167856	1.9841	0.482128	5.66645	0.599071	7.01851	0.701023	8.24613	0.932591	10.9818	0.452954	5.31892	0.581545	6.86528	0.803747	9.47907	0.98945	11.4377
0.376439	4.36355	0.169948	1.98695	0.486294	5.65351	0.60232	6.98038	0.703766	8.18865	0.934541	10.8854	0.457083	5.30931	0.58457	6.82592	0.805875	9.40087	0.989924	11.3993
0.378483	4.34037	0.17204	1.98973	0.490485	5.64113	0.605602	6.94345	0.706527	8.1326	0.936508	10.7912	0.461202	5.29981	0.587613	6.7876	0.808019	9.32453	0.990574	11.3477
0.380489	4.31725	0.174131	1.99245	0.494699	5.62928	0.608917	6.90766	0.709305	8.07796	0.938491	10.6991	0.465312	5.2904	0.590673	6.7503	0.810179	9.25	0.991402	11.2832
0.382459	4.2942	0.176222	1.99511	0.498935	5.61792	0.612263	6.87297	0.712102	8.02467	0.940491	10.6093	0.469413	5.28107	0.593749	6.71396	0.812354	9.17722	0.992413	11.2064
0.384395	4.27126	0.178313	1.99771	0.503191	5.60701	0.615639	6.83935	0.714917	7.97268	0.942506	10.5214	0.473503	5.27183	0.596841	6.67857	0.814546	9.10614	0.993614	11.118
0.386299	4.24843	0.180404	2.00025	0.507465	5.59654	0.619046	6.80674	0.71775	7.92196	0.944537	10.4355	0.477582	5.26266	0.599951	6.6441	0.816754	9.03669	0.995012	11.0188
0.388172	4.22573	0.182494	2.00274	0.511756	5.58646	0.622483	6.77512	0.7206	7.87246	0.946585	10.3516	0.48165	5.25355	0.603076	6.6105	0.818976	8.96883	0.99643	10.9218
0.390015	4.20317	0.184584	2.00517	0.516062	5.57675	0.625948	6.74444	0.723467	7.82415	0.948648	10.2695	0.485706	5.24449	0.606218	6.57777	0.821215	8.90251	0.997869	10.827
0.391831	4.18076	0.186674	2.00755	0.520383	5.56739	0.629442	6.71468	0.726352	7.77698	0.950726	10.1893	0.48975	5.23549	0.609376	6.54586	0.823469	8.83768	0.999329	10.7344
0.393621	4.15851	0.188763	2.00988	0.524717	5.55835	0.632963	6.68579	0.729254	7.73094	0.95282	10.1107	0.493781	5.22652	0.612551	6.51476	0.825738	8.7743	1.00081	10.6437
0.395386	4.13645	0.190852	2.01216	0.529062	5.5496	0.636511	6.65775	0.732174	7.68597	0.954929	10.0339	0.497799	5.21759	0.615741	6.48444	0.828022	8.71231		
0.397128	4.11456	0.192941	2.0144	0.533417	5.54114	0.640086	6.63052	0.73511	7.64205	0.957054	9.95876	0.501803	5.2087	0.618948	6.45487	0.830321	8.65169		
0.398847	4.09286	0.195029	2.01659	0.537782	5.53293	0.643686	6.60408	0.738063	7.59915	0.959193	9.88519	0.505792	5.19982	0.622171	6.42604	0.832635	8.59238		
0.400545	4.07137	0.197117	2.01873	0.542156	5.52497	0.647311	6.57839	0.741033	7.55723	0.961348	9.81317	0.509767	5.19096	0.625409	6.39793	0.834963	8.53436		
0.402224	4.05007	0.199205	2.02083	0.546536	5.51722	0.650961	6.55343	0.744019	7.51627	0.963517	9.74265	0.513726	5.18211	0.628664	6.37051	0.837306	8.47758		
0.403883	4.02899	0.201293	2.02289	0.550923	5.50969	0.654634	6.52917	0.747023	7.47624	0.965701	9.67361	0.51767	5.17327	0.631935	6.34376	0.839664	8.422		
0.405526	4.00812	0.20338	2.02491	0.555315	5.50234	0.658331	6.50559	0.750042	7.43712	0.9679	9.60598	0.521597	5.16443	0.635222	6.31767	0.842036	8.3676		
0.407151	3.98746	0.205467	2.02689	0.559712	5.49518	0.66205	6.48266	0.753079	7.39887	0.970114	9.53973	0.525507	5.15558	0.638525	6.29221	0.844423	8.31433		
0.408761	3.96703	0.207554	2.02883	0.564112	5.48818	0.665792	6.46035	0.756131	7.36147	0.972341	9.47483	0.529399	5.14673	0.641844	6.26738	0.846823	8.26218		
0.410356	3.94682	0.209641	2.03073	0.568515	5.48133	0.669555	6.43866	0.7592	7.32491	0.974583	9.41124	0.533274	5.13786	0.645179	6.24315	0.849238	8.21109		
0.411936	3.92684	0.211727	2.03259	0.572921	5.47463	0.673339	6.41755	0.762285	7.28915	0.976839	9.34891	0.537131	5.12898	0.648531	6.2195	0.851667	8.16106		
0.413504	3.90708	0.213814	2.03443	0.577328	5.46805	0.677143	6.39701	0.765386	7.25418	0.97911	9.28782	0.540968	5.12007	0.651898	6.19643	0.854109	8.11204		
0.41506	3.88755	0.215899	2.03622	0.581735	5.4616	0.680968	6.37701	0.768504	7.21997	0.981394	9.22793	0.544786	5.11114	0.655281	6.17391	0.856566	8.06401		
0.416603	3.86826	0.217985	2.03799	0.586142	5.45526	0.684812	6.35753	0.771637	7.18651	0.983692	9.16921	0.548585	5.10218	0.658681	6.15194	0.859036	8.01695		
0.418136	3.84919	0.220071	2.03972	0.590549	5.44903	0.688674	6.33857	0.774787	7.15376	0.986003	9.11163	0.552363	5.09318	0.662096	6.13049	0.86152	7.97082		
0.419659	3.83035	0.222156	2.04142	0.594955	5.44289	0.692555	6.32009	0.777952	7.12173	0.988329	9.05515	0.55612	5.08415	0.665528	6.10956	0.864017	7.92561		
0.421172	3.81175	0.224241	2.04309	0.599358	5.43683	0.696454	6.30209	0.781134	7.09038	0.990667	8.99975	0.559856	5.07508	0.668976	6.08914	0.866528	7.88129		
0.422676	3.79337	0.226326	2.04473	0.60376	5.43086	0.700371	6.28454	0.784332	7.0597	0.993019	8.94541	0.563571	5.06596	0.67244	6.0692	0.869053	7.83783		
0.424171	3.77523	0.228411	2.04634	0.608158	5.42495	0.704304	6.26744	0.787545	7.02967	0.995385	8.89209	0.567263	5.0568	0.67592	6.04973	0.87159	7.79522		
0.425659	3.75731	0.230496	2.04792	0.612553	5.41912	0.708253	6.25076	0.790775	7.00028	0.997763	8.83976	0.570933	5.0476	0.679416	6.03074	0.874141	7.75343		
0.427139	3.73962	0.23258	2.04947	0.616944	5.41335	0.712219	6.2345	0.79402	6.97151	1.00015	8.78841	0.574581	5.03834	0.682929	6.01219	0.876706	7.71244		
0.428612	3.72216	0.234665	2.051	0.62133	5.40762	0.7162	6.21863	0.797282	6.94335			0.578205	5.02903	0.686457	5.99409	0.879283	7.67223		
0.430079	3.70492	0.236749	2.0525	0.625711	5.40195	0.720196	6.20314	0.800559	6.91578			0.581805	5.01967	0.690002	5.97642	0.881874	7.63278		
0.43154	3.68791	0.238833	2.05398	0.630087	5.39633	0.724207	6.18803	0.803853	6.88878			0.585382	5.01025	0.693562	5.95917	0.884477	7.59408		
0.432996	3.67112	0.240916	2.05543	0.634457	5.39074	0.728231	6.17327	0.807162	6.86235			0.588934	5.00078	0.697138	5.94232	0.887094	7.5561		
0.434446	3.65454	0.243	2.05686	0.638821	5.38518	0.73227	6.15886	0.810487	6.83647			0.592462	4.99125	0.70073	5.92588	0.889724	7.51883		
0.435891	3.63819	0.245083	2.05826	0.643178	5.37966	0.736322	6.14479	0.813829	6.81113			0.595965	4.98166	0.704338	5.90983	0.892366	7.48225		
0.437333	3.62205	0.247167	2.05964	0.647528	5.37416	0.740386	6.13104	0.817187	6.78632			0.599443	4.97201	0.707962	5.89415	0.895022	7.44634		
0.43877	3.60613	0.24925	2.061	0.65187	5.36869	0.744463	6.1176	0.82056	6.76201			0.602896	4.9623	0.711601	5.87885	0.89769	7.41109		
0.440203	3.59042	0.251333	2.06233	0.656205	5.36323	0.748552	6.10446	0.823951	6.73822			0.606323	4.95253	0.715255	5.86391	0.900371	7.37649		
0.441633	3.57491	0.253416	2.06365	0.660531	5.35779	0.752652	6.09162	0.827357	6.71491			0.609725	4.9427	0.718925	5.84931	0.903064	7.34251		
0.443061	3.55962	0.255499	2.06494	0.664848	5.35236	0.756763	6.07905	0.83078	6.69209			0.613101	4.93281	0.72261	5.83506	0.90577	7.30914		
0.444485	3.54453	0.257581	2.06621	0.669157	5.34694	0.760885	6.06676	0.834219	6.66973			0.616451	4.92286	0.72631	5.82114	0.908489	7.27638		
0.445907	3.52964	0.259664	2.06747	0.673456	5.34153	0.765018	6.05473	0.837674	6.64784			0.619774	4.91285	0.730024	5.80755	0.911221	7.2442		
0.447326	3.51496	0.261746	2.0687	0.677745	5.33612	0.76916	6.04295	0.841147	6.6264			0.623072	4.90278	0.733754	5.79427	0.913965	7.21259		
0.448744	3.50047	0.263828	2.06992	0.682025	5.33071	0.773312	6.03142	0.844635	6.6054			0.626343	4.89265	0.737497	5.7813	0.916721	7.18154		
0.45016	3.48618	0.26591	2.07111	0.686294	5.3253	0.777473	6.02013	0.848141	6.58484			0.629588	4.88246	0.741255	5.76862	0.919491	7.15104		
0.451574	3.47208	0.267992	2.07229	0.690553	5.31988	0.781642	6.00906	0.851664	6.5647			0.632806	4.87222	0.745027	5.75624	0.922272	7.12107		
0.452987	3.45817	0.270074	2.07345	0.6948	5.31446	0.785819	5.99821	0.855203	6.54498			0.635998	4.86192	0.748812	5.74413	0.925066	7.09163		
0.454399	3.44445	0.272156	2.07459	0.699037	5.30903	0.790005	5.98758	0.858759	6.52567			0.639163	4.85156	0.752611	5.7323	0.927872	7.0627		
0.45581	3.43092	0.274237	2.07572	0.703262	5.30359	0.794198	5.97715	0.862333	6.50676			0.642302	4.84115	0.756423	5.72074	0.930691	7.03427		
0.45722	3.41757	0.276319	2.07683	0.707475	5.29814	0.798398	5.96692	0.865924	6.48824			0.645415	4.83069	0.760247	5.70944	0.933522	7.00633		
0.45863	3.40439	0.2784	2.07792	0.711676	5.29267	0.802604	5.95688	0.869532	6.47011			0.648501	4.82018	0.764084	5.69838	0.936365	6.97887		
0.46004	3.3914	0.280482	2.079	0.715865	5.28719	0.806817	5.94702	0.873158	6.45235			0.651562	4.80962	0.767934	5.68757	0.939221	6.95187		
0.461449	3.37859	0.282563	2.08006	0.720041	5.28169	0.811036	5.93734	0.876801	6.43497			0.654596	4.79901	0.771795	5.67699	0.942089	6.92534		
0.462858	3.36594	0.284644	2.08111	0.724204	5.27617	0.81526	5.92784	0.880462	6.41796			0.657604	4.78835	0.775668	5.66665	0.944969	6.89926		
0.464268	3.35347	0.286725	2.08214	0.728355	5.27063	0.819489	5.91849	0.884141	6.4013			0.660586	4.77765	0.779552	5.65652	0.947861	6.87362		
0.465677	3.34117	0.288806	2.08315	0.732492	5.26507	0.823723	5.90931	0.887838	6.38499			0.663542	4.76691	0.783447	5.64661	0.950766	6.84841		
0.467087	3.32903	0.290887	2.08416	0.736615	5.25948	0.827962	5.90028	0.891553	6.36904			0.666473	4.75613	0.787352	5.6369	0.953682	6.82363		
0.468498	3.31706	0.292967	2.08514	0.740725	5.25388	0.832204	5.89139	0.895286	6.35342			0.669378	4.74532	0.791267	5.6274	0.956611	6.79926		
0.469909	3.30525	0.295048	2.08612	0.744821	5.24825	0.83645	5.88265	0.899038	6.33813			0.672258	4.73446	0.795193	5.61809	0.959552	6.77529		
0.471321	3.29359	0.297128	2.08708	0.748902	5.24259	0.840699	5.87405	0.902807	6.32318			0.675113	4.72358	0.799127	5.60897	0.962505	6.75172		
0.472734	3.2821	0.299209	2.08803	0.752969	5.2369	0.844951	5.86557	0.906596	6.30854			0.677944	4.71266	0.803071	5.60002	0.965469	6.72855		
0.474148	3.27076	0.301289	2.08896	0.757022	5.23119	0.849206	5.85722	0.910403	6.29423			0.680749	4.70171	0.807023	5.59126	0.968446	6.70575		
0.475562	3.25957	0.303369	2.08989	0.76106	5.22545	0.853462	5.84899	0.914229	6.28022			0.68353	4.69073	0.810984	5.58266	0.971435	6.68333		
0.476978	3.24853	0.305449	2.0908	0.765082	5.21968	0.857721	5.84089	0.918073	6.26653			0.686288	4.67973	0.814952	5.57423	0.974436	6.66128		
0.478396	3.23763	0.30753	2.0917	0.76909	5.21388	0.861981	5.83289	0.921937	6.25313			0.689021	4.66871	0.818928	5.56595	0.977448	6.63958		
0.479814	3.22689	0.30961	2.09258	0.773082	5.20805	0.866242	5.825	0.925819	6.24003			0.69173	4.65767	0.822911	5.55783	0.980473	6.61824		
0.481234	3.21628	0.31169	2.09346	0.777059	5.20219	0.870504	5.81721	0.92972	6.22722			0.694416	4.6466	0.826901	5.54985	0.983509	6.59725		
0.482656	3.20582	0.313769	2.09432	0.78102	5.1963	0.874767	5.80953	0.933641	6.2147			0.697079	4.63552	0.830897	5.54202	0.986557	6.57659		
0.484079	3.1955	0.315849	2.09517	0.784966	5.19037	0.87903	5.80194	0.937581	6.20246			0.699719	4.62443	0.834899	5.53432	0.989617	6.55627		
0.485503	3.18531	0.317929	2.09602	0.788895	5.18442	0.883293	5.79444	0.94154	6.19049			0.702337	4.61332	0.838906	5.52675	0.992689	6.53627		
0.48693	3.17526	0.320008	2.09685	0.792809	5.17843	0.887555	5.78703	0.945518	6.1788			0.704932	4.6022	0.842919	5.51931	0.995772	6.5166		
0.488358	3.16534	0.322088	2.09767	0.796706	5.17241	0.891817	5.77971	0.949516	6.16737			0.707505	4.59107	0.846936	5.51199	0.998867	6.49724		
0.489788	3.15556	0.324167	2.09848	0.800587	5.16635	0.896078	5.77247	0.953532	6.15621			0.710056	4.57994	0.850958	5.50478	1.00197	6.47819		
0.49122	3.1459	0.326247	2.09928	0.804451	5.16026	0.900338	5.76531	0.957568	6.1453			0.712586	4.5688	0.854984	5.49769				
0.492653	3.13637	0.328326	2.10007	0.808299	5.15414	0.904597	5.75823	0.961624	6.13465			0.715094	4.55766	0.859013	5.4907				
0.494089	3.12696	0.330405	2.10085	0.81213	5.14799	0.908854	5.75122	0.965698	6.12424			0.717582	4.54651	0.863045	5.48382				
0.495527	3.11768	0.332485	2.10162	0.815945	5.1418	0.913109	5.74428	0.969792	6.11407			0.720049	4.53537	0.867081	5.47704				
0.496967	3.10851	0.334564	2.10238	0.819742	5.13558	0.917363	5.73741	0.973905	6.10415			0.722496	4.52423	0.871119	5.47035				
0.498409	3.09947	0.336643	2.10313	0.823523	5.12933	0.921614	5.7306	0.978036	6.09446			0.724923	4.5131	0.875159	5.46375				
0.499853	3.09055	0.338722	2.10387	0.827286	5.12304	0.925863	5.72387	0.982187	6.08499			0.72733	4.50197	0.879201	5.45724				
0.5013	3.08174	0.340801	2.1046	0.831033	5.11672	0.93011	5.71719	0.986357	6.07575			0.729717	4.49085	0.883244	5.45082				
0.502748	3.07304	0.34288	2.10533	0.834762	5.11036	0.934354	5.71057	0.990545	6.06674			0.732085	4.47974	0.887288	5.44447				
0.504199	3.06446	0.344958	2.10604	0.838474	5.10397	0.938595	5.70401	0.994752	6.05793			0.734435	4.46864	0.891333	5.4382				
0.505652	3.05598	0.347037	2.10675	0.842169	5.09755	0.942833	5.69751	0.998977	6.04934			0.736766	4.45755	0.895379	5.43201				
0.507108	3.04762	0.349116	2.10745	0.845846	5.0911	0.947069	5.69106	1.00322	6.04095			0.739078	4.44648	0.899424	5.42588				
0.508566	3.03936	0.351195	2.10814	0.849506	5.08462	0.951301	5.68467					0.741373	4.43542	0.903469	5.41982				
0.510026	3.03121	0.353273	2.10883	0.853149	5.0781	0.955531	5.67833					0.74365	4.42438	0.907514	5.41382				
0.511489	3.02317	0.355352	2.1095	0.856774	5.07155	0.959757	5.67204					0.74591	4.41336	0.911557	5.40789				
0.512954	3.01522	0.35743	2.11017	0.860381	5.06497	0.96398	5.6658					0.748152	4.40236	0.915599	5.40201				
0.514422	3.00738	0.359509	2.11083	0.863971	5.05836	0.968199	5.65961					0.750378	4.39138	0.91964	5.39618				
0.515892	2.99964	0.361587	2.11148	0.867544	5.05172	0.972415	5.65346					0.752587	4.38043	0.923678	5.39041				
0.517365	2.99199	0.363665	2.11213	0.871099	5.04506	0.976628	5.64737					0.75478	4.36949	0.927715	5.38469				
0.51884	2.98444	0.365744	2.11276	0.874637	5.03836	0.980838	5.64131					0.756956	4.35859	0.931748	5.37901				
0.520317	2.97698	0.367822	2.11339	0.878157	5.03163	0.985044	5.63531					0.759117	4.34771	0.935779	5.37338				
0.521798	2.96962	0.3699	2.11402	0.881659	5.02487	0.989246	5.62934					0.761263	4.33685	0.939807	5.36779				
0.52328	2.96235	0.371978	2.11463	0.885144	5.01809	0.993445	5.62342					0.763394	4.32603	0.943831	5.36224				
0.524766	2.95518	0.374056	2.11524	0.888611	5.01128	0.997641	5.61755					0.765509	4.31523	0.947852	5.35673				
0.526254	2.94809	0.376134	2.11585	0.892061	5.00444	1.00183	5.61171					0.76761	4.30447	0.951868	5.35125				
0.527744	2.94109	0.378212	2.11644	0.895494	4.99757							0.769697	4.29374	0.95588	5.34581				
0.529237	2.93417	0.38029	2.11703	0.898909	4.99068							0.77177	4.28304	0.959888	5.34039				
0.530733	2.92734	0.382368	2.11762	0.902307	4.98376							0.773828	4.27237	0.963891	5.33501				
0.532231	2.9206	0.384446	2.1182	0.905687	4.97682							0.775873	4.26174	0.967888	5.32965				
0.533732	2.91394	0.386524	2.11877	0.90905	4.96986							0.777905	4.25115	0.97188	5.32432				
0.535236	2.90736	0.388601	2.11933	0.912396	4.96287							0.779924	4.24059	0.975867	5.31901				
0.536742	2.90086	0.390679	2.11989	0.915724	4.95586							0.78193	4.23007	0.979847	5.31372				
0.538251	2.89444	0.392757	2.12045	0.919035	4.94883							0.783923	4.21958	0.983822	5.30845				
0.539762	2.8881	0.394834	2.121	0.92233	4.94177							0.785905	4.20914	0.98779	5.3032				
0.541276	2.88183	0.396912	2.12154	0.925607	4.9347							0.787874	4.19873	0.991751	5.29797				
0.542793	2.87564	0.398989	2.12207	0.928867	4.9276							0.789831	4.18837	0.995706	5.29275				
0.544312	2.86953	0.401067	2.12261	0.93211	4.92049							0.791776	4.17804	0.999653	5.28755				
0.545834	2.86349	0.403144	2.12313	0.935336	4.91335							0.79371	4.16776	1.00359	5.28236				
0.547359	2.85752	0.405222	2.12365	0.938546	4.9062							0.795634	4.15752						
0.548886	2.85162	0.407299	2.12417	0.941738	4.89903							0.797546	4.14732						
0.550416	2.84579	0.409376	2.12468	0.944914	4.89184							0.799447	4.13716						
0.551949	2.84004	0.411454	2.12518	0.948074	4.88464							0.801338	4.12705						
0.553484	2.83435	0.413531	2.12568	0.951217	4.87742							0.803219	4.11698						
0.555022	2.82873	0.415608	2.12618	0.954343	4.87018							0.805089	4.10695						
0.556562	2.82317	0.417685	2.12667	0.957453	4.86293							0.80695	4.09697						
0.558105	2.81768	0.419762	2.12715	0.960547	4.85567							0.808801	4.08704						
0.559651	2.81226	0.421839	2.12763	0.963624	4.84839							0.810643	4.07715						
0.561199	2.8069	0.423917	2.12811	0.966686	4.8411							0.812476	4.06731						
0.56275	2.8016	0.425994	2.12858	0.969731	4.8338							0.814299	4.05751						
0.564303	2.79636	0.428071	2.12904	0.972761	4.82648							0.816114	4.04776						
0.565859	2.79119	0.430148	2.12951	0.975774	4.81916							0.81792	4.03806						
0.567418	2.78607	0.432224	2.12996	0.978772	4.81182							0.819718	4.02841						
0.568979	2.78101	0.434301	2.13042	0.981754	4.80447							0.821507	4.0188						
0.570543	2.77601	0.436378	2.13087	0.98472	4.79712							0.823288	4.00924						
0.572109	2.77107	0.438455	2.13131	0.987671	4.78975							0.825062	3.99973						
0.573678	2.76619	0.440532	2.13175	0.990607	4.78238							0.826827	3.99027						
0.57525	2.76136	0.442609	2.13219	0.993527	4.775							0.828586	3.98085						
0.576824	2.75659	0.444685	2.13262	0.996432	4.76762							0.830336	3.97148						
0.5784	2.75187	0.446762	2.13305	0.999321	4.76022							0.83208	3.96217						
0.579979	2.74721	0.448839	2.13347	1.0022	4.75282							0.833816	3.9529						
0.581561	2.74259	0.450915	2.1339									0.835546	3.94368						
0.583145	2.73803	0.452992	2.13431									0.837269	3.93451						
0.584731	2.73352	0.455069	2.13473									0.838986	3.92539						
0.58632	2.72907	0.457145	2.13513									0.840696	3.91632						
0.587912	2.72466	0.459222	2.13554									0.842399	3.9073						
0.589506	2.7203	0.461298	2.13594									0.844097	3.89833						
0.591102	2.71599	0.463375	2.13634									0.845789	3.8894						
0.592701	2.71173	0.465451	2.13674									0.847475	3.88053						
0.594302	2.70751	0.467527	2.13713									0.849155	3.87171						
0.595906	2.70334	0.469604	2.13751									0.85083	3.86293						
0.597512	2.69922	0.47168	2.1379									0.852499	3.85421						
0.599121	2.69514	0.473756	2.13828									0.854163	3.84553						
0.600732	2.69111	0.475833	2.13866									0.855823	3.83691						
0.602345	2.68712	0.477909	2.13903									0.857477	3.82833						
0.603961	2.68318	0.479985	2.1394									0.859126	3.81981						
0.605579	2.67928	0.482061	2.13977									0.86077	3.81133						
0.607199	2.67542	0.484138	2.14014									0.86241	3.8029						
0.608822	2.6716	0.486214	2.1405									0.864046	3.79453						
0.610447	2.66782	0.48829	2.14086									0.865677	3.7862						
0.612074	2.66409	0.490366	2.14121									0.867303	3.77792						
0.613704	2.66039	0.492442	2.14157									0.868926	3.76969						
0.615336	2.65674	0.494518	2.14192									0.870545	3.7615						
0.61697	2.65312	0.496594	2.14226									0.872159	3.75337						
0.618606	2.64954	0.49867	2.14261									0.87377	3.74529						
0.620245	2.646	0.500746	2.14295									0.875377	3.73725						
0.621886	2.6425	0.502822	2.14329									0.876981	3.72926						
0.623529	2.63903	0.504898	2.14362									0.878581	3.72132						
0.625174	2.6356	0.506974	2.14396									0.880177	3.71343						
0.626822	2.63221	0.50905	2.14429									0.881771	3.70559						
0.628472	2.62885	0.511126	2.14461									0.883361	3.69779						
0.630124	2.62553	0.513202	2.14494									0.884948	3.69004						
0.631778	2.62224	0.515277	2.14526									0.886532	3.68234						
0.633434	2.61899	0.517353	2.14558									0.888113	3.67469						
0.635093	2.61577	0.519429	2.1459									0.889691	3.66708						
0.636753	2.61258	0.521505	2.14621									0.891267	3.65952						
0.638416	2.60943	0.523581	2.14652									0.892839	3.65201						
0.640081	2.60631	0.525656	2.14683									0.89441	3.64454						
0.641748	2.60322	0.527732	2.14714									0.895977	3.63712						
0.643417	2.60017	0.529808	2.14745									0.897542	3.62975						
0.645088	2.59714	0.531883	2.14775									0.899105	3.62242						
0.646761	2.59415	0.533959	2.14805									0.900666	3.61514						
0.648436	2.59118	0.536035	2.14835									0.902224	3.6079						
0.650113	2.58825	0.53811	2.14864									0.903781	3.60071						
0.651793	2.58534	0.540186	2.14893									0.905335	3.59356						
0.653474	2.58247	0.542261	2.14922									0.906887	3.58646						
0.655157	2.57962	0.544337	2.14951									0.908438	3.5794						
0.656843	2.57681	0.546412	2.1498									0.909986	3.57239						
0.65853	2.57402	0.548488	2.15008									0.911533	3.56542						
0.660219	2.57126	0.550563	2.15037									0.913078	3.55849						
0.66191	2.56852	0.552639	2.15065									0.914621	3.55161						
0.663603	2.56582	0.554714	2.15092									0.916163	3.54478						
0.665299	2.56314	0.556789	2.1512									0.917703	3.53798						
0.666996	2.56048	0.558865	2.15147									0.919242	3.53123						
0.668695	2.55786	0.56094	2.15175									0.920779	3.52452						
0.670395	2.55526	0.563016	2.15202									0.922315	3.51785						
0.672098	2.55268	0.565091	2.15228									0.92385	3.51123						
0.673803	2.55013	0.567166	2.15255									0.925383	3.50465						
0.675509	2.54761	0.569242	2.15281									0.926915	3.49811						
0.677217	2.54511	0.571317	2.15307									0.928447	3.49161						
0.678928	2.54263	0.573392	2.15333									0.929977	3.48515						
0.68064	2.54018	0.575467	2.15359									0.931506	3.47874						
0.682353	2.53775	0.577543	2.15385									0.933034	3.47236						
0.684069	2.53535	0.579618	2.1541									0.934561	3.46603						
0.685786	2.53296	0.581693	2.15436									0.936087	3.45973						
0.687506	2.53061	0.583768	2.15461									0.937612	3.45348						
0.689227	2.52827	0.585843	2.15486									0.939137	3.44726						
0.690949	2.52596	0.587918	2.1551									0.940661	3.44109						
0.692674	2.52367	0.589993	2.15535									0.942184	3.43495						
0.6944	2.5214	0.592069	2.15559									0.943706	3.42886						
0.696128	2.51915	0.594144	2.15584									0.945228	3.4228						
0.697858	2.51692	0.596219	2.15608									0.94675	3.41678						
0.699589	2.51472	0.598294	2.15631									0.94827	3.4108						
0.701322	2.51253	0.600369	2.15655									0.949791	3.40486						
0.703057	2.51037	0.602444	2.15679									0.95131	3.39895						
0.704794	2.50822	0.604519	2.15702									0.95283	3.39309						
0.706532	2.5061	0.606594	2.15725									0.954349	3.38726						
0.708272	2.504	0.608669	2.15748									0.955867	3.38147						
0.710013	2.50191	0.610744	2.15771									0.957386	3.37571						
0.711756	2.49985	0.612819	2.15794									0.958904	3.36999						
0.713501	2.4978	0.614893	2.15817									0.960421	3.36431						
0.715248	2.49577	0.616968	2.15839									0.961939	3.35866						
0.716996	2.49377	0.619043	2.15861									0.963456	3.35305						
0.718745	2.49178	0.621118	2.15883									0.964974	3.34748						
0.720496	2.48981	0.623193	2.15905									0.966491	3.34194						
0.722249	2.48785	0.625268	2.15927									0.968008	3.33644						
0.724004	2.48592	0.627343	2.15949									0.969525	3.33097						
0.725759	2.484	0.629417	2.15971									0.971042	3.32554						
0.727517	2.4821	0.631492	2.15992									0.972559	3.32014						
0.729276	2.48022	0.633567	2.16013									0.974076	3.31477						
0.731036	2.47835	0.635642	2.16034									0.975593	3.30944						
0.732798	2.4765	0.637716	2.16055									0.97711	3.30415						
0.734562	2.47467	0.639791	2.16076									0.978627	3.29889						
0.736327	2.47286	0.641866	2.16097									0.980144	3.29366						
0.738094	2.47106	0.643941	2.16117									0.981662	3.28846						
0.739862	2.46927	0.646015	2.16138									0.98318	3.2833						
0.741631	2.46751	0.64809	2.16158									0.984697	3.27817						
0.743402	2.46576	0.650165	2.16178									0.986216	3.27307						
0.745175	2.46402	0.652239	2.16198									0.987734	3.268						
0.746949	2.4623	0.654314	2.16218									0.989253	3.26297						
0.748724	2.4606	0.656388	2.16238									0.990772	3.25797						
0.750501	2.45891	0.658463	2.16258									0.992291	3.253						
0.752279	2.45723	0.660537	2.16277									0.99381	3.24806						
0.754058	2.45557	0.662612	2.16297									0.99533	3.24315						
0.755839	2.45393	0.664687	2.16316									0.996851	3.23827						
0.757622	2.45229	0.666761	2.16335									0.998371	3.23343						
0.759406	2.45068	0.668836	2.16354									0.999893	3.22861						
0.761191	2.44907	0.67091	2.16373									1.00141	3.22382						
0.762977	2.44749	0.672985	2.16392																
0.764765	2.44591	0.675059	2.16411																
0.766554	2.44435	0.677134	2.16429																
0.768345	2.4428	0.679208	2.16448																
0.770137	2.44127	0.681282	2.16466																
0.77193	2.43975	0.683357	2.16485																
0.773725	2.43824	0.685431	2.16503																
0.775521	2.43674	0.687506	2.16521																
0.777318	2.43526	0.68958	2.16539																
0.779116	2.43379	0.691654	2.16556																
0.780916	2.43233	0.693729	2.16574																
0.782717	2.43089	0.695803	2.16592																
0.784519	2.42946	0.697877	2.16609																
0.786323	2.42804	0.699952	2.16627																
0.788128	2.42663	0.702026	2.16644																
0.789934	2.42523	0.7041	2.16661																
0.791741	2.42385	0.706175	2.16678																
0.79355	2.42248	0.708249	2.16695																
0.795359	2.42111	0.710323	2.16712																
0.79717	2.41976	0.712397	2.16729																
0.798982	2.41842	0.714471	2.16745																
0.800796	2.4171	0.716546	2.16762																
0.80261	2.41578	0.71862	2.16779																
0.804426	2.41447	0.720694	2.16795																
0.806243	2.41318	0.722768	2.16811																
0.808061	2.4119	0.724842	2.16827																
0.80988	2.41062	0.726917	2.16843																
0.811701	2.40936	0.728991	2.16859																
0.813522	2.40811	0.731065	2.16875																
0.815345	2.40686	0.733139	2.16891																
0.817169	2.40563	0.735213	2.16907																
0.818994	2.40441	0.737287	2.16923																
0.82082	2.4032	0.739361	2.16938																
0.822647	2.40199	0.741435	2.16954																
0.824475	2.4008	0.743509	2.16969																
0.826305	2.39962	0.745583	2.16984																
0.828135	2.39844	0.747657	2.16999																
0.829967	2.39728	0.749731	2.17015																
0.8318	2.39613	0.751805	2.1703																
0.833633	2.39498	0.753879	2.17045																
0.835468	2.39384	0.755953	2.17059																
0.837304	2.39272	0.758027	2.17074																
0.839141	2.3916	0.760101	2.17089																
0.840979	2.39049	0.762175	2.17104																
0.842818	2.38939	0.764249	2.17118																
0.844658	2.3883	0.766323	2.17133																
0.846499	2.38721	0.768397	2.17147																
0.848341	2.38614	0.770471	2.17161																
0.850184	2.38507	0.772545	2.17175																
0.852029	2.38402	0.774618	2.1719																
0.853874	2.38297	0.776692	2.17204																
0.85572	2.38192	0.778766	2.17218																
0.857567	2.38089	0.78084	2.17232																
0.859415	2.37987	0.782914	2.17245																
0.861264	2.37885	0.784987	2.17259																
0.863114	2.37784	0.787061	2.17273																
0.864965	2.37684	0.789135	2.17287																
0.866817	2.37585	0.791209	2.173																
0.86867	2.37486	0.793283	2.17314																
0.870524	2.37388	0.795356	2.17327																
0.872379	2.37291	0.79743	2.1734																
0.874235	2.37195	0.799504	2.17354																
0.876091	2.37099	0.801577	2.17367																
0.877949	2.37004	0.803651	2.1738																
0.879808	2.3691	0.805725	2.17393																
0.881667	2.36817	0.807799	2.17406																
0.883528	2.36724	0.809872	2.17419																
0.885389	2.36632	0.811946	2.17432																
0.887251	2.36541	0.81402	2.17444																
0.889114	2.3645	0.816093	2.17457																
0.890978	2.3636	0.818167	2.1747																
0.892843	2.36271	0.82024	2.17482																
0.894709	2.36182	0.822314	2.17495																
0.896576	2.36094	0.824388	2.17507																
0.898443	2.36007	0.826461	2.1752																
0.900311	2.35921	0.828535	2.17532																
0.902181	2.35835	0.830608	2.17544																
0.904051	2.35749	0.832682	2.17556																
0.905922	2.35665	0.834755	2.17569																
0.907793	2.35581	0.836829	2.17581																
0.909666	2.35497	0.838902	2.17593																
0.91154	2.35414	0.840976	2.17605																
0.913414	2.35332	0.843049	2.17617																
0.915289	2.35251	0.845123	2.17628																
0.917165	2.3517	0.847196	2.1764																
0.919042	2.35089	0.84927	2.17652																
0.920919	2.35009	0.851343	2.17664																
0.922798	2.3493	0.853417	2.17675																
0.924677	2.34851	0.85549	2.17687																
0.926557	2.34773	0.857563	2.17698																
0.928437	2.34696	0.859637	2.1771																
0.930319	2.34619	0.86171	2.17721																
0.932201	2.34543	0.863784	2.17732																
0.934084	2.34467	0.865857	2.17744																
0.935968	2.34391	0.86793	2.17755																
0.937853	2.34317	0.870004	2.17766																
0.939738	2.34242	0.872077	2.17777																
0.941624	2.34169	0.874151	2.17788																
0.943511	2.34096	0.876224	2.17799																
0.945399	2.34023	0.878297	2.1781																
0.947287	2.33951	0.88037	2.17821																
0.949177	2.33879	0.882444	2.17832																
0.951066	2.33808	0.884517	2.17842																
0.952957	2.33738	0.88659	2.17853																
0.954848	2.33668	0.888663	2.17864																
0.956741	2.33598	0.890737	2.17874																
0.958633	2.33529	0.89281	2.17885																
0.960527	2.3346	0.894883	2.17896																
0.962421	2.33392	0.896956	2.17906																
0.964316	2.33325	0.89903	2.17916																
0.966212	2.33257	0.901103	2.17927																
0.968108	2.33191	0.903176	2.17937																
0.970005	2.33124	0.905249	2.17947																
0.971903	2.33059	0.907322	2.17958																
0.973801	2.32993	0.909396	2.17968																
0.975701	2.32929	0.911469	2.17978																
0.9776	2.32864	0.913542	2.17988																
0.979501	2.328	0.915615	2.17998																
0.981402	2.32737	0.917688	2.18008																
0.983304	2.32674	0.919761	2.18018																
0.985206	2.32611	0.921834	2.18028																
0.987109	2.32549	0.923907	2.18038																
0.989013	2.32487	0.92598	2.18048																
0.990918	2.32426	0.928053	2.18057																
0.992823	2.32365	0.930127	2.18067																
0.994729	2.32304	0.9322	2.18077																
0.996635	2.32244	0.934273	2.18086																
0.998542	2.32184	0.936346	2.18096																
1.00045	2.32125	0.938419	2.18105																
		0.940492	2.18115																
		0.942565	2.18124																
		0.944638	2.18134																
		0.946711	2.18143																
		0.948784	2.18152																
		0.950857	2.18162																
		0.95293	2.18171																
		0.955002	2.1818																
		0.957075	2.18189																
		0.959148	2.18198																
		0.961221	2.18207																
		0.963294	2.18217																
		0.965367	2.18226																
		0.96744	2.18234																
		0.969513	2.18243																
		0.971586	2.18252																
		0.973658	2.18261																
		0.975731	2.1827																
		0.977804	2.18279																
		0.979877	2.18287																
		0.98195	2.18296																
		0.984022	2.18305																
		0.986095	2.18313																
		0.988168	2.18322																
		0.990241	2.1833																
		0.992314	2.18339																
		0.994386	2.18347																
		0.996459	2.18356																
		0.998532	2.18364																
		1.0006	2.18372																
