Sym0		Asym0		Sym1		Sym2		Sym3		Sym4		Asym1		Asym2		Asym3		Asym4	
427  Points		528  Points		426  Points		406  Points		353  Points		254  Points		457  Points		401  Points		346  Points		217  Points	
Freq (MHz)	Vgr (m/ms)	Freq (MHz)	Vgr (m/ms)	Freq (MHz)	Vgr (m/ms)	Freq (MHz)	Vgr (m/ms)	Freq (MHz)	Vgr (m/ms)	Freq (MHz)	Vgr (m/ms)	Freq (MHz)	Vgr (m/ms)	Freq (MHz)	Vgr (m/ms)	Freq (MHz)	Vgr (m/ms)	Freq (MHz)	Vgr (m/ms)
0.279509	0.00930798	0.000216679	0.215941	0.27951	0.0113919	0.441152	0.00877957	0.559017	0.00877833	0.838526	0.00335091	0.139763	0.0731811	0.419267	0.0168182	0.698772	0.00674495	0.882305	0.00824474
0.279518	0.014666	0.00041787	0.250609	0.279521	0.0168391	0.44116	0.0150815	0.559026	0.0146721	0.838529	0.00645111	0.139832	0.108818	0.419283	0.0229851	0.698778	0.00991168	0.882313	0.0113535
0.279536	0.0254665	0.000683661	0.319602	0.279541	0.0276877	0.44118	0.0276154	0.559045	0.0264207	0.838538	0.0126023	0.139966	0.179838	0.41931	0.0352603	0.698791	0.0161892	0.882326	0.0175304
0.279565	0.0363011	0.00101341	0.387789	0.279572	0.0384719	0.441211	0.0400854	0.559075	0.0381993	0.838552	0.0187523	0.140167	0.250396	0.419348	0.047506	0.698809	0.0224455	0.882345	0.0237317
0.279604	0.0471302	0.00140626	0.454875	0.279613	0.0492735	0.441255	0.0525742	0.559116	0.0499645	0.838572	0.0249	0.140433	0.320246	0.419398	0.0597661	0.698833	0.0287324	0.88237	0.0299821
0.279653	0.0579488	0.00186102	0.520786	0.279664	0.0601102	0.441309	0.0651007	0.559168	0.0617028	0.838599	0.031043	0.140763	0.389194	0.41946	0.0720547	0.698862	0.0350073	0.882401	0.0361841
0.279712	0.068746	0.00237669	0.585371	0.279725	0.0709438	0.441376	0.0776292	0.559231	0.0734607	0.83863	0.0371766	0.141158	0.457144	0.419533	0.0843273	0.698898	0.0412584	0.882438	0.0423625
0.279781	0.0795738	0.0029518	0.648476	0.279796	0.0817712	0.441454	0.0900887	0.559305	0.0851845	0.838668	0.0432916	0.141615	0.523904	0.419617	0.0965677	0.698939	0.0475351	0.88248	0.0485669
0.27986	0.0903897	0.00358505	0.710015	0.279878	0.092586	0.441544	0.102556	0.55939	0.0969134	0.838711	0.0494424	0.142134	0.589309	0.419713	0.108817	0.698986	0.0537896	0.882528	0.0547502
0.27995	0.101182	0.00427483	0.769884	0.279969	0.103376	0.441645	0.115041	0.559485	0.108652	0.83876	0.0555916	0.142713	0.653248	0.41982	0.121085	0.699039	0.0600729	0.882582	0.0609643
0.280049	0.111999	0.00501965	0.828026	0.28007	0.114189	0.441758	0.127485	0.559592	0.120412	0.838815	0.0617378	0.143351	0.715647	0.419938	0.133315	0.699098	0.0663408	0.882642	0.0671671
0.280158	0.122793	0.00581777	0.884397	0.280182	0.124975	0.441883	0.139922	0.55971	0.132138	0.838875	0.0678778	0.144047	0.776358	0.420068	0.145544	0.699163	0.0725778	0.882707	0.073347
0.280278	0.133615	0.00666762	0.938912	0.280303	0.135781	0.442019	0.152345	0.559838	0.143799	0.838941	0.0740055	0.144798	0.835379	0.420209	0.15777	0.699233	0.0788993	0.882779	0.0795544
0.280407	0.14442	0.00756733	0.991545	0.280435	0.146626	0.442167	0.16474	0.559978	0.155475	0.839013	0.0801085	0.145604	0.892555	0.420362	0.169919	0.69931	0.0851703	0.882856	0.0857437
0.280547	0.155189	0.00851526	1.04232	0.280576	0.157402	0.442326	0.177151	0.560128	0.167183	0.83909	0.0862355	0.146461	0.947949	0.420526	0.182131	0.699392	0.0914135	0.882938	0.0919699
0.280696	0.166033	0.00950957	1.09121	0.280728	0.168189	0.442497	0.189524	0.560289	0.178878	0.839174	0.0924102	0.14725	0.994789	0.420701	0.194324	0.69948	0.0976743	0.883027	0.0981234
0.280856	0.176809	0.0105486	1.13823	0.28089	0.178997	0.442679	0.20189	0.560461	0.190551	0.839263	0.0985342	0.147952	1.03353	0.420888	0.206477	0.699574	0.103897	0.883121	0.104278
0.281026	0.187595	0.0116305	1.18342	0.281061	0.189772	0.442873	0.214246	0.560644	0.202178	0.839357	0.10463	0.148553	1.06483	0.421086	0.218627	0.699674	0.11019	0.883221	0.110509
0.281206	0.198399	0.0127538	1.22677	0.281243	0.200555	0.443078	0.226505	0.560838	0.213786	0.839458	0.110742	0.14904	1.08899	0.421296	0.230767	0.69978	0.116478	0.883327	0.116671
0.281396	0.209168	0.0139165	1.26828	0.281435	0.211354	0.443295	0.238792	0.561043	0.22543	0.839564	0.116887	0.149406	1.10655	0.421516	0.24289	0.699891	0.122681	0.883439	0.122843
0.281596	0.21994	0.0151171	1.3081	0.281637	0.222114	0.443523	0.251062	0.561258	0.237072	0.839675	0.123025	0.149642	1.11762	0.421748	0.254978	0.700008	0.128936	0.883556	0.129034
0.281805	0.230716	0.016354	1.34621	0.281849	0.232866	0.443763	0.263297	0.561484	0.248638	0.839793	0.129148	0.149987	1.13338	0.421991	0.267068	0.700131	0.135218	0.883679	0.135192
0.282025	0.241502	0.0176256	1.38265	0.282071	0.243677	0.444014	0.275536	0.561721	0.260198	0.839916	0.135243	0.150367	1.15032	0.422246	0.279091	0.70026	0.141485	0.883808	0.141355
0.282255	0.252235	0.0189304	1.41745	0.282303	0.254459	0.444276	0.287708	0.561969	0.271745	0.840045	0.141353	0.150893	1.17279	0.422511	0.291124	0.700395	0.14772	0.883942	0.147528
0.282495	0.263007	0.0202669	1.45072	0.282545	0.265184	0.44455	0.299822	0.562228	0.283268	0.840179	0.147494	0.151572	1.20066	0.422788	0.303179	0.700535	0.153965	0.884083	0.153648
0.282746	0.273785	0.0216337	1.48255	0.282797	0.275939	0.444835	0.311964	0.562497	0.294813	0.84032	0.15355	0.152415	1.23351	0.423076	0.315203	0.700682	0.160228	0.884229	0.15981
0.283006	0.284501	0.0230294	1.51289	0.283059	0.286684	0.445131	0.324091	0.562777	0.306331	0.840465	0.159657	0.153431	1.27075	0.423376	0.327167	0.700834	0.166456	0.884381	0.165982
0.283276	0.295239	0.0244528	1.54184	0.283331	0.297407	0.445439	0.336112	0.563068	0.317796	0.840617	0.165791	0.154635	1.31189	0.423686	0.339082	0.700992	0.172686	0.884538	0.1721
0.283556	0.306021	0.0259025	1.56949	0.283614	0.30816	0.445757	0.348143	0.563369	0.329226	0.840774	0.171908	0.155876	1.35131	0.424007	0.351048	0.701156	0.178921	0.884701	0.178257
0.283846	0.316747	0.0273773	1.59586	0.283906	0.318899	0.446087	0.36012	0.563681	0.34066	0.840937	0.177988	0.157153	1.38904	0.42434	0.362969	0.701325	0.185164	0.88487	0.184419
0.284146	0.327431	0.0288762	1.621	0.284168	0.328253	0.446429	0.372063	0.564004	0.352102	0.841106	0.18407	0.158464	1.42519	0.424684	0.374798	0.701501	0.191426	0.885045	0.190518
0.284456	0.338179	0.0303979	1.64498	0.284398	0.336226	0.446781	0.38401	0.564337	0.363488	0.84128	0.190154	0.159809	1.45975	0.425039	0.386664	0.701682	0.197651	0.885225	0.196635
0.284776	0.348909	0.0319414	1.66789	0.284593	0.342782	0.447144	0.395892	0.564681	0.374834	0.84146	0.196244	0.161184	1.49277	0.425404	0.398531	0.701869	0.203874	0.885411	0.20279
0.285106	0.359601	0.0335058	1.68975	0.284749	0.348012	0.447518	0.407718	0.565036	0.386174	0.841646	0.202345	0.16259	1.52434	0.425781	0.410327	0.702062	0.210096	0.885603	0.208876
0.285446	0.370293	0.0350901	1.71056	0.284865	0.351801	0.447904	0.419505	0.565401	0.3975	0.841837	0.208393	0.164025	1.55451	0.426169	0.422054	0.702261	0.216313	0.885801	0.214968
0.285796	0.380983	0.0366933	1.73043	0.284941	0.354268	0.4483	0.431287	0.565777	0.4088	0.842034	0.214484	0.165487	1.58333	0.426568	0.433788	0.702465	0.222522	0.886004	0.221072
0.286156	0.391671	0.0383145	1.74943	0.28505	0.357833	0.448707	0.442986	0.566163	0.420047	0.842237	0.220588	0.166975	1.61089	0.426977	0.445538	0.702675	0.228715	0.886212	0.227202
0.286526	0.402352	0.0399531	1.76751	0.285169	0.361568	0.449126	0.454665	0.566559	0.431263	0.842445	0.226642	0.168489	1.63719	0.427398	0.457245	0.702891	0.234948	0.886427	0.23331
0.286906	0.413022	0.0416081	1.78477	0.285334	0.366747	0.449555	0.466303	0.566966	0.442488	0.842659	0.232672	0.170026	1.66232	0.427829	0.468868	0.703113	0.241189	0.886647	0.239372
0.287296	0.423667	0.0432788	1.80127	0.285546	0.373405	0.449995	0.477862	0.567384	0.453658	0.842879	0.238725	0.171586	1.68631	0.428271	0.480469	0.703341	0.247372	0.886873	0.245418
0.287695	0.434339	0.0449646	1.817	0.285807	0.381323	0.450445	0.489406	0.567812	0.464793	0.843104	0.244826	0.173168	1.70921	0.428725	0.492097	0.703574	0.253586	0.887105	0.251504
0.288105	0.444988	0.0466646	1.83205	0.28612	0.390611	0.450907	0.500923	0.56825	0.47593	0.843335	0.250875	0.174771	1.7311	0.429188	0.503636	0.703813	0.259787	0.887342	0.257598
0.288525	0.455592	0.0483784	1.84639	0.286489	0.40132	0.451379	0.512383	0.568699	0.486999	0.843572	0.256895	0.176394	1.75201	0.429663	0.515142	0.704058	0.265965	0.887585	0.263632
0.288954	0.466255	0.0501052	1.86007	0.286868	0.411984	0.451861	0.523806	0.569157	0.498076	0.843814	0.262929	0.178036	1.77202	0.430148	0.526654	0.704309	0.272168	0.887833	0.269696
0.289393	0.476887	0.0518444	1.87322	0.287257	0.422626	0.452355	0.535152	0.569627	0.509097	0.844062	0.26899	0.179696	1.79111	0.430644	0.538107	0.704565	0.278348	0.888087	0.275743
0.289843	0.487457	0.0535957	1.88575	0.287656	0.433257	0.452858	0.546419	0.570106	0.52008	0.844315	0.275033	0.181373	1.80933	0.431085	0.548045	0.704827	0.284557	0.888347	0.281758
0.290302	0.49805	0.0553583	1.89771	0.288064	0.443956	0.453373	0.557673	0.570596	0.531061	0.844574	0.281041	0.183067	1.82679	0.431468	0.556567	0.705095	0.290747	0.888612	0.287783
0.290771	0.508689	0.0571319	1.90916	0.288483	0.454579	0.453898	0.568902	0.571096	0.541962	0.844839	0.28705	0.184777	1.84351	0.431788	0.563547	0.705369	0.296904	0.888883	0.293827
0.29125	0.519274	0.0589158	1.92013	0.288911	0.465201	0.454363	0.578647	0.571606	0.55285	0.845109	0.293064	0.186503	1.85944	0.432044	0.568954	0.705649	0.303064	0.88916	0.299835
0.291738	0.529824	0.0607098	1.93063	0.28935	0.475821	0.454767	0.586898	0.572126	0.563714	0.845385	0.299084	0.188242	1.87474	0.432234	0.573104	0.705934	0.309232	0.889442	0.305847
0.292237	0.540377	0.0625134	1.94066	0.289798	0.486442	0.455105	0.593697	0.572656	0.57453	0.845666	0.305119	0.189996	1.88938	0.432357	0.575739	0.706225	0.315416	0.88973	0.311864
0.292745	0.550937	0.064326	1.95024	0.290256	0.497062	0.455375	0.599029	0.573196	0.585321	0.845954	0.31111	0.191763	1.90333	0.432534	0.579333	0.706522	0.321559	0.890023	0.317818
0.293263	0.56151	0.0661474	1.95945	0.290724	0.507609	0.455575	0.602942	0.573747	0.596063	0.846246	0.317086	0.193543	1.91671	0.432727	0.583376	0.706824	0.327692	0.890322	0.323795
0.293791	0.572035	0.0679772	1.96826	0.291202	0.518193	0.455703	0.605488	0.574307	0.60678	0.846544	0.323106	0.195334	1.92959	0.432992	0.588892	0.707132	0.333878	0.890626	0.329816
0.294329	0.582538	0.0698151	1.97673	0.29169	0.528794	0.455889	0.609152	0.574877	0.617449	0.846848	0.329066	0.197138	1.94189	0.433331	0.595807	0.707446	0.340025	0.890936	0.335778
0.294877	0.593072	0.0716607	1.9848	0.292188	0.539369	0.456093	0.61312	0.575458	0.628093	0.847158	0.335054	0.198953	1.95364	0.433747	0.604174	0.707766	0.346168	0.891252	0.341696
0.295434	0.603591	0.0735135	1.99253	0.292695	0.549929	0.456371	0.618399	0.576048	0.638687	0.847473	0.341024	0.200779	1.96498	0.434241	0.613885	0.708091	0.3523	0.891573	0.347674
0.296002	0.614084	0.0753735	2.00001	0.293212	0.560447	0.456727	0.625055	0.576648	0.649256	0.847793	0.346958	0.202614	1.97581	0.434818	0.625097	0.708422	0.358411	0.8919	0.353624
0.296579	0.624596	0.0772403	2.00713	0.293739	0.570979	0.457162	0.63321	0.577258	0.659772	0.848119	0.352967	0.20446	1.98617	0.435406	0.636233	0.708759	0.364556	0.892232	0.359518
0.297166	0.635072	0.0791136	2.01396	0.294276	0.581555	0.45768	0.64266	0.577877	0.670259	0.848451	0.358906	0.206315	1.99618	0.436004	0.647331	0.709102	0.370692	0.89257	0.365446
0.297762	0.645552	0.0809931	2.02053	0.294823	0.592043	0.458284	0.65342	0.578425	0.679361	0.848788	0.364851	0.20818	2.00576	0.436612	0.658373	0.70945	0.376813	0.892913	0.37137
0.298368	0.656037	0.0828786	2.02684	0.295379	0.60256	0.458898	0.664183	0.578898	0.687077	0.849131	0.370809	0.210053	2.01495	0.437231	0.66935	0.709804	0.382902	0.893262	0.377285
0.298985	0.666461	0.0847699	2.03289	0.295946	0.613093	0.459522	0.674875	0.579293	0.69349	0.849479	0.376718	0.211935	2.02379	0.437859	0.680332	0.710163	0.389001	0.893616	0.383183
0.29961	0.676908	0.0866667	2.03868	0.296522	0.623559	0.460156	0.685494	0.579608	0.69846	0.849833	0.382677	0.213824	2.03228	0.438498	0.69128	0.710529	0.395121	0.893976	0.389045
0.300246	0.687401	0.0885688	2.04426	0.297108	0.634029	0.460799	0.696114	0.579841	0.702171	0.850192	0.388589	0.215721	2.04044	0.439147	0.702173	0.7109	0.401207	0.894341	0.394911
0.300891	0.697842	0.0904759	2.04962	0.297703	0.644501	0.461453	0.706587	0.579991	0.704554	0.850557	0.394481	0.217626	2.04829	0.439807	0.71304	0.711276	0.4073	0.894712	0.400783
0.301546	0.708248	0.092388	2.05478	0.298309	0.65501	0.462116	0.717061	0.580207	0.707931	0.850927	0.400406	0.219538	2.05581	0.440476	0.72382	0.711659	0.413408	0.895088	0.406667
0.302211	0.718662	0.0943048	2.05976	0.298924	0.665465	0.462789	0.727498	0.580443	0.711665	0.851303	0.406322	0.221457	2.06304	0.441155	0.734557	0.712047	0.41947	0.895469	0.412504
0.302885	0.729088	0.0962262	2.06452	0.299549	0.675893	0.463471	0.737806	0.580766	0.716634	0.851684	0.412223	0.223382	2.07007	0.441845	0.745308	0.71244	0.425517	0.895856	0.418317
0.303481	0.738157	0.0981518	2.06906	0.300183	0.686343	0.464164	0.748088	0.581178	0.722893	0.852071	0.418091	0.225314	2.0768	0.442544	0.755994	0.712839	0.431604	0.896249	0.424158
0.303995	0.745934	0.100082	2.07345	0.300828	0.696805	0.464865	0.758355	0.581681	0.73053	0.852463	0.423969	0.227252	2.08325	0.443254	0.766611	0.713244	0.437698	0.896647	0.42998
0.304423	0.752359	0.102015	2.0777	0.301482	0.707237	0.465577	0.768506	0.582278	0.739404	0.852861	0.429864	0.229196	2.08947	0.443973	0.777192	0.713655	0.443734	0.89705	0.435765
0.304765	0.757275	0.103953	2.08178	0.302145	0.717652	0.466297	0.778599	0.582972	0.749604	0.853264	0.435722	0.231146	2.09548	0.444702	0.78772	0.714017	0.448982	0.897459	0.441549
0.305018	0.761036	0.105895	2.08571	0.302819	0.72806	0.467028	0.788699	0.583675	0.75972	0.853673	0.441578	0.233101	2.10126	0.445441	0.798221	0.71433	0.453477	0.897873	0.447331
0.30518	0.76352	0.10784	2.08947	0.303502	0.738501	0.467767	0.798693	0.584387	0.769759	0.854087	0.447432	0.235061	2.10683	0.446189	0.808708	0.71459	0.457181	0.898292	0.453109
0.305414	0.766945	0.109788	2.0931	0.304195	0.748922	0.468516	0.808597	0.585109	0.779796	0.854507	0.45328	0.237027	2.11221	0.446947	0.819115	0.714798	0.460187	0.898717	0.458879
0.30567	0.770575	0.11174	2.09663	0.304898	0.759296	0.469274	0.818493	0.58584	0.789794	0.854932	0.459117	0.238997	2.11739	0.447715	0.829445	0.714951	0.462196	0.899147	0.464631
0.30602	0.7756	0.113695	2.09995	0.30561	0.76972	0.470041	0.828311	0.586581	0.799701	0.855362	0.46493	0.240972	2.12236	0.448493	0.839774	0.71505	0.463593	0.899583	0.47035
0.306466	0.78207	0.115653	2.10321	0.306332	0.780132	0.470817	0.838055	0.587331	0.809598	0.855798	0.470771	0.242952	2.12719	0.44928	0.850066	0.715192	0.46566	0.900024	0.476076
0.30701	0.789767	0.117362	2.10593	0.307064	0.790538	0.471603	0.84776	0.588089	0.81949	0.856239	0.476594	0.244936	2.13184	0.450077	0.860302	0.715348	0.467783	0.90047	0.481814
0.307654	0.798823	0.11882	2.10816	0.307805	0.800941	0.472397	0.857374	0.588858	0.829271	0.856686	0.482381	0.246924	2.13633	0.450883	0.870473	0.71556	0.470788	0.900922	0.487505
0.308404	0.809245	0.120027	2.11004	0.308556	0.811343	0.4732	0.866941	0.589635	0.839031	0.857138	0.488168	0.248917	2.14062	0.451699	0.880613	0.71583	0.474404	0.901379	0.493172
0.309162	0.819619	0.120982	2.11149	0.309317	0.821744	0.474012	0.876449	0.590421	0.848746	0.857596	0.493956	0.250913	2.14478	0.452524	0.8907	0.71616	0.478898	0.901841	0.498868
0.309931	0.830043	0.121685	2.11245	0.310087	0.832145	0.474833	0.885927	0.591216	0.858437	0.858059	0.499746	0.252913	2.14884	0.453359	0.900724	0.716551	0.484146	0.902308	0.504547
0.310709	0.840455	0.122135	2.11303	0.310867	0.842546	0.475663	0.895317	0.592021	0.868043	0.858527	0.50554	0.254917	2.15274	0.454203	0.910716	0.717005	0.490146	0.902781	0.510192
0.311497	0.850861	0.122782	2.11395	0.311657	0.852983	0.476502	0.904663	0.592834	0.877607	0.858939	0.510557	0.256925	2.15648	0.455056	0.920693	0.717465	0.496149	0.903259	0.515842
0.312295	0.861301	0.123486	2.11501	0.312457	0.863401	0.477349	0.91395	0.593656	0.88715	0.859294	0.514813	0.258936	2.16011	0.455918	0.930588	0.71793	0.502117	0.903742	0.521503
0.313102	0.871758	0.124443	2.11636	0.313266	0.873811	0.478205	0.923135	0.594487	0.896609	0.85959	0.518338	0.26095	2.16364	0.45679	0.940443	0.7184	0.508104	0.904231	0.527112
0.313919	0.882186	0.125655	2.11792	0.314085	0.884289	0.479069	0.932268	0.595327	0.906062	0.859825	0.521133	0.262967	2.16702	0.457671	0.950278	0.718876	0.514137	0.90466	0.531948
0.314746	0.892601	0.127121	2.11987	0.314914	0.894765	0.479942	0.941376	0.596175	0.91544	0.859999	0.523342	0.264988	2.17025	0.458561	0.959993	0.719358	0.520083	0.90503	0.536145
0.315582	0.903082	0.128843	2.12207	0.315752	0.905203	0.480823	0.950397	0.597032	0.924743	0.86011	0.524591	0.267011	2.1734	0.45946	0.969721	0.719846	0.526022	0.905338	0.539639
0.316428	0.913595	0.130822	2.12447	0.316601	0.915696	0.481713	0.959339	0.597898	0.934045	0.860271	0.526335	0.269038	2.17644	0.460368	0.979419	0.720338	0.532031	0.905583	0.542279
0.317285	0.924089	0.132802	2.1268	0.317459	0.926215	0.482611	0.968278	0.598773	0.943311	0.860447	0.5285	0.271067	2.17939	0.461285	0.989028	0.720837	0.537966	0.905764	0.54431
0.31815	0.934573	0.134785	2.1291	0.318327	0.936712	0.483517	0.977142	0.599656	0.952484	0.860687	0.531268	0.273099	2.18226	0.462211	0.998594	0.721341	0.543899	0.90588	0.545551
0.319026	0.945125	0.136769	2.13128	0.319204	0.947271	0.484432	0.985932	0.600548	0.961612	0.860992	0.534755	0.275133	2.18501	0.463145	1.0081	0.72185	0.549832	0.906047	0.547365
0.319912	0.955711	0.138756	2.13336	0.320092	0.95786	0.485354	0.994648	0.601448	0.970717	0.861363	0.539002	0.27717	2.18767	0.464089	1.01758	0.722365	0.555765	0.906229	0.549455
0.320807	0.966314	0.140745	2.13538	0.320989	0.968428	0.486285	1.00333	0.602357	0.979774	0.861803	0.543968	0.27921	2.1902	0.465042	1.02704	0.722886	0.561698	0.906479	0.552092
0.321712	0.976925	0.142735	2.13735	0.321896	0.979059	0.487224	1.01192	0.603274	0.988734	0.862312	0.549697	0.281252	2.19268	0.466003	1.03642	0.723412	0.567594	0.906796	0.555473
0.322627	0.987578	0.144727	2.13921	0.322813	0.989757	0.488171	1.02046	0.604199	0.997681	0.862827	0.555381	0.283296	2.19509	0.466973	1.04577	0.723944	0.573508	0.907181	0.559587
0.323552	0.998287	0.146721	2.14102	0.323741	1.00045	0.489126	1.02898	0.605133	1.00662	0.863347	0.561079	0.285342	2.19739	0.467951	1.05505	0.724481	0.579395	0.907638	0.564419
0.324488	1.00899	0.148717	2.1428	0.324678	1.01118	0.490088	1.03737	0.606075	1.01545	0.863873	0.566748	0.28739	2.19961	0.468939	1.06431	0.725023	0.585305	0.908166	0.569953
0.325433	1.01976	0.150714	2.14447	0.325625	1.02197	0.491059	1.04575	0.607025	1.02422	0.864403	0.572439	0.289441	2.20174	0.469935	1.07351	0.725571	0.591189	0.9087	0.575503
0.326388	1.03064	0.152713	2.1461	0.326582	1.03278	0.492037	1.05407	0.607983	1.03297	0.864939	0.578105	0.291493	2.20383	0.470939	1.08262	0.726125	0.597061	0.909239	0.580988
0.327353	1.0415	0.154713	2.14765	0.327549	1.04368	0.493023	1.06234	0.60895	1.0417	0.865481	0.58372	0.293547	2.20587	0.471952	1.09172	0.726684	0.602964	0.909782	0.58644
0.328328	1.05238	0.156715	2.14916	0.328527	1.05463	0.494016	1.07053	0.609924	1.05035	0.866027	0.589385	0.295603	2.2078	0.472973	1.1008	0.727249	0.608808	0.910331	0.591913
0.329314	1.06339	0.158718	2.15065	0.329514	1.06563	0.495018	1.07862	0.610907	1.05892	0.866579	0.595037	0.297661	2.20965	0.474003	1.10982	0.727818	0.614623	0.910885	0.597396
0.33031	1.07446	0.160722	2.15201	0.330512	1.07669	0.496026	1.08673	0.611898	1.06745	0.867136	0.600646	0.299721	2.21145	0.475041	1.11875	0.728394	0.62046	0.911444	0.602848
0.331316	1.0856	0.162728	2.15335	0.331521	1.08783	0.497043	1.09478	0.612896	1.07597	0.867698	0.606271	0.301782	2.21319	0.476088	1.12769	0.728975	0.626345	0.912009	0.608247
0.332333	1.09677	0.164735	2.15468	0.33254	1.09907	0.498066	1.10269	0.613903	1.08444	0.868266	0.611866	0.303845	2.21487	0.477143	1.13659	0.729561	0.632181	0.912578	0.613693
0.33336	1.10804	0.166743	2.15593	0.333569	1.11034	0.499097	1.11059	0.614917	1.09281	0.868838	0.617447	0.305909	2.21647	0.478206	1.1454	0.730153	0.637955	0.913152	0.619126
0.334398	1.11942	0.168752	2.15715	0.334609	1.12172	0.500136	1.11847	0.615939	1.10117	0.869416	0.623057	0.307975	2.21801	0.479277	1.15416	0.73075	0.643772	0.913732	0.624479
0.335446	1.13089	0.170763	2.1583	0.335659	1.13323	0.501181	1.12625	0.616969	1.10946	0.869999	0.628645	0.310042	2.21951	0.480356	1.1629	0.731352	0.649573	0.914316	0.629866
0.336505	1.14246	0.172774	2.15943	0.33672	1.14477	0.502234	1.13398	0.618006	1.1177	0.870587	0.634186	0.312111	2.22096	0.481444	1.17159	0.73196	0.655367	0.914905	0.635232
0.337575	1.1541	0.174786	2.16054	0.337792	1.15648	0.503294	1.14166	0.619051	1.12592	0.871181	0.63974	0.314181	2.22234	0.48254	1.18022	0.732573	0.661157	0.9155	0.640589
0.338655	1.16588	0.1768	2.16154	0.338875	1.1683	0.504362	1.14931	0.620104	1.13402	0.87178	0.6453	0.316252	2.22365	0.483643	1.18882	0.733192	0.666945	0.916099	0.645941
0.339747	1.17778	0.178814	2.16255	0.339969	1.18018	0.505436	1.15687	0.621165	1.14214	0.872383	0.650826	0.318324	2.22493	0.484755	1.19737	0.733816	0.672696	0.916703	0.651253
0.34085	1.18978	0.18083	2.16353	0.341074	1.19223	0.506517	1.16434	0.622232	1.15019	0.872992	0.656373	0.320398	2.2262	0.485874	1.20585	0.734446	0.678464	0.917312	0.656546
0.341964	1.20196	0.182846	2.16442	0.342191	1.20445	0.507606	1.17182	0.623308	1.15817	0.873606	0.661893	0.322473	2.22738	0.487002	1.21434	0.73508	0.684241	0.917927	0.661829
0.34309	1.21428	0.184863	2.16534	0.343319	1.21678	0.508701	1.17922	0.624391	1.16615	0.874226	0.667363	0.324548	2.22848	0.488137	1.22276	0.735721	0.689949	0.918546	0.667144
0.344227	1.2267	0.186881	2.16621	0.344458	1.22925	0.509803	1.18654	0.625481	1.17402	0.87485	0.672881	0.326625	2.22954	0.48928	1.23111	0.736366	0.69566	0.91917	0.672438
0.345376	1.23936	0.188899	2.16701	0.345609	1.24189	0.510912	1.19383	0.626578	1.18188	0.87548	0.678386	0.328703	2.23062	0.490431	1.23942	0.737017	0.701409	0.919799	0.677686
0.346536	1.25217	0.190919	2.16781	0.346772	1.25473	0.512028	1.20106	0.627683	1.18965	0.876114	0.683849	0.330782	2.2316	0.49159	1.24772	0.737673	0.707139	0.920432	0.682909
0.347709	1.26509	0.192939	2.16858	0.347947	1.26778	0.51315	1.20827	0.628795	1.19738	0.876754	0.689327	0.332861	2.23253	0.492756	1.25597	0.738335	0.712824	0.921071	0.688121
0.348894	1.27829	0.194959	2.16933	0.349135	1.281	0.514279	1.21539	0.629914	1.20513	0.877399	0.694776	0.334942	2.23347	0.49393	1.26415	0.739001	0.718487	0.921715	0.693364
0.350091	1.29167	0.196981	2.17003	0.350334	1.29439	0.515415	1.22246	0.631041	1.21278	0.878048	0.700211	0.337023	2.23431	0.495112	1.27231	0.739673	0.724174	0.922363	0.698549
0.351301	1.30524	0.199003	2.17068	0.351547	1.30801	0.516557	1.22948	0.632174	1.22034	0.878703	0.705638	0.339105	2.23513	0.496301	1.28042	0.740351	0.729911	0.923016	0.703741
0.352523	1.31909	0.201026	2.17133	0.352772	1.32188	0.517706	1.23643	0.633315	1.22789	0.879363	0.711061	0.341188	2.23591	0.497498	1.28847	0.741033	0.735563	0.923675	0.708938
0.353758	1.33312	0.203049	2.17195	0.35401	1.336	0.518861	1.24335	0.634462	1.2354	0.880028	0.716483	0.343271	2.23663	0.498702	1.29648	0.741721	0.741172	0.924337	0.714063
0.355007	1.34743	0.205073	2.17255	0.355261	1.35034	0.520023	1.25021	0.635617	1.24285	0.880698	0.721904	0.345356	2.23735	0.499914	1.30448	0.742415	0.746833	0.925005	0.719189
0.356269	1.36198	0.207097	2.17314	0.356526	1.36495	0.521191	1.25705	0.636778	1.25024	0.881374	0.727288	0.347441	2.23801	0.501133	1.3124	0.743113	0.75252	0.925678	0.724315
0.357545	1.3768	0.209122	2.17366	0.357805	1.37987	0.522365	1.2638	0.637946	1.25756	0.882054	0.732689	0.349526	2.23863	0.502359	1.32028	0.743817	0.758146	0.926355	0.729478
0.358835	1.39197	0.211148	2.17418	0.359097	1.39506	0.523546	1.27051	0.639121	1.26488	0.882739	0.738064	0.351612	2.23927	0.503593	1.32817	0.744526	0.763743	0.927037	0.73455
0.360139	1.40736	0.213174	2.17469	0.360404	1.41049	0.524732	1.2772	0.640303	1.27213	0.883429	0.743388	0.353699	2.23981	0.504834	1.33596	0.74524	0.769324	0.927724	0.739613
0.361457	1.42303	0.2152	2.17517	0.361725	1.42626	0.525925	1.2838	0.641492	1.27935	0.884124	0.748759	0.355786	2.2403	0.506082	1.3437	0.745959	0.774935	0.928415	0.744708
0.36279	1.43911	0.217227	2.17562	0.363062	1.44239	0.527125	1.29032	0.642687	1.28651	0.884824	0.754119	0.357873	2.24076	0.507338	1.35146	0.746684	0.78056	0.929111	0.749782
0.364139	1.45546	0.219254	2.17607	0.364413	1.4588	0.52833	1.29684	0.643889	1.29356	0.885529	0.759435	0.359961	2.24121	0.508601	1.35914	0.747414	0.786119	0.929812	0.75481
0.365503	1.47213	0.221282	2.17648	0.36578	1.47554	0.529541	1.30333	0.645098	1.30065	0.886239	0.76473	0.362049	2.24166	0.50987	1.36679	0.748149	0.791682	0.930518	0.759814
0.366882	1.48919	0.22331	2.17687	0.367163	1.49266	0.530758	1.30972	0.646313	1.30767	0.886954	0.770051	0.364138	2.24203	0.511147	1.37439	0.748889	0.797247	0.931228	0.764842
0.368278	1.50657	0.225338	2.17728	0.368561	1.51012	0.531982	1.3161	0.647534	1.31462	0.887674	0.775348	0.366227	2.2424	0.512431	1.38192	0.749634	0.802776	0.931943	0.769847
0.369689	1.52431	0.227367	2.17763	0.369977	1.52793	0.533211	1.3224	0.648762	1.3215	0.888399	0.780633	0.368317	2.24273	0.513723	1.38946	0.750385	0.808323	0.932663	0.77484
0.371118	1.54241	0.229396	2.17796	0.371409	1.5461	0.534446	1.32867	0.649997	1.32835	0.889129	0.785912	0.370406	2.24297	0.515021	1.39697	0.751141	0.81388	0.933387	0.77979
0.372563	1.56084	0.231425	2.17826	0.372858	1.56464	0.535687	1.33491	0.651238	1.33521	0.889863	0.791152	0.372496	2.24323	0.516326	1.40438	0.751901	0.819405	0.934116	0.784755
0.374026	1.57964	0.233455	2.17856	0.374324	1.58354	0.536933	1.34107	0.652485	1.34198	0.890603	0.796409	0.374586	2.24347	0.517638	1.41179	0.752667	0.824878	0.934849	0.789728
0.375507	1.59886	0.235485	2.17886	0.375808	1.60276	0.538186	1.34719	0.653738	1.34869	0.891347	0.801674	0.376677	2.24367	0.518956	1.41915	0.753439	0.830361	0.935587	0.794631
0.377006	1.61839	0.237515	2.17916	0.377311	1.62234	0.539444	1.35326	0.654998	1.35535	0.892097	0.806906	0.378767	2.24384	0.520282	1.4265	0.754215	0.835885	0.93633	0.7995
0.378523	1.63823	0.239545	2.17941	0.378831	1.64227	0.540707	1.35929	0.656264	1.36197	0.892851	0.812086	0.380858	2.24396	0.521614	1.4338	0.754996	0.841358	0.937077	0.804424
0.380058	1.6584	0.241576	2.17962	0.380371	1.66256	0.541976	1.36528	0.657536	1.36854	0.89361	0.817313	0.382948	2.2441	0.522954	1.441	0.755783	0.84684	0.937829	0.809304
0.381613	1.67893	0.243607	2.17986	0.381929	1.68314	0.543251	1.37123	0.658814	1.37508	0.894374	0.822526	0.385039	2.24416	0.5243	1.44822	0.756574	0.852292	0.938585	0.81416
0.383187	1.69977	0.245638	2.1801	0.383507	1.70402	0.544532	1.37714	0.660098	1.38158	0.895143	0.827696	0.38713	2.2442	0.525652	1.45543	0.757371	0.857727	0.939346	0.819042
0.38478	1.72089	0.247669	2.18029	0.385105	1.72515	0.545817	1.38299	0.661388	1.38798	0.895916	0.832882	0.389221	2.24425	0.527012	1.46254	0.758172	0.863192	0.940111	0.823863
0.386393	1.74221	0.249701	2.18045	0.386722	1.74652	0.547109	1.38881	0.662685	1.3944	0.896695	0.838038	0.391312	2.24424	0.528378	1.46965	0.758979	0.868597	0.940881	0.828691
0.388027	1.76375	0.251732	2.18065	0.388359	1.76815	0.548405	1.39457	0.663987	1.40076	0.897478	0.843179	0.393403	2.2442	0.52975	1.47672	0.759791	0.873973	0.941655	0.833485
0.38968	1.78551	0.253764	2.18082	0.390017	1.78996	0.549707	1.40027	0.665295	1.40701	0.898266	0.848313	0.395494	2.24414	0.531129	1.48374	0.760608	0.879408	0.942434	0.838263
0.391354	1.80745	0.255796	2.18094	0.391694	1.81188	0.551015	1.40595	0.666609	1.41325	0.899059	0.853481	0.397585	2.24404	0.532515	1.49072	0.76143	0.884835	0.943217	0.843069
0.393048	1.82947	0.257828	2.18107	0.393393	1.83394	0.552327	1.4116	0.667928	1.41949	0.899856	0.858591	0.399675	2.24395	0.533907	1.49766	0.762257	0.890185	0.944005	0.847815
0.394763	1.85155	0.25986	2.18118	0.395112	1.85603	0.553645	1.41721	0.669254	1.42568	0.900659	0.863673	0.401766	2.24383	0.535306	1.50457	0.763088	0.895534	0.944797	0.852569
0.396498	1.87372	0.261892	2.1813	0.396851	1.87817	0.554968	1.42273	0.670585	1.43178	0.901466	0.868778	0.403857	2.24367	0.536711	1.51147	0.763925	0.900918	0.945594	0.857326
0.398254	1.89582	0.263925	2.1814	0.398612	1.9003	0.556296	1.42823	0.671922	1.43783	0.902277	0.873857	0.405947	2.24351	0.538122	1.51832	0.764767	0.906284	0.946395	0.862012
0.400031	1.91786	0.265957	2.18149	0.400392	1.92231	0.557629	1.43373	0.673264	1.44386	0.903094	0.878923	0.408037	2.24328	0.53954	1.52515	0.765614	0.911603	0.9472	0.866735
0.401828	1.93987	0.26799	2.18161	0.402194	1.94427	0.558968	1.43915	0.674612	1.44984	0.903915	0.883983	0.410127	2.24302	0.540964	1.5319	0.766466	0.916936	0.94801	0.87144
0.403646	1.96168	0.270022	2.18163	0.404015	1.96605	0.560311	1.44454	0.675966	1.45576	0.904741	0.88904	0.412217	2.24282	0.542394	1.53865	0.767323	0.922276	0.948824	0.876064
0.405483	1.98324	0.272055	2.18167	0.405857	1.98756	0.561659	1.44987	0.677325	1.46165	0.905572	0.894096	0.414306	2.24254	0.543831	1.54535	0.768184	0.927583	0.949642	0.880756
0.407341	2.0046	0.274088	2.18177	0.407719	2.00887	0.563013	1.45517	0.678689	1.46753	0.906407	0.899113	0.416395	2.24221	0.545274	1.552	0.769051	0.932873	0.950465	0.885409
0.409219	2.02568	0.276121	2.18178	0.4096	2.02992	0.564371	1.46045	0.680059	1.47332	0.907247	0.904113	0.418484	2.2419	0.546723	1.55869	0.769923	0.938118	0.951292	0.890006
0.411116	2.0464	0.278153	2.18179	0.411501	2.05055	0.565734	1.4657	0.681435	1.47907	0.908092	0.909102	0.420573	2.24153	0.548178	1.56526	0.770799	0.943414	0.952123	0.894648
0.413032	2.06676	0.280186	2.18183	0.413421	2.07083	0.567102	1.47085	0.682815	1.48481	0.908941	0.914088	0.422661	2.24119	0.54964	1.57181	0.771681	0.948698	0.952959	0.89924
0.414967	2.08672	0.282219	2.18185	0.41536	2.09074	0.568475	1.47599	0.684201	1.49049	0.909795	0.919107	0.424749	2.24081	0.551107	1.57837	0.772567	0.953941	0.953799	0.903843
0.41692	2.10626	0.284252	2.18186	0.417317	2.11015	0.569852	1.48112	0.685593	1.49608	0.910654	0.92407	0.426837	2.24036	0.552581	1.58488	0.773458	0.959162	0.954643	0.908415
0.418892	2.12533	0.286285	2.18186	0.419292	2.12912	0.571235	1.48621	0.686989	1.50166	0.911517	0.929006	0.428924	2.23995	0.554061	1.59136	0.774354	0.964373	0.955492	0.912934
0.420881	2.14391	0.288317	2.18183	0.421285	2.14761	0.572622	1.49125	0.688391	1.50723	0.912385	0.933963	0.431011	2.23949	0.555546	1.59778	0.775255	0.969652	0.956345	0.917501
0.422887	2.16199	0.29035	2.18178	0.423294	2.16554	0.574013	1.49622	0.689798	1.51277	0.913258	0.938896	0.433097	2.23904	0.557038	1.60418	0.776161	0.974854	0.957202	0.922056
0.424909	2.17952	0.292383	2.18175	0.42532	2.183	0.57541	1.50116	0.69121	1.51821	0.914135	0.943816	0.435183	2.23856	0.558535	1.61056	0.777072	0.980019	0.958063	0.92653
0.426948	2.19649	0.294416	2.18174	0.427362	2.19989	0.576811	1.50612	0.692627	1.5236	0.915016	0.948729	0.437268	2.23799	0.560039	1.61691	0.777987	0.985202	0.958928	0.931037
0.429002	2.21296	0.296448	2.18169	0.429419	2.21618	0.578216	1.51102	0.694049	1.52901	0.915902	0.953603	0.439353	2.23745	0.561548	1.62323	0.778908	0.990357	0.959798	0.935525
0.431072	2.22885	0.298481	2.18163	0.431491	2.23197	0.579626	1.51584	0.695476	1.53435	0.916793	0.958494	0.441437	2.23692	0.563064	1.6295	0.779833	0.995534	0.960671	0.939966
0.433155	2.24416	0.300513	2.18157	0.433578	2.24723	0.581041	1.52064	0.696908	1.53962	0.917688	0.963393	0.443521	2.23636	0.564585	1.63575	0.780763	1.00069	0.961549	0.944457
0.435253	2.25895	0.302546	2.1815	0.435679	2.26189	0.58246	1.52542	0.698345	1.54489	0.918588	0.968259	0.445605	2.23576	0.566112	1.64199	0.781697	1.00583	0.962431	0.9489
0.437365	2.27319	0.304578	2.18143	0.437793	2.276	0.583883	1.53022	0.699787	1.55009	0.919493	0.973109	0.447687	2.23512	0.567644	1.64814	0.782637	1.01096	0.963317	0.953282
0.439489	2.28687	0.306611	2.18135	0.43992	2.28957	0.585311	1.5349	0.701233	1.55525	0.920402	0.977915	0.44977	2.23451	0.569183	1.6543	0.783581	1.01609	0.964207	0.957707
0.441626	2.30001	0.308643	2.18128	0.442059	2.30262	0.586743	1.53958	0.702685	1.56039	0.921315	0.982734	0.451851	2.23384	0.570727	1.66042	0.78453	1.02118	0.965102	0.962117
0.443775	2.31266	0.310675	2.18117	0.444211	2.31511	0.58818	1.54422	0.704141	1.56549	0.922233	0.987598	0.453932	2.23318	0.572277	1.66648	0.785484	1.02625	0.966	0.966519
0.445935	2.32473	0.312708	2.18104	0.446373	2.32707	0.589621	1.54882	0.705602	1.57053	0.923155	0.99241	0.456012	2.23251	0.573832	1.67258	0.786443	1.03135	0.966903	0.970881
0.448107	2.3363	0.31474	2.18094	0.448547	2.33858	0.591066	1.55342	0.707067	1.57554	0.924082	0.997196	0.458092	2.23178	0.575394	1.6786	0.787406	1.03643	0.967809	0.975186
0.450289	2.34739	0.316772	2.18086	0.450731	2.34961	0.592516	1.55796	0.708538	1.58054	0.925013	1.00197	0.460171	2.23105	0.57696	1.68458	0.788374	1.0415	0.96872	0.979535
0.452481	2.35799	0.318803	2.18074	0.452925	2.3601	0.593969	1.56246	0.710012	1.58545	0.925949	1.0067	0.462249	2.23031	0.578533	1.69057	0.789347	1.04656	0.969635	0.983871
0.454683	2.36816	0.320835	2.18061	0.455129	2.37015	0.595427	1.56695	0.711492	1.59037	0.926889	1.01148	0.464327	2.22958	0.58011	1.69653	0.790324	1.05158	0.970553	0.988199
0.456894	2.3779	0.322867	2.18051	0.457342	2.37978	0.596889	1.57139	0.712976	1.5952	0.927834	1.01625	0.466404	2.22881	0.581694	1.70244	0.791306	1.05658	0.971476	0.992487
0.459114	2.3872	0.324898	2.18038	0.459563	2.389	0.598355	1.5758	0.714464	1.6	0.928783	1.02095	0.46848	2.22803	0.583283	1.70829	0.792293	1.0616	0.972403	0.996756
0.461342	2.39602	0.32693	2.18021	0.461793	2.39778	0.599825	1.58021	0.715957	1.60482	0.929736	1.02567	0.470556	2.22719	0.584877	1.71415	0.793284	1.06661	0.973333	1.00101
0.463578	2.4045	0.328961	2.18005	0.464031	2.40616	0.6013	1.58454	0.717455	1.60953	0.930694	1.03042	0.47263	2.22637	0.586477	1.71997	0.79428	1.0716	0.974268	1.00527
0.465823	2.41262	0.330992	2.17993	0.466277	2.4142	0.602778	1.58886	0.718957	1.61423	0.931656	1.03513	0.474704	2.22556	0.588082	1.72577	0.795281	1.07658	0.975207	1.00952
0.468074	2.42031	0.333023	2.17977	0.46853	2.42184	0.60426	1.59315	0.720463	1.61893	0.932623	1.0398	0.476777	2.22468	0.589693	1.73156	0.796286	1.08153	0.976149	1.01373
0.470333	2.42766	0.335054	2.17961	0.47079	2.42914	0.605747	1.59741	0.721973	1.62354	0.933594	1.04447	0.47885	2.2238	0.591309	1.73728	0.797296	1.0865	0.977096	1.01796
0.472598	2.43471	0.337084	2.17946	0.473056	2.43609	0.607237	1.60167	0.723488	1.62812	0.934569	1.04912	0.480921	2.22295	0.59293	1.74296	0.798311	1.09143	0.978046	1.02213
0.474869	2.44142	0.339115	2.17927	0.475329	2.44275	0.608731	1.60585	0.725007	1.63268	0.935549	1.05379	0.482992	2.22206	0.594556	1.74866	0.79933	1.09635	0.979	1.0263
0.477147	2.44782	0.341145	2.17914	0.477608	2.44912	0.610229	1.61003	0.72653	1.6372	0.936533	1.05846	0.485062	2.22113	0.596188	1.75429	0.800354	1.1013	0.979958	1.03051
0.479431	2.45394	0.343175	2.17897	0.479893	2.45516	0.611731	1.61417	0.728058	1.64165	0.937521	1.06304	0.487131	2.22019	0.597825	1.75989	0.801382	1.1062	0.98092	1.03462
0.48172	2.45979	0.345205	2.17877	0.482183	2.46092	0.613237	1.61829	0.729589	1.64611	0.938514	1.06767	0.489199	2.21925	0.599468	1.7655	0.802415	1.11109	0.981886	1.03873
0.484014	2.46539	0.347235	2.1786	0.484478	2.46644	0.614747	1.6224	0.731125	1.65054	0.939511	1.07229	0.491266	2.21834	0.601115	1.7711	0.803453	1.116	0.982856	1.04288
0.486314	2.47071	0.349265	2.1784	0.486779	2.47173	0.61626	1.62643	0.732665	1.65492	0.940512	1.07687	0.493333	2.21737	0.602768	1.7766	0.804495	1.12087	0.98383	1.047
0.488618	2.47576	0.351294	2.17819	0.489084	2.47676	0.617778	1.63046	0.734209	1.65923	0.941517	1.08147	0.495398	2.21637	0.604426	1.7821	0.805541	1.12572	0.984807	1.05111
0.490927	2.48058	0.353324	2.17802	0.491394	2.48154	0.619299	1.63449	0.735757	1.66354	0.942527	1.08604	0.497462	2.21536	0.606089	1.78756	0.806592	1.13056	0.985788	1.05518
0.49324	2.4852	0.355353	2.17782	0.493708	2.48613	0.620823	1.63845	0.737309	1.66783	0.943541	1.09063	0.499526	2.21438	0.607757	1.793	0.807648	1.1354	0.986773	1.05923
0.495558	2.48963	0.357382	2.17761	0.496027	2.49051	0.622352	1.6424	0.738865	1.67202	0.944559	1.09516	0.501589	2.21337	0.60943	1.79847	0.808708	1.14024	0.987762	1.06331
0.497879	2.49385	0.359411	2.17743	0.498349	2.49468	0.623884	1.64636	0.740424	1.67624	0.945582	1.09966	0.50365	2.21232	0.611108	1.80384	0.809773	1.14507	0.988755	1.06736
0.500205	2.49787	0.361439	2.1772	0.500675	2.49866	0.625419	1.65024	0.741988	1.6804	0.946608	1.10421	0.505711	2.21128	0.612791	1.80916	0.810842	1.14987	0.989751	1.07136
0.502534	2.50175	0.363468	2.17697	0.503005	2.50249	0.626959	1.65408	0.743556	1.68449	0.947639	1.10873	0.507771	2.21025	0.614479	1.8145	0.811915	1.15465	0.990751	1.07538
0.504867	2.50541	0.365496	2.17678	0.505338	2.50612	0.628502	1.65795	0.745127	1.68863	0.948674	1.11325	0.50983	2.20922	0.616172	1.81984	0.812993	1.15942	0.991755	1.07936
0.507203	2.50889	0.367524	2.17658	0.507675	2.50959	0.630048	1.66178	0.746702	1.69271	0.949714	1.11775	0.511888	2.20812	0.61787	1.82511	0.814076	1.16422	0.992762	1.08333
0.509542	2.51224	0.369552	2.17637	0.510015	2.5129	0.631598	1.66561	0.748281	1.69669	0.950757	1.1222	0.513944	2.20702	0.619573	1.83034	0.815163	1.16896	0.993773	1.08733
0.511884	2.51545	0.371579	2.17611	0.512357	2.51609	0.633152	1.66939	0.749864	1.7007	0.951805	1.12665	0.516	2.20596	0.621281	1.83556	0.816254	1.17368	0.994788	1.09127
0.514229	2.51852	0.373607	2.17588	0.514703	2.51911	0.634709	1.67311	0.75145	1.70468	0.952857	1.13111	0.518055	2.20488	0.622993	1.84077	0.81735	1.17846	0.995807	1.09522
0.516577	2.52145	0.375634	2.17569	0.517052	2.52198	0.636269	1.67683	0.75304	1.70857	0.953913	1.13558	0.520109	2.20375	0.624711	1.84594	0.81845	1.18319	0.996829	1.09917
0.518927	2.52423	0.377661	2.17545	0.519403	2.5248	0.637833	1.68057	0.754634	1.71246	0.954973	1.14001	0.522161	2.20261	0.626433	1.85105	0.819554	1.1879	0.997855	1.10305
0.52128	2.52687	0.379688	2.17518	0.521756	2.52742	0.639401	1.68426	0.756231	1.71634	0.956037	1.14442	0.524213	2.20152	0.62816	1.85613	0.820663	1.19256	0.998885	1.10693
0.523636	2.52943	0.381714	2.17497	0.524112	2.52994	0.640972	1.68787	0.757832	1.72019	0.957105	1.14886	0.526264	2.20039	0.629892	1.8612	0.821777	1.19727	0.999918	1.11085
0.525994	2.53189	0.38374	2.17472	0.526471	2.53238	0.642546	1.6915	0.759437	1.72394	0.958178	1.15324	0.528313	2.19924	0.631628	1.86629	0.822894	1.20197	1.00095	1.11282
0.528354	2.53421	0.385766	2.17449	0.528831	2.53465	0.644124	1.69515	0.761045	1.72773	0.959254	1.15763	0.530362	2.19811	0.633369	1.8713	0.824016	1.20659		
0.530716	2.53644	0.387792	2.17426	0.531194	2.53685	0.645705	1.69873	0.762656	1.73148	0.960335	1.16202	0.532409	2.19693	0.635115	1.87625	0.825143	1.21128		
0.53308	2.53854	0.389818	2.174	0.533558	2.53894	0.647289	1.70232	0.764271	1.73516	0.961419	1.16638	0.534455	2.19575	0.636866	1.88122	0.826273	1.21593		
0.535446	2.54058	0.391843	2.17376	0.535925	2.54098	0.648877	1.70587	0.765889	1.73883	0.962508	1.17075	0.536501	2.19461	0.638621	1.88616	0.827408	1.22053		
0.537814	2.54251	0.393868	2.17349	0.538293	2.54291	0.650468	1.7094	0.767511	1.74249	0.963601	1.17506	0.538545	2.19346	0.64038	1.89108	0.828548	1.22517		
0.540184	2.54436	0.395893	2.17321	0.540663	2.54472	0.652062	1.71289	0.769136	1.74608	0.964698	1.17938	0.540588	2.19226	0.642144	1.89592	0.829691	1.2298		
0.542555	2.54616	0.397918	2.17296	0.543035	2.5465	0.65366	1.71635	0.770765	1.74963	0.965799	1.18374	0.54263	2.19107	0.643913	1.90076	0.830839	1.23438		
0.544928	2.54783	0.399942	2.17273	0.545408	2.54816	0.65526	1.71988	0.772397	1.7532	0.966903	1.18804	0.544671	2.18989	0.645686	1.90559	0.831992	1.23895		
0.547303	2.54943	0.401967	2.1725	0.547783	2.54976	0.656864	1.72333	0.774032	1.75675	0.968012	1.19235	0.54671	2.18868	0.647464	1.91036	0.833148	1.24354		
0.549679	2.55097	0.403991	2.17224	0.550159	2.55129	0.658472	1.7267	0.77567	1.76024	0.969125	1.19667	0.548749	2.18749	0.649246	1.91512	0.834309	1.2481		
0.552056	2.55243	0.406014	2.17193	0.552537	2.55272	0.660082	1.73015	0.777312	1.76367	0.970242	1.20091	0.550787	2.18627	0.651033	1.91988	0.835474	1.25265		
0.554435	2.55386	0.408038	2.17166	0.554916	2.55413	0.661696	1.73355	0.778956	1.76711	0.971363	1.20516	0.552823	2.18507	0.652824	1.92453	0.836643	1.2572		
0.556815	2.55519	0.410061	2.17142	0.557296	2.55545	0.663312	1.7369	0.780604	1.77051	0.972488	1.20941	0.554858	2.18389	0.654619	1.9292	0.837816	1.26171		
0.559197	2.55645	0.412084	2.17115	0.559678	2.55667	0.664932	1.74026	0.782256	1.77386	0.973617	1.21365	0.556892	2.18268	0.656418	1.93384	0.838994	1.26627		
0.561579	2.55763	0.414107	2.17087	0.56206	2.55786	0.666555	1.74359	0.78391	1.77718	0.974749	1.2179	0.558925	2.18145	0.658222	1.93843	0.840176	1.27078		
0.563962	2.5588	0.416129	2.17062	0.564444	2.55904	0.668181	1.74694	0.785567	1.78053	0.975886	1.22215	0.560957	2.18021	0.66003	1.94303	0.841362	1.27524		
0.566347	2.5599	0.418151	2.17035	0.566829	2.56011	0.66981	1.75023	0.787228	1.78381	0.977027	1.22636	0.562988	2.179	0.661843	1.94757	0.842552	1.27973		
0.568732	2.56092	0.420173	2.17003	0.569215	2.56115	0.671442	1.75352	0.788891	1.78703	0.978171	1.23052	0.565018	2.17778	0.663659	1.95207	0.843747	1.28422		
0.571119	2.56191	0.422195	2.16976	0.571601	2.56212	0.673078	1.75681	0.790558	1.79029	0.97932	1.23472	0.567046	2.17658	0.66548	1.95656	0.844945	1.28869		
0.573506	2.56285	0.424216	2.16952	0.573989	2.56304	0.674716	1.76003	0.792227	1.79349	0.980472	1.23891	0.569073	2.17536	0.667305	1.961	0.846148	1.29313		
0.575895	2.56375	0.426238	2.16925	0.576377	2.56394	0.676357	1.76329	0.7939	1.79667	0.981628	1.24305	0.5711	2.17409	0.669134	1.96541	0.847355	1.29758		
0.578284	2.56457	0.428259	2.16893	0.578766	2.56472	0.678002	1.76653	0.795575	1.79983	0.982788	1.24725	0.573125	2.1729	0.670968	1.96982	0.848566	1.302		
0.580673	2.56535	0.430279	2.16866	0.581156	2.56551	0.679649	1.76972	0.797253	1.80291	0.983952	1.2514	0.575149	2.17169	0.672805	1.97418	0.849781	1.30641		
0.583064	2.5661	0.4323	2.16838	0.583547	2.56627	0.681299	1.7729	0.798935	1.80599	0.98512	1.25549	0.577171	2.17042	0.674646	1.97852	0.851	1.31085		
0.585455	2.56685	0.43432	2.16806	0.585938	2.56694	0.682953	1.77609	0.800619	1.80907	0.986292	1.25962	0.579193	2.16924	0.676492	1.98282	0.852224	1.31523		
0.587847	2.56748	0.43634	2.16782	0.58833	2.56761	0.684609	1.77927	0.802306	1.81211	0.987467	1.26377	0.581213	2.16803	0.678341	1.98705	0.853451	1.31962		
0.590239	2.56808	0.438359	2.16752	0.590723	2.56824	0.686268	1.78239	0.803995	1.81509	0.988647	1.26786	0.583233	2.16676	0.680194	1.9913	0.854683	1.32401		
0.592632	2.56868	0.440379	2.16722	0.593116	2.56877	0.68793	1.78557	0.805688	1.81805	0.98983	1.27192	0.585251	2.16554	0.682052	1.9955	0.855918	1.3284		
0.595026	2.5692	0.442398	2.16697	0.595509	2.56929	0.689595	1.78869	0.807383	1.82103	0.991017	1.276	0.587268	2.16435	0.683913	1.99966	0.857158	1.33272		
0.59742	2.56971	0.444416	2.16665	0.597903	2.56981	0.691263	1.79179	0.809081	1.82399	0.992208	1.28009	0.589284	2.16316	0.685778	2.00382	0.858402	1.33704		
0.599814	2.57019	0.446435	2.16635	0.600298	2.57025	0.692934	1.79492	0.810782	1.82689	0.993402	1.28415	0.591299	2.16195	0.687647	2.00792	0.859649	1.34143		
0.602209	2.57061	0.448453	2.16605	0.602693	2.57069	0.694608	1.79798	0.812485	1.82974	0.9946	1.2882	0.593313	2.16072	0.689519	2.01198	0.860901	1.34576		
0.604604	2.57101	0.450471	2.16576	0.605088	2.5711	0.696285	1.80105	0.814191	1.83259	0.995803	1.29227	0.595325	2.15952	0.691396	2.01606	0.862157	1.35004		
0.607	2.57135	0.452489	2.16546	0.607484	2.57141	0.697964	1.80416	0.8159	1.83544	0.997008	1.29628	0.597337	2.15833	0.693276	2.02005	0.863417	1.35434		
0.609396	2.57167	0.454506	2.16517	0.60988	2.57171	0.699646	1.80722	0.817611	1.83822	0.998218	1.30027	0.599347	2.15712	0.69516	2.02402	0.864681	1.35862		
0.611792	2.57197	0.456523	2.16488	0.612276	2.57201	0.701332	1.81025	0.819325	1.84097	0.999431	1.30431	0.601356	2.15592	0.697048	2.02798	0.865948	1.36292		
0.614188	2.5722	0.45854	2.16458	0.614672	2.57227	0.70302	1.8133	0.821042	1.84373	1.00065	1.30634	0.603364	2.15474	0.698939	2.0319	0.86722	1.36719		
0.616585	2.57242	0.460557	2.16429	0.617069	2.57247	0.70471	1.81633	0.822761	1.84647			0.605371	2.15356	0.700834	2.03576	0.868496	1.37145		
0.618982	2.57264	0.462573	2.16396	0.619466	2.57268	0.706404	1.81934	0.824483	1.84919			0.607377	2.15239	0.702732	2.0396	0.869776	1.37571		
0.621379	2.57279	0.464589	2.16369	0.621863	2.57282	0.708101	1.82239	0.826207	1.85187			0.609382	2.15118	0.704634	2.04346	0.87106	1.37996		
0.623776	2.5729	0.466605	2.1634	0.62426	2.57293	0.7098	1.82538	0.827933	1.8545			0.611386	2.15002	0.70654	2.04722	0.872347	1.38421		
0.626173	2.57303	0.46862	2.16308	0.626657	2.57302	0.711502	1.82834	0.829662	1.85712			0.613388	2.1489	0.708449	2.05093	0.873639	1.38842		
0.62857	2.57309	0.470636	2.16277	0.629055	2.5731	0.713207	1.83135	0.831394	1.85972			0.61539	2.14775	0.710362	2.05466	0.874934	1.39261		
0.630968	2.57312	0.472651	2.16247	0.631452	2.57314	0.714915	1.83436	0.833128	1.8623			0.61739	2.14659	0.712278	2.05835	0.876234	1.3968		
0.633365	2.57314	0.474665	2.16217	0.633849	2.57313	0.716625	1.83733	0.834864	1.86484			0.61939	2.14542	0.714197	2.06199	0.877537	1.40101		
0.635762	2.57308	0.476679	2.16184	0.636247	2.57308	0.718338	1.84028	0.836603	1.86739			0.621388	2.14429	0.71612	2.06564	0.878844	1.40521		
0.63816	2.57304	0.478693	2.16156	0.638644	2.57302	0.720054	1.84326	0.838344	1.86991			0.623385	2.14317	0.718046	2.06922	0.880156	1.40936		
0.640557	2.57299	0.480707	2.16128	0.641041	2.57296	0.721773	1.84625	0.840087	1.87237			0.625382	2.14203	0.719976	2.07274	0.881471	1.41352		
0.642954	2.57285	0.482721	2.16095	0.643438	2.57285	0.723494	1.84921	0.841833	1.87485			0.627377	2.14094	0.721909	2.07625	0.88279	1.41769		
0.645351	2.57275	0.484734	2.16061	0.645836	2.57273	0.725219	1.85215	0.843581	1.8773			0.629371	2.13985	0.723845	2.07973	0.884112	1.42182		
0.647748	2.57259	0.486747	2.16032	0.648232	2.57252	0.726946	1.85509	0.845331	1.87973			0.631364	2.13872	0.725784	2.08315	0.885439	1.42594		
0.650145	2.57236	0.48876	2.16004	0.650629	2.5723	0.728675	1.85802	0.847083	1.88208			0.633356	2.13764	0.727726	2.08659	0.886769	1.43009		
0.652541	2.57214	0.490772	2.15971	0.653026	2.57212	0.730408	1.86099	0.848838	1.88447			0.635348	2.13659	0.729672	2.08999	0.888104	1.43421		
0.654938	2.57191	0.492784	2.1594	0.655422	2.57185	0.732143	1.86394	0.850595	1.88683			0.637338	2.13552	0.731621	2.0933	0.889442	1.43829		
0.657334	2.57162	0.494796	2.1591	0.657818	2.57153	0.733881	1.86688	0.852354	1.88915			0.639327	2.13443	0.733573	2.0966	0.890784	1.44237		
0.65973	2.57129	0.496807	2.15876	0.660214	2.57126	0.735622	1.86985	0.854115	1.89148			0.641315	2.13337	0.735528	2.0999	0.89213	1.44647		
0.662125	2.57098	0.498818	2.15845	0.662609	2.5709	0.737365	1.8728	0.855878	1.89374			0.643302	2.13233	0.737486	2.10313	0.893479	1.45057		
0.66452	2.5706	0.500829	2.15818	0.665004	2.57054	0.739112	1.87574	0.857644	1.89598			0.645288	2.1313	0.739447	2.10632	0.894833	1.45463		
0.666915	2.5702	0.50284	2.15787	0.667399	2.57014	0.740861	1.87868	0.859411	1.89823			0.647274	2.13027	0.741411	2.10952	0.89619	1.45868		
0.66931	2.56981	0.50485	2.15753	0.669794	2.56969	0.742612	1.88161	0.861181	1.90049			0.649258	2.12928	0.743377	2.11266	0.897551	1.46275		
0.671704	2.56936	0.50686	2.15721	0.672187	2.56924	0.744367	1.88458	0.862953	1.90268			0.651241	2.12827	0.745347	2.11573	0.898915	1.46677		
0.674097	2.56884	0.50887	2.1569	0.674581	2.56876	0.746124	1.88756	0.864726	1.90484			0.653224	2.12725	0.74732	2.11881	0.900284	1.47079		
0.676491	2.56833	0.510879	2.15661	0.676974	2.56823	0.747884	1.89048	0.866502	1.90701			0.655205	2.12627	0.749295	2.12184	0.901656	1.47485		
0.678883	2.56777	0.512888	2.15631	0.679367	2.56767	0.749647	1.89344	0.86828	1.90913			0.657186	2.1253	0.751274	2.12487	0.903032	1.47886		
0.681275	2.56721	0.514897	2.15598	0.681759	2.56709	0.751412	1.89646	0.87006	1.91125			0.659165	2.12434	0.753255	2.12784	0.904412	1.48284		
0.683667	2.56663	0.516906	2.15567	0.68415	2.56648	0.753181	1.8994	0.871841	1.91333			0.661144	2.12338	0.755239	2.13072	0.905795	1.48684		
0.686058	2.56601	0.518914	2.15533	0.686541	2.56588	0.754952	1.90237	0.873625	1.9154			0.663122	2.12247	0.757225	2.13362	0.907182	1.49086		
0.688448	2.5653	0.520922	2.15501	0.688931	2.56517	0.756726	1.90539	0.87541	1.9175			0.665099	2.12153	0.759215	2.1365	0.908573	1.49485		
0.690838	2.56461	0.52293	2.15471	0.691321	2.56446	0.758502	1.90841	0.877198	1.9195			0.667075	2.12059	0.761206	2.13934	0.909968	1.49878		
0.693227	2.56391	0.524937	2.15441	0.69371	2.56377	0.760282	1.91142	0.878987	1.92152			0.669051	2.11968	0.763201	2.14211	0.911366	1.50272		
0.695616	2.56311	0.526944	2.15411	0.696098	2.56298	0.762064	1.91438	0.880778	1.92352			0.671025	2.11878	0.765198	2.14485	0.912768	1.50671		
0.698003	2.56231	0.528951	2.15378	0.698486	2.56215	0.763849	1.91741	0.882572	1.92548			0.672999	2.1179	0.767198	2.14761	0.914174	1.51068		
0.70039	2.56151	0.530958	2.15343	0.700872	2.5613	0.765637	1.92049	0.884366	1.92744			0.674972	2.11705	0.7692	2.15027	0.915583	1.51461		
0.702776	2.56063	0.532964	2.15315	0.703258	2.56047	0.767428	1.92354	0.886163	1.92938			0.676944	2.11619	0.771204	2.15292	0.916996	1.51851		
0.705162	2.55972	0.53497	2.15286	0.705644	2.55957	0.769221	1.9266	0.887962	1.9313			0.678915	2.11532	0.773212	2.15557	0.918413	1.52244		
0.707546	2.55882	0.536975	2.1525	0.708028	2.55858	0.771018	1.9297	0.889762	1.93321			0.680885	2.11448	0.775221	2.15813	0.919833	1.52638		
0.70993	2.55782	0.538981	2.15217	0.710411	2.55761	0.772817	1.93279	0.891564	1.93508			0.682855	2.11362	0.777233	2.1607	0.921257	1.5303		
0.712312	2.55681	0.540986	2.15189	0.712794	2.55661	0.774619	1.93588	0.893368	1.93693			0.684824	2.11279	0.779247	2.16322	0.922684	1.53419		
0.714694	2.55579	0.542991	2.15157	0.715175	2.55556	0.776424	1.93899	0.895173	1.93877			0.686792	2.112	0.781264	2.16566	0.924116	1.53808		
0.717075	2.5547	0.544995	2.15123	0.717556	2.55448	0.778232	1.94216	0.89698	1.94057			0.688759	2.11125	0.783283	2.16812	0.92555	1.54193		
0.719455	2.55356	0.546999	2.15095	0.719935	2.55336	0.780043	1.94532	0.898789	1.94239			0.690726	2.11047	0.785304	2.17056	0.926989	1.54583		
0.721833	2.55241	0.549003	2.15062	0.722314	2.55218	0.781857	1.94851	0.9006	1.94421			0.692692	2.10967	0.787327	2.17292	0.928431	1.54972		
0.724211	2.55121	0.551007	2.15032	0.724691	2.55096	0.783674	1.95172	0.902412	1.94596			0.694657	2.10891	0.789353	2.17523	0.929877	1.55358		
0.726587	2.54999	0.55301	2.14998	0.727067	2.54973	0.785494	1.95493	0.904226	1.94768			0.696622	2.10816	0.791381	2.17756	0.931326	1.5574		
0.728962	2.54872	0.555013	2.14966	0.729442	2.54842	0.787317	1.95819	0.906041	1.94942			0.698585	2.10742	0.793411	2.17986	0.932779	1.56126		
0.731336	2.54735	0.557016	2.14936	0.731816	2.54707	0.789143	1.96147	0.907858	1.95117			0.700549	2.10668	0.795443	2.18207	0.934235	1.56513		
0.733709	2.54597	0.559018	2.14902	0.734188	2.5457	0.790972	1.96479	0.909677	1.95285			0.702511	2.10599	0.797477	2.18431	0.935695	1.56893		
0.73608	2.54459	0.56102	2.14875	0.736559	2.54428	0.792804	1.9681	0.911497	1.9545			0.704473	2.10531	0.799513	2.18649	0.937159	1.57277		
0.738451	2.54312	0.563022	2.14843	0.738929	2.54284	0.794639	1.97144	0.913319	1.9562			0.706434	2.1046	0.801551	2.18861	0.938626	1.5766		
0.740819	2.54162	0.565023	2.14808	0.741298	2.54131	0.796477	1.97483	0.915142	1.95782			0.708395	2.10392	0.803591	2.1907	0.940096	1.58042		
0.743187	2.54007	0.567025	2.14776	0.743665	2.53974	0.798319	1.97821	0.916967	1.95943			0.710354	2.10325	0.805633	2.19276	0.941571	1.58423		
0.745552	2.53845	0.569026	2.14746	0.74603	2.53812	0.800164	1.98165	0.918794	1.96108			0.712314	2.10262	0.807677	2.19482	0.943048	1.58804		
0.747917	2.5368	0.571026	2.14716	0.748394	2.53646	0.802012	1.98517	0.920622	1.96264			0.714272	2.10198	0.809723	2.19684	0.94453	1.59181		
0.750279	2.53509	0.573026	2.14683	0.750757	2.53476	0.803863	1.98865	0.922451	1.96422			0.716231	2.10133	0.811771	2.19884	0.946015	1.5956		
0.752641	2.53336	0.575027	2.14651	0.753117	2.53299	0.805717	1.99219	0.924282	1.96579			0.718188	2.10074	0.81382	2.20075	0.947503	1.5994		
0.755	2.53154	0.577026	2.14621	0.755477	2.53119	0.807575	1.99579	0.926114	1.96734			0.720145	2.10012	0.815871	2.20262	0.948995	1.60313		
0.757358	2.52968	0.579026	2.14591	0.757834	2.5293	0.809436	1.99938	0.927948	1.96884			0.722101	2.09952	0.817925	2.20451	0.95049	1.60694		
0.759714	2.52776	0.581025	2.14558	0.76019	2.52736	0.811301	2.00304	0.929783	1.97033			0.724057	2.09896	0.819979	2.20637	0.951989	1.61071		
0.762068	2.52578	0.583024	2.14523	0.762543	2.52541	0.813169	2.00674	0.931619	1.97188			0.726013	2.09839	0.822036	2.20818	0.953492	1.61446		
0.76442	2.5238	0.585022	2.14495	0.764896	2.52337	0.81504	2.01046	0.933457	1.97335			0.727967	2.09781	0.824094	2.20997	0.954998	1.61821		
0.766771	2.52171	0.587021	2.14466	0.767246	2.52125	0.816915	2.01426	0.935296	1.97478			0.729922	2.09727	0.826154	2.2117	0.956507	1.62195		
0.769119	2.51953	0.589019	2.14433	0.769594	2.51909	0.818793	2.01807	0.937137	1.97623			0.731875	2.09674	0.828215	2.21337	0.95802	1.62568		
0.771466	2.51734	0.591016	2.14398	0.77194	2.51688	0.820675	2.02191	0.938979	1.97768			0.733829	2.09622	0.830278	2.21505	0.959536	1.62942		
0.77381	2.51507	0.593014	2.1437	0.774284	2.5146	0.822561	2.02584	0.940822	1.97907			0.735781	2.0957	0.832343	2.21673	0.961056	1.63319		
0.776152	2.51273	0.595011	2.14337	0.776625	2.51225	0.82445	2.02979	0.942666	1.98046			0.737734	2.09522	0.834409	2.21834	0.96258	1.63687		
0.778492	2.51035	0.597008	2.14307	0.778965	2.50987	0.826343	2.03381	0.944512	1.98185			0.739686	2.09473	0.836476	2.21988	0.964106	1.64058		
0.78083	2.50792	0.599004	2.14276	0.781302	2.5074	0.82824	2.03788	0.946359	1.9832			0.741637	2.09422	0.838545	2.22145	0.965637	1.64434		
0.783165	2.50538	0.601001	2.14243	0.783637	2.50484	0.830141	2.04196	0.948208	1.98458			0.743588	2.09379	0.840616	2.22297	0.96717	1.64805		
0.785499	2.50276	0.602996	2.14212	0.78597	2.50225	0.832045	2.04612	0.950057	1.98592			0.745539	2.09331	0.842688	2.22443	0.968708	1.65174		
0.787829	2.50013	0.604992	2.14181	0.7883	2.49959	0.833953	2.05037	0.951908	1.98725			0.747489	2.09286	0.844761	2.22593	0.970248	1.65541		
0.790157	2.49742	0.606988	2.14152	0.790627	2.49684	0.835866	2.05461	0.95376	1.98854			0.749438	2.09244	0.846835	2.22733	0.971792	1.65912		
0.792483	2.4946	0.608983	2.14118	0.792952	2.49403	0.837782	2.05893	0.955614	1.98981			0.751388	2.09202	0.848911	2.2287	0.97334	1.66284		
0.794806	2.49173	0.610977	2.14087	0.795275	2.49113	0.839702	2.06333	0.957468	1.9911			0.753337	2.09162	0.850988	2.23007	0.974891	1.66649		
0.797126	2.48879	0.612972	2.14057	0.797594	2.48818	0.841627	2.06776	0.959324	1.99237			0.755285	2.09121	0.853067	2.23138	0.976445	1.67019		
0.799443	2.48575	0.614966	2.14027	0.799911	2.48516	0.843555	2.07228	0.961181	1.99363			0.757233	2.09081	0.855146	2.23266	0.978003	1.67386		
0.801758	2.48269	0.61696	2.13998	0.802225	2.48204	0.845488	2.07681	0.963039	1.99484			0.759181	2.09043	0.857227	2.23396	0.979564	1.67753		
0.804069	2.47955	0.618954	2.13965	0.804536	2.47887	0.847425	2.08142	0.964898	1.99607			0.761129	2.09006	0.859309	2.2352	0.981129	1.6812		
0.806378	2.47625	0.620947	2.13933	0.806844	2.47564	0.849367	2.08614	0.966758	1.99731			0.763076	2.08973	0.861392	2.2364	0.982697	1.68483		
0.808684	2.47296	0.62294	2.13903	0.809149	2.4723	0.851312	2.09088	0.96862	1.99848			0.765023	2.08934	0.863476	2.23755	0.984268	1.68851		
0.810986	2.46959	0.624933	2.1387	0.811451	2.46887	0.853263	2.09567	0.970482	1.99965			0.766969	2.089	0.865562	2.23868	0.985843	1.69218		
0.813285	2.46615	0.626925	2.13842	0.81375	2.46544	0.855218	2.10052	0.972346	2.00078			0.768915	2.08869	0.867648	2.23982	0.987422	1.69585		
0.815582	2.4626	0.628918	2.1381	0.816045	2.46189	0.857177	2.10547	0.974211	2.00194			0.770861	2.08838	0.869735	2.24087	0.989003	1.69948		
0.817874	2.45895	0.630909	2.13779	0.818337	2.45825	0.859141	2.11047	0.976076	2.00313			0.772807	2.08808	0.871823	2.24191	0.990588	1.70312		
0.820164	2.4553	0.632901	2.13749	0.820626	2.45452	0.861109	2.1155	0.977943	2.00425			0.774752	2.08775	0.873913	2.24298	0.992177	1.70677		
0.822449	2.45153	0.634892	2.13716	0.822911	2.45072	0.863083	2.12065	0.979811	2.00532			0.776697	2.08747	0.876003	2.24395	0.993769	1.7104		
0.824732	2.44767	0.636883	2.13688	0.825192	2.44691	0.865061	2.12583	0.98168	2.00644			0.778642	2.08719	0.878094	2.24488	0.995364	1.71404		
0.82701	2.44376	0.638874	2.13656	0.82747	2.443	0.867044	2.13105	0.98355	2.00751			0.780586	2.0869	0.880186	2.24582	0.996963	1.71765		
0.829285	2.4398	0.640865	2.13625	0.829745	2.43895	0.869032	2.13637	0.985421	2.00859			0.782531	2.08665	0.882279	2.24673	0.998565	1.72126		
0.831557	2.43572	0.642855	2.13595	0.832015	2.43488	0.871025	2.14174	0.987293	2.00965			0.784475	2.08641	0.884373	2.24762	1.00017	1.72307		
0.833824	2.43156	0.644845	2.13566	0.834282	2.43072	0.873023	2.14718	0.989165	2.01069			0.786418	2.08618	0.886467	2.24847				
0.836088	2.42736	0.646835	2.13536	0.836545	2.42651	0.875026	2.15267	0.991039	2.01172			0.788362	2.08596	0.888562	2.24926				
0.838347	2.4231	0.648824	2.13503	0.838803	2.42221	0.877034	2.15824	0.992914	2.01275			0.790305	2.08574	0.890658	2.25002				
0.840603	2.41873	0.650813	2.13472	0.841058	2.41786	0.879048	2.16385	0.99479	2.01378			0.792248	2.08548	0.892755	2.25081				
0.842854	2.41432	0.652802	2.13442	0.843309	2.41346	0.881066	2.16947	0.996666	2.01473			0.794191	2.08528	0.894853	2.25153				
0.845102	2.40987	0.65479	2.13412	0.845555	2.40895	0.88309	2.17517	0.998544	2.01572			0.796134	2.0851	0.896951	2.25222				
0.847345	2.40535	0.656778	2.13382	0.847798	2.40438	0.88512	2.18096	1.00042	2.01622			0.798077	2.08491	0.899049	2.2529				
0.849584	2.40074	0.658766	2.13353	0.850036	2.3998	0.887154	2.18678					0.800019	2.08473	0.901149	2.25353				
0.851818	2.39605	0.660754	2.13324	0.852269	2.39516	0.889194	2.19265					0.801961	2.08457	0.903248	2.25413				
0.854049	2.39137	0.662741	2.13294	0.854499	2.39038	0.89124	2.19856					0.803904	2.08439	0.905349	2.25469				
0.856274	2.38661	0.664728	2.13261	0.856724	2.38562	0.893291	2.20448					0.805845	2.08422	0.90745	2.25527				
0.858496	2.38177	0.666715	2.1323	0.858944	2.38085	0.895348	2.21044					0.807787	2.0841	0.909551	2.25581				
0.860713	2.37698	0.668702	2.13204	0.86116	2.37598	0.89741	2.21646					0.809729	2.08396	0.911653	2.25634				
0.862925	2.37209	0.670688	2.13172	0.863371	2.37106	0.899478	2.22251					0.81167	2.08382	0.913756	2.25678				
0.865133	2.36712	0.672674	2.13142	0.865578	2.36614	0.901551	2.22857					0.813612	2.08372	0.915859	2.25723				
0.867336	2.36218	0.67466	2.13115	0.86778	2.36119	0.903631	2.23465					0.815553	2.08359	0.917962	2.25767				
0.869534	2.35722	0.676645	2.13084	0.869978	2.35619	0.905715	2.24076					0.817494	2.08345	0.920066	2.25804				
0.871728	2.35217	0.67863	2.1305	0.872171	2.35116	0.907806	2.24693					0.819436	2.08339	0.922169	2.2584				
0.873917	2.34713	0.680615	2.13022	0.874359	2.34612	0.909902	2.25305					0.821377	2.08331	0.924274	2.25873				
0.876102	2.34211	0.6826	2.12997	0.876543	2.34107	0.912004	2.25915					0.823318	2.08321	0.926378	2.25904				
0.878282	2.33704	0.684584	2.12966	0.878722	2.33602	0.914112	2.26532					0.825258	2.08311	0.928483	2.25931				
0.880457	2.33194	0.686568	2.12932	0.880896	2.33094	0.916225	2.27147					0.827199	2.08307	0.930588	2.25959				
0.882627	2.3269	0.688552	2.12905	0.883065	2.32586	0.918345	2.27759					0.82914	2.08297	0.932694	2.25984				
0.884793	2.32186	0.690535	2.12876	0.88523	2.32084	0.92047	2.28373					0.831081	2.08293	0.934799	2.26				
0.886953	2.31681	0.692519	2.12847	0.88739	2.31576	0.9226	2.2898					0.833021	2.0829	0.936905	2.26019				
0.88911	2.31175	0.694502	2.12818	0.889545	2.3107	0.924736	2.29587					0.834962	2.08285	0.939011	2.26036				
0.891261	2.3067	0.696484	2.12789	0.891695	2.30571	0.926878	2.30195					0.836902	2.08279	0.941117	2.26048				
0.893408	2.30168	0.698467	2.1276	0.893841	2.30069	0.929026	2.30799					0.838843	2.08276	0.943223	2.26061				
0.89555	2.29672	0.700449	2.12727	0.895982	2.29573	0.931179	2.31398					0.840783	2.08278	0.945329	2.26068				
0.897688	2.29179	0.702431	2.12699	0.898119	2.29079	0.933338	2.3199					0.842724	2.08272	0.947436	2.26071				
0.899821	2.28683	0.704412	2.12674	0.900251	2.28587	0.935502	2.32579					0.844664	2.08273	0.949542	2.26073				
0.901949	2.28197	0.706393	2.12644	0.902379	2.28099	0.937671	2.33167					0.846605	2.08273	0.951648	2.26074				
0.904073	2.27716	0.708375	2.12614	0.904501	2.27617	0.939847	2.33746					0.848545	2.08273	0.953755	2.26074				
0.906192	2.27238	0.710355	2.12584	0.90662	2.27142	0.942027	2.34322					0.850486	2.08277	0.955861	2.26067				
0.908307	2.26764	0.712336	2.12555	0.908734	2.26666	0.944213	2.34891					0.852426	2.08275	0.957967	2.2606				
0.910418	2.26293	0.714316	2.12529	0.910844	2.26201	0.946404	2.35451					0.854367	2.08274	0.960073	2.26049				
0.912524	2.25834	0.716296	2.12498	0.912949	2.25742	0.9486	2.36009					0.856307	2.08277	0.962179	2.26036				
0.914626	2.25377	0.718276	2.12468	0.91505	2.25285	0.950802	2.36559					0.858248	2.08282	0.964285	2.26026				
0.916724	2.24926	0.720255	2.12441	0.917147	2.24837	0.953008	2.37098					0.860188	2.08289	0.966391	2.2601				
0.918817	2.24484	0.722234	2.12414	0.91924	2.24393	0.95522	2.37631					0.862129	2.08292	0.968497	2.25988				
0.920907	2.24047	0.724213	2.12385	0.921328	2.23959	0.957436	2.38161					0.86407	2.08293	0.970602	2.25965				
0.922992	2.23619	0.726192	2.12356	0.923413	2.23533	0.959658	2.38679					0.86601	2.08302	0.972707	2.25943				
0.925073	2.23197	0.72817	2.12327	0.925494	2.23111	0.961884	2.39186					0.867951	2.08309	0.974812	2.25917				
0.927151	2.22781	0.730148	2.12302	0.92757	2.22699	0.964115	2.39686					0.869892	2.08313	0.976917	2.2589				
0.929225	2.22375	0.732126	2.12274	0.929643	2.22295	0.96635	2.40177					0.871833	2.08319	0.979021	2.25858				
0.931295	2.21978	0.734104	2.12242	0.931713	2.21899	0.96859	2.40664					0.873774	2.08325	0.981126	2.25827				
0.933361	2.21589	0.736081	2.12215	0.933778	2.21511	0.970835	2.41139					0.875715	2.08336	0.98323	2.25793				
0.935424	2.21208	0.738058	2.12187	0.93584	2.2113	0.973083	2.41603					0.877656	2.08345	0.985333	2.25751				
0.937483	2.2083	0.740035	2.12158	0.937899	2.20756	0.975337	2.42062					0.879597	2.08353	0.987436	2.25711				
0.939539	2.20462	0.742012	2.12133	0.939954	2.2039	0.977594	2.42508					0.881538	2.08361	0.989539	2.25673				
0.941591	2.20106	0.743988	2.12102	0.942005	2.20035	0.979855	2.42947					0.88348	2.08372	0.991641	2.25632				
0.94364	2.19759	0.745964	2.12076	0.944054	2.19689	0.982121	2.43379					0.885421	2.08385	0.993743	2.25586				
0.945686	2.19418	0.74794	2.12051	0.946099	2.19351	0.984391	2.43796					0.887363	2.08391	0.995845	2.25534				
0.947729	2.19082	0.749915	2.12021	0.948141	2.19017	0.986664	2.44206					0.889304	2.08402	0.997946	2.25486				
0.949768	2.1876	0.75189	2.11991	0.95018	2.18693	0.988941	2.44609					0.891246	2.08414	1.00005	2.25465				
0.951805	2.18446	0.753865	2.11965	0.952216	2.1838	0.991222	2.45001					0.893188	2.08428						
0.953839	2.18135	0.75584	2.11938	0.954249	2.18074	0.993506	2.45387					0.89513	2.08442						
0.95587	2.17836	0.757815	2.11909	0.95628	2.17778	0.995794	2.4576					0.897072	2.08453						
0.957898	2.17544	0.759789	2.11884	0.958307	2.17487	0.998086	2.46122					0.899014	2.08465						
0.959923	2.17259	0.761763	2.11857	0.960332	2.17203	1.00038	2.46304					0.900956	2.08479						
0.961946	2.16985	0.763737	2.11832	0.962355	2.16929							0.902899	2.08493						
0.963967	2.16716	0.76571	2.11805	0.964375	2.16663							0.904841	2.08508						
0.965985	2.16457	0.767683	2.11773	0.966392	2.16406							0.906784	2.08522						
0.968	2.16203	0.769656	2.11746	0.968407	2.16153							0.908727	2.0854						
0.970013	2.15958	0.771629	2.11722	0.97042	2.15909							0.91067	2.08553						
0.972024	2.15723	0.773602	2.11695	0.97243	2.15674							0.912613	2.08567						
0.974033	2.15491	0.775574	2.11667	0.974439	2.15446							0.914556	2.08585						
0.97604	2.15266	0.777546	2.11642	0.976445	2.15223							0.9165	2.08605						
0.978044	2.15051	0.779517	2.11615	0.978449	2.15005							0.918444	2.08622						
0.980047	2.1484	0.781489	2.11587	0.980451	2.14801							0.920387	2.08634						
0.982048	2.14636	0.78346	2.11562	0.982452	2.14596							0.922331	2.08651						
0.984047	2.14443	0.785431	2.11534	0.98445	2.14402							0.924275	2.08671						
0.986044	2.14251	0.787402	2.1151	0.986447	2.14214							0.92622	2.08692						
0.988039	2.14063	0.789372	2.11483	0.988442	2.14028							0.928164	2.08709						
0.990032	2.13889	0.791343	2.11455	0.990435	2.13854							0.930109	2.08726						
0.992024	2.13718	0.793313	2.1143	0.992427	2.13683							0.932053	2.08748						
0.994015	2.13551	0.795282	2.11402	0.994417	2.13517							0.933998	2.08767						
0.996004	2.13391	0.797252	2.11378	0.996405	2.13357							0.935944	2.08784						
0.997991	2.13234	0.799221	2.11355	0.998392	2.13204							0.937889	2.08807						
0.999977	2.13086	0.80119	2.11328	1.00038	2.13129							0.939835	2.08826						
1.00196	2.13013	0.803159	2.11301									0.94178	2.08846						
		0.805128	2.11272									0.943726	2.08867						
		0.807096	2.11247									0.945672	2.08889						
		0.809064	2.11223									0.947619	2.0891						
		0.811032	2.112									0.949565	2.08929						
		0.812999	2.11174									0.951512	2.08952						
		0.814967	2.11147									0.953459	2.08975						
		0.816934	2.11122									0.955406	2.08998						
		0.818901	2.11098									0.957353	2.0902						
		0.820867	2.11072									0.959301	2.09042						
		0.822834	2.11044									0.961248	2.09068						
		0.8248	2.11023									0.963196	2.09092						
		0.826766	2.10998									0.965145	2.09111						
		0.828732	2.1097									0.967093	2.09135						
		0.830697	2.10949									0.969042	2.09158						
		0.832663	2.10924									0.97099	2.09181						
		0.834628	2.10897									0.972939	2.0921						
		0.836592	2.10873									0.974889	2.09232						
		0.838557	2.10849									0.976838	2.09254						
		0.840521	2.10827									0.978788	2.09284						
		0.842486	2.10801									0.980738	2.09306						
		0.844449	2.10773									0.982688	2.09331						
		0.846413	2.10752									0.984639	2.09359						
		0.848377	2.1073									0.986589	2.0938						
		0.85034	2.10705									0.98854	2.09409						
		0.852303	2.10681									0.990491	2.09434						
		0.854266	2.10655									0.992443	2.09458						
		0.856228	2.1063									0.994394	2.09484						
		0.85819	2.10607									0.996346	2.09512						
		0.860153	2.10585									0.998298	2.09541						
		0.862114	2.10563									1.00025	2.09553						
		0.864076	2.1054																
		0.866038	2.10515																
		0.867999	2.10491																
		0.86996	2.10468																
		0.871921	2.10446																
		0.873881	2.10423																
		0.875842	2.10398																
		0.877802	2.10374																
		0.879762	2.10355																
		0.881722	2.1033																
		0.883681	2.10307																
		0.88564	2.10288																
		0.8876	2.1026																
		0.889558	2.10239																
		0.891517	2.10218																
		0.893476	2.10196																
		0.895434	2.10174																
		0.897392	2.10148																
		0.89935	2.10128																
		0.901307	2.10107																
		0.903265	2.10086																
		0.905222	2.10064																
		0.907179	2.10042																
		0.909136	2.1002																
		0.911093	2.09995																
		0.913049	2.09975																
		0.915005	2.09957																
		0.916961	2.09934																
		0.918917	2.09911																
		0.920873	2.09892																
		0.922828	2.09872																
		0.924784	2.09847																
		0.926739	2.09828																
		0.928694	2.09807																
		0.930648	2.09785																
		0.932603	2.09767																
		0.934557	2.09744																
		0.936511	2.09721																
		0.938465	2.09702																
		0.940419	2.09685																
		0.942372	2.09662																
		0.944325	2.0964																
		0.946279	2.09625																
		0.948232	2.09603																
		0.950184	2.09581																
		0.952137	2.09563																
		0.954089	2.09542																
		0.956041	2.09521																
		0.957993	2.095																
		0.959945	2.09482																
		0.961897	2.09465																
		0.963848	2.09446																
		0.9658	2.09422																
		0.967751	2.09403																
		0.969702	2.09386																
		0.971652	2.09366																
		0.973603	2.09349																
		0.975553	2.09329																
		0.977504	2.09309																
		0.979454	2.09291																
		0.981404	2.09271																
		0.983353	2.0925																
		0.985303	2.09232																
		0.987252	2.09216																
		0.989201	2.09197																
		0.99115	2.0918																
		0.993099	2.09161																
		0.995048	2.0914																
		0.996996	2.09122																
		0.998944	2.09106																
		1.00089	2.09101																
