Sym0		Asym0		Sym1		Sym2		Sym3		Sym4		Asym1		Asym2		Asym3		Asym4	
426  Points		527  Points		425  Points		405  Points		353  Points		253  Points		457  Points		401  Points		346  Points		216  Points	
Freq (MHz)	Vgr (m/ms)	Freq (MHz)	Vgr (m/ms)	Freq (MHz)	Vgr (m/ms)	Freq (MHz)	Vgr (m/ms)	Freq (MHz)	Vgr (m/ms)	Freq (MHz)	Vgr (m/ms)	Freq (MHz)	Vgr (m/ms)	Freq (MHz)	Vgr (m/ms)	Freq (MHz)	Vgr (m/ms)	Freq (MHz)	Vgr (m/ms)
0.279509	0.00981987	0.000351985	0.265377	0.27951	0.0115684	0.441185	0.00883388	0.559017	0.00886632	0.838526	0.00341288	0.139763	0.0723898	0.419267	0.0169884	0.698772	0.00679893	0.882371	0.00825414
0.279518	0.0152668	0.000599235	0.299869	0.279521	0.0169917	0.441193	0.0150939	0.559026	0.0147876	0.838529	0.00652153	0.13983	0.108099	0.419283	0.0231438	0.698779	0.010004	0.882378	0.0113532
0.279538	0.0261875	0.000910758	0.36841	0.279542	0.027915	0.441213	0.0276485	0.559045	0.0266189	0.838538	0.012698	0.139964	0.179339	0.41931	0.0354577	0.698791	0.0163235	0.882392	0.0175743
0.279567	0.0371159	0.00128573	0.435986	0.279573	0.0388484	0.441244	0.04016	0.559075	0.0384162	0.838552	0.0188987	0.140165	0.250115	0.419349	0.0477808	0.698809	0.0225903	0.882411	0.0237907
0.279607	0.0479863	0.00172317	0.502436	0.279614	0.049729	0.441288	0.0526586	0.559116	0.0502188	0.838573	0.0250746	0.14043	0.320182	0.419399	0.0601223	0.698833	0.0288983	0.882436	0.0299981
0.279657	0.0588872	0.00222196	0.567587	0.279666	0.0606502	0.441342	0.0652045	0.559169	0.0620321	0.838599	0.0312006	0.140761	0.389344	0.419461	0.0725006	0.698863	0.0352156	0.882467	0.0361873
0.279717	0.0698494	0.00278081	0.631239	0.279727	0.0715797	0.441409	0.0776988	0.559232	0.0737933	0.838631	0.0373735	0.141156	0.457502	0.419534	0.084806	0.698899	0.0415513	0.882504	0.0424134
0.279787	0.080714	0.00339821	0.693357	0.279799	0.0824523	0.441487	0.0901629	0.559306	0.0855971	0.838669	0.0435671	0.141614	0.524458	0.419619	0.0971122	0.69894	0.0478505	0.882546	0.04864
0.279867	0.0916036	0.0040728	0.753872	0.279881	0.0933576	0.441577	0.10264	0.559392	0.0974126	0.838712	0.0497287	0.142133	0.590035	0.419715	0.10942	0.698988	0.0541503	0.882594	0.0547943
0.279958	0.102543	0.00480296	0.812647	0.279973	0.104255	0.441679	0.115143	0.559488	0.109178	0.838761	0.0558995	0.142713	0.654172	0.419823	0.121731	0.699041	0.0604509	0.882648	0.0610237
0.280058	0.113435	0.00558708	0.869625	0.280075	0.115137	0.441792	0.127625	0.559595	0.120918	0.838816	0.0620887	0.143352	0.716748	0.419942	0.134047	0.6991	0.0667533	0.882708	0.0672571
0.280169	0.124306	0.00642341	0.924767	0.280187	0.126062	0.441916	0.140064	0.559713	0.132679	0.838877	0.0682415	0.144049	0.777668	0.420073	0.146302	0.699166	0.0730593	0.882774	0.0734249
0.28029	0.135208	0.00731028	0.978069	0.28031	0.136924	0.442053	0.15249	0.559842	0.144481	0.838944	0.0743948	0.144801	0.836811	0.420215	0.158581	0.699237	0.0793725	0.882845	0.0796083
0.280421	0.146099	0.00824594	1.02945	0.280443	0.147808	0.442201	0.164892	0.559982	0.156221	0.839016	0.0805491	0.145608	0.89416	0.420368	0.170835	0.699313	0.0857001	0.882922	0.0858228
0.280562	0.156968	0.00922854	1.07896	0.280585	0.158738	0.44236	0.177319	0.560133	0.167909	0.839094	0.0867054	0.146467	0.949751	0.420533	0.18311	0.699396	0.0919832	0.883005	0.0920261
0.280713	0.167866	0.0102565	1.12664	0.280738	0.16961	0.442531	0.18972	0.560295	0.179639	0.839177	0.0928657	0.147258	0.99668	0.420709	0.195356	0.699485	0.0982505	0.883093	0.0982072
0.280875	0.178749	0.0113279	1.17241	0.280901	0.180442	0.442713	0.202071	0.560468	0.19138	0.839267	0.0990338	0.147961	1.03557	0.420897	0.207543	0.699579	0.104559	0.883188	0.104417
0.281046	0.189602	0.0124411	1.21636	0.281075	0.191339	0.442907	0.214396	0.560652	0.203071	0.839362	0.105218	0.148563	1.06685	0.421096	0.219759	0.69968	0.110879	0.883288	0.110611
0.281228	0.200468	0.0135945	1.25846	0.281258	0.20222	0.443113	0.226741	0.560846	0.214734	0.839463	0.11136	0.149051	1.0912	0.421307	0.231959	0.699786	0.117145	0.883394	0.116773
0.28142	0.21136	0.0147861	1.2988	0.281451	0.213069	0.44333	0.239053	0.561052	0.226414	0.839569	0.117492	0.149418	1.10882	0.421528	0.244129	0.699898	0.123452	0.883506	0.122946
0.281622	0.222232	0.0160146	1.33745	0.281655	0.223927	0.443558	0.2513	0.561268	0.238054	0.839682	0.123677	0.149655	1.11991	0.421762	0.256309	0.700016	0.129767	0.883623	0.129138
0.281834	0.233063	0.0172783	1.37438	0.281869	0.234803	0.443798	0.263561	0.561496	0.249691	0.8398	0.129821	0.15	1.13569	0.422006	0.268438	0.70014	0.136026	0.883746	0.135298
0.282056	0.243885	0.0185756	1.40971	0.282093	0.245642	0.444049	0.275778	0.561734	0.261318	0.839924	0.135957	0.150381	1.15254	0.422262	0.280539	0.700269	0.142318	0.883875	0.141465
0.282289	0.254761	0.0199052	1.44347	0.282326	0.25648	0.444312	0.287982	0.561983	0.272926	0.840053	0.142076	0.150908	1.17517	0.422529	0.292655	0.700405	0.148602	0.88401	0.147645
0.282531	0.265601	0.0212654	1.47568	0.28257	0.267316	0.444586	0.300158	0.562242	0.284497	0.840188	0.148236	0.151588	1.20318	0.422807	0.30473	0.700546	0.154872	0.88415	0.153782
0.282783	0.27644	0.0226549	1.50649	0.282825	0.278148	0.444871	0.312278	0.562513	0.296067	0.840329	0.154403	0.152433	1.23605	0.423097	0.316793	0.700694	0.161186	0.884296	0.159975
0.283046	0.287279	0.0240726	1.53588	0.283089	0.288973	0.445168	0.324361	0.562794	0.307635	0.840476	0.160513	0.153452	1.27339	0.423397	0.328836	0.700847	0.167443	0.884448	0.166137
0.283319	0.298044	0.0255169	1.56388	0.283363	0.299782	0.445476	0.336442	0.563086	0.319126	0.840628	0.166652	0.154658	1.31461	0.423709	0.340836	0.701006	0.17373	0.884606	0.172235
0.283601	0.308881	0.0269867	1.5906	0.283647	0.310635	0.445795	0.348518	0.563389	0.330607	0.840787	0.172778	0.155901	1.35415	0.424032	0.352824	0.70117	0.180006	0.884769	0.178424
0.283894	0.319715	0.0284808	1.61614	0.283942	0.321427	0.446125	0.360512	0.563702	0.342072	0.84095	0.178878	0.157181	1.39198	0.424367	0.364788	0.701341	0.186259	0.884938	0.184577
0.284197	0.33047	0.0299982	1.64048	0.284207	0.330807	0.446467	0.372489	0.564026	0.353575	0.84112	0.185	0.158495	1.42818	0.424712	0.376705	0.701518	0.19254	0.885113	0.190657
0.28451	0.341286	0.0315376	1.66367	0.284438	0.338842	0.446819	0.38443	0.564361	0.36501	0.841295	0.191163	0.159842	1.46283	0.425069	0.3886	0.7017	0.198802	0.885294	0.196813
0.284833	0.352078	0.0330983	1.68581	0.284634	0.345476	0.447183	0.396301	0.564706	0.37638	0.841476	0.197264	0.161221	1.49594	0.425436	0.400525	0.701888	0.205102	0.88548	0.202971
0.285166	0.362822	0.034679	1.70695	0.284792	0.350653	0.447558	0.408179	0.565062	0.387767	0.841663	0.203387	0.16263	1.52758	0.425815	0.412364	0.702082	0.211329	0.885672	0.209061
0.285509	0.373617	0.036279	1.7271	0.284909	0.354542	0.447944	0.419995	0.565429	0.399116	0.841855	0.20948	0.164067	1.55787	0.426205	0.424177	0.702282	0.217556	0.885869	0.215163
0.285862	0.384368	0.0378972	1.7463	0.284985	0.357026	0.44834	0.431762	0.565806	0.410461	0.842053	0.215588	0.165533	1.58675	0.426605	0.43601	0.702487	0.22386	0.886073	0.221288
0.286225	0.395103	0.039533	1.76465	0.285095	0.360549	0.448748	0.443504	0.566194	0.421799	0.842257	0.221724	0.167024	1.61429	0.427017	0.447737	0.702699	0.230095	0.886282	0.227385
0.286599	0.405879	0.0411854	1.78214	0.285215	0.364412	0.449167	0.455196	0.566592	0.433048	0.842466	0.227771	0.168541	1.64067	0.42744	0.459473	0.702916	0.236339	0.886497	0.233501
0.286982	0.416592	0.0428538	1.79883	0.285381	0.369642	0.449596	0.466861	0.567	0.444268	0.842681	0.233858	0.170081	1.66586	0.427873	0.471227	0.703139	0.242602	0.886717	0.23958
0.287375	0.427324	0.0445374	1.81476	0.285595	0.376221	0.450037	0.478472	0.56742	0.455502	0.842902	0.239955	0.171645	1.68989	0.428318	0.482869	0.703368	0.24883	0.886943	0.245658
0.287778	0.438022	0.0462354	1.83001	0.285858	0.38423	0.450488	0.49005	0.567849	0.466689	0.843128	0.246069	0.17323	1.71285	0.428773	0.494508	0.703603	0.255059	0.887175	0.251735
0.288191	0.448725	0.0479474	1.84453	0.286174	0.393628	0.45095	0.50156	0.568289	0.477859	0.84336	0.252144	0.174836	1.73481	0.429239	0.506141	0.703843	0.261291	0.887412	0.257811
0.288614	0.459437	0.0496725	1.85841	0.286545	0.404314	0.451423	0.513007	0.56874	0.488992	0.843598	0.258216	0.176463	1.75574	0.429716	0.517687	0.70409	0.26753	0.887655	0.263884
0.289047	0.470095	0.0514103	1.87168	0.286927	0.415077	0.451906	0.524476	0.5692	0.500053	0.843842	0.264281	0.178108	1.77577	0.430204	0.529207	0.704342	0.273783	0.887904	0.26995
0.28949	0.480791	0.0531602	1.88437	0.287319	0.425805	0.4524	0.535841	0.569672	0.511114	0.844091	0.270331	0.179772	1.79494	0.430702	0.540749	0.7046	0.279989	0.888158	0.276004
0.289943	0.491489	0.0549216	1.8965	0.287721	0.436515	0.452904	0.547145	0.570153	0.522177	0.844345	0.276425	0.181453	1.8132	0.431146	0.55077	0.704864	0.286177	0.888418	0.282032
0.290406	0.502117	0.0566941	1.90809	0.288132	0.447254	0.453419	0.558474	0.570645	0.53317	0.844606	0.282461	0.18315	1.83069	0.43153	0.559239	0.705133	0.2924	0.888684	0.288082
0.290879	0.512755	0.0584772	1.91917	0.288554	0.457933	0.453945	0.569707	0.571146	0.544096	0.844872	0.288527	0.184864	1.84745	0.431852	0.566248	0.705409	0.29862	0.888955	0.294104
0.291361	0.52341	0.0602703	1.92976	0.288986	0.468583	0.454412	0.579462	0.571658	0.555036	0.845143	0.294579	0.186593	1.86341	0.432109	0.571735	0.70569	0.304835	0.889232	0.30014
0.291854	0.534027	0.0620731	1.93989	0.289427	0.479291	0.454815	0.587711	0.572181	0.565929	0.845421	0.300605	0.188336	1.87871	0.4323	0.575925	0.705977	0.311038	0.889514	0.306135
0.292357	0.54464	0.0638851	1.94961	0.289879	0.489992	0.455154	0.594534	0.572713	0.576803	0.845704	0.306652	0.190094	1.89336	0.432423	0.578498	0.706269	0.31722	0.889802	0.312118
0.292869	0.555247	0.0657059	1.95893	0.29034	0.500616	0.455424	0.599975	0.573255	0.587636	0.845992	0.312666	0.191864	1.90738	0.432601	0.582147	0.706568	0.323431	0.890096	0.318152
0.293391	0.565841	0.0675353	1.96783	0.290812	0.511238	0.455624	0.603917	0.573808	0.598391	0.846286	0.318687	0.193648	1.92084	0.432795	0.586297	0.706872	0.329628	0.890395	0.324141
0.293923	0.576407	0.0693728	1.97632	0.291293	0.521896	0.455753	0.606421	0.57437	0.609132	0.846586	0.324725	0.195444	1.93369	0.433062	0.591757	0.707182	0.335795	0.8907	0.330112
0.294465	0.586994	0.071218	1.98453	0.291784	0.532534	0.455939	0.609992	0.574943	0.619849	0.846891	0.330721	0.197251	1.946	0.433402	0.598682	0.707498	0.341978	0.89101	0.336123
0.295017	0.597547	0.0730707	1.99236	0.292285	0.543127	0.456143	0.613943	0.575525	0.630517	0.847202	0.336707	0.19907	1.95784	0.43382	0.607062	0.707819	0.348119	0.891326	0.342064
0.295579	0.608107	0.0749305	1.99984	0.292796	0.553734	0.456422	0.619357	0.576118	0.641158	0.847519	0.342746	0.200899	1.96914	0.434316	0.616883	0.708146	0.35432	0.891648	0.348015
0.29615	0.618679	0.0767972	2.00709	0.293317	0.564347	0.456778	0.626029	0.57672	0.651748	0.847841	0.348746	0.202739	1.97999	0.434896	0.628082	0.708479	0.360498	0.891975	0.353983
0.296732	0.629204	0.0786705	2.01398	0.293848	0.574927	0.457215	0.634149	0.577332	0.662307	0.848168	0.354739	0.204589	1.99043	0.435487	0.639248	0.708818	0.366628	0.892307	0.359914
0.297323	0.639706	0.08055	2.02058	0.294388	0.585527	0.457733	0.643647	0.577954	0.672805	0.848502	0.36072	0.206448	2.00045	0.436088	0.650434	0.709163	0.372808	0.892645	0.365843
0.297924	0.650237	0.0824356	2.02697	0.294939	0.596101	0.458338	0.654465	0.578504	0.681946	0.848841	0.366676	0.208316	2.01004	0.436699	0.66152	0.709513	0.378943	0.892989	0.371769
0.298534	0.660753	0.084327	2.03308	0.295499	0.606624	0.458953	0.665257	0.578979	0.689727	0.849185	0.372655	0.210194	2.01926	0.43732	0.672557	0.709869	0.385061	0.893338	0.377688
0.299155	0.671237	0.086224	2.03893	0.296069	0.61716	0.459578	0.675964	0.579376	0.696056	0.849535	0.378608	0.212079	2.02812	0.437952	0.683568	0.71023	0.391217	0.893693	0.383594
0.299785	0.681731	0.0881264	2.04455	0.296649	0.627701	0.460212	0.686627	0.579692	0.701104	0.849891	0.38458	0.213973	2.03662	0.438594	0.69453	0.710598	0.397377	0.894053	0.389472
0.300425	0.692174	0.0900338	2.04994	0.297239	0.638245	0.460857	0.697269	0.579926	0.704829	0.850252	0.39052	0.215874	2.04482	0.439246	0.705504	0.710971	0.403471	0.894418	0.39537
0.301075	0.702657	0.0919462	2.05515	0.297838	0.648753	0.461512	0.707826	0.580076	0.707203	0.850618	0.396466	0.217783	2.05266	0.439909	0.716375	0.711349	0.409581	0.894789	0.401233
0.301735	0.713151	0.0938634	2.06015	0.298448	0.659245	0.462176	0.718305	0.580293	0.710651	0.85099	0.402425	0.219699	2.06024	0.440581	0.727193	0.711734	0.415722	0.895166	0.4071
0.302404	0.723592	0.0957851	2.06495	0.299067	0.669764	0.46285	0.728745	0.58053	0.714373	0.851368	0.408338	0.221622	2.06751	0.441264	0.738023	0.712124	0.42185	0.895548	0.412974
0.303083	0.734073	0.0977112	2.06957	0.299696	0.68026	0.463534	0.739128	0.580854	0.719342	0.851751	0.414232	0.223552	2.07451	0.441956	0.748784	0.71252	0.427956	0.895936	0.41879
0.303683	0.743171	0.0996415	2.07397	0.300334	0.690708	0.464227	0.749447	0.581268	0.725622	0.85214	0.420161	0.225488	2.08127	0.442659	0.759511	0.712922	0.434014	0.896328	0.424636
0.3042	0.750937	0.101576	2.07823	0.300983	0.701206	0.464931	0.759733	0.581773	0.733257	0.852534	0.426085	0.22743	2.08773	0.443372	0.770148	0.713329	0.440124	0.896727	0.430467
0.304631	0.757344	0.103514	2.08236	0.301641	0.711692	0.465643	0.769967	0.582372	0.742176	0.852934	0.432	0.229378	2.094	0.444094	0.780777	0.713742	0.446192	0.897131	0.436271
0.304975	0.762338	0.105456	2.0863	0.302309	0.722098	0.466365	0.780101	0.583068	0.752364	0.853339	0.437898	0.231332	2.10003	0.444827	0.791401	0.714106	0.4515	0.89754	0.442093
0.305229	0.766163	0.107402	2.09007	0.302987	0.732575	0.467097	0.790185	0.583774	0.762511	0.85375	0.443761	0.233291	2.10582	0.445569	0.801914	0.71442	0.456	0.897954	0.447877
0.305393	0.768555	0.109351	2.09374	0.303674	0.74305	0.467838	0.800207	0.584489	0.772639	0.854166	0.449628	0.235256	2.11143	0.446321	0.812407	0.714682	0.459763	0.898374	0.453659
0.305629	0.77196	0.111303	2.09726	0.304371	0.753488	0.468588	0.810199	0.585213	0.782683	0.854588	0.455503	0.237226	2.1168	0.447083	0.822853	0.714891	0.462688	0.8988	0.459436
0.305886	0.775748	0.113259	2.10065	0.305078	0.763907	0.469347	0.820138	0.585947	0.792686	0.855015	0.461394	0.2392	2.12197	0.447854	0.83324	0.715045	0.464857	0.89923	0.465205
0.306238	0.780742	0.115217	2.1039	0.305795	0.774316	0.470116	0.829979	0.586691	0.802631	0.855448	0.467242	0.24118	2.12701	0.448635	0.843597	0.715144	0.46626	0.899667	0.470956
0.306687	0.787104	0.116927	2.10667	0.306521	0.784795	0.470894	0.83977	0.587443	0.812547	0.855886	0.47308	0.243164	2.13184	0.449426	0.853903	0.715287	0.468264	0.900108	0.476672
0.307234	0.794867	0.118386	2.10894	0.307257	0.795234	0.471681	0.849499	0.588205	0.822449	0.856329	0.478896	0.245152	2.13649	0.450226	0.864182	0.715444	0.470417	0.900555	0.482391
0.307883	0.803985	0.119593	2.11077	0.308003	0.805617	0.472477	0.859198	0.588975	0.832271	0.856778	0.484743	0.247145	2.14101	0.451036	0.874376	0.715657	0.473343	0.901007	0.488117
0.308637	0.814436	0.120549	2.11222	0.308758	0.816082	0.473282	0.868808	0.589755	0.842089	0.857232	0.490576	0.249142	2.14536	0.451856	0.884526	0.715929	0.477106	0.901464	0.493856
0.309401	0.824862	0.121252	2.11318	0.309523	0.826515	0.474096	0.878337	0.590545	0.851832	0.857692	0.496383	0.251142	2.14954	0.452685	0.894692	0.716261	0.481528	0.901927	0.499548
0.310174	0.835275	0.121702	2.11376	0.310298	0.836932	0.474919	0.887862	0.591343	0.861464	0.858157	0.50221	0.253147	2.15358	0.453523	0.904755	0.716654	0.486802	0.902395	0.505218
0.310957	0.845719	0.122349	2.11478	0.311083	0.847377	0.47575	0.897313	0.59215	0.871114	0.858628	0.508006	0.255155	2.1575	0.45437	0.914767	0.71711	0.492859	0.902869	0.510847
0.31175	0.856177	0.123053	2.11582	0.311877	0.857799	0.476591	0.906689	0.592966	0.880737	0.859042	0.513031	0.257167	2.16129	0.455227	0.924791	0.717572	0.498853	0.903347	0.516537
0.312553	0.866607	0.124011	2.11706	0.312681	0.868284	0.47744	0.915991	0.593791	0.890272	0.859399	0.517358	0.259183	2.16491	0.456094	0.934709	0.71804	0.50489	0.903831	0.522204
0.313365	0.877058	0.125223	2.11871	0.313495	0.878763	0.478298	0.925256	0.594625	0.899801	0.859696	0.520913	0.261201	2.1684	0.456969	0.944576	0.718513	0.510948	0.90432	0.527826
0.314187	0.887557	0.12669	2.12066	0.314319	0.889203	0.479164	0.934466	0.595468	0.909252	0.859932	0.523683	0.263223	2.17184	0.457854	0.954417	0.718992	0.516943	0.904751	0.532738
0.315019	0.898007	0.128412	2.12286	0.315152	0.89966	0.480039	0.943576	0.596319	0.918629	0.860107	0.525728	0.265248	2.17513	0.458748	0.964207	0.719476	0.522907	0.905121	0.536873
0.315861	0.908505	0.130391	2.12529	0.315995	0.910162	0.480922	0.952635	0.597179	0.928005	0.860219	0.527051	0.267276	2.17827	0.459651	0.973973	0.719966	0.528892	0.905429	0.54029
0.316712	0.919028	0.132373	2.12764	0.316848	0.920686	0.481814	0.961669	0.598048	0.937307	0.860381	0.528956	0.269307	2.18135	0.460563	0.983654	0.720462	0.534887	0.905674	0.543087
0.317573	0.929526	0.134356	2.12992	0.317711	0.931222	0.482714	0.970654	0.598926	0.946536	0.860557	0.531005	0.271341	2.18431	0.461483	0.993291	0.720963	0.540888	0.905855	0.545123
0.318444	0.940085	0.136342	2.13208	0.318583	0.9418	0.483623	0.979541	0.599812	0.955764	0.860798	0.533828	0.273378	2.18715	0.462413	1.00291	0.72147	0.546855	0.905972	0.546283
0.319325	0.950675	0.138329	2.13419	0.319466	0.952362	0.484539	0.988342	0.600707	0.964956	0.861105	0.537393	0.275417	2.18992	0.463352	1.01248	0.721982	0.552841	0.906139	0.548098
0.320215	0.961243	0.140318	2.13623	0.320358	0.962917	0.485464	0.997137	0.60161	0.974057	0.861478	0.541618	0.277458	2.19263	0.4643	1.02195	0.7225	0.5588	0.906322	0.550187
0.321116	0.971874	0.14231	2.1382	0.32126	0.973577	0.486397	1.00586	0.602522	0.983075	0.86192	0.546617	0.279502	2.19519	0.465257	1.03141	0.723023	0.56471	0.906571	0.552877
0.322026	0.982536	0.144303	2.14011	0.322172	0.984218	0.487339	1.0145	0.603442	0.992088	0.862432	0.552365	0.281549	2.19764	0.466222	1.04083	0.723552	0.570667	0.906889	0.556314
0.322947	0.993214	0.146297	2.1419	0.323094	0.994884	0.488288	1.02311	0.604371	1.0011	0.862949	0.558058	0.283597	2.20008	0.467196	1.05019	0.724087	0.576576	0.907275	0.560407
0.323877	1.00394	0.148294	2.14364	0.324026	1.00567	0.489245	1.03166	0.605308	1.01	0.863472	0.563798	0.285648	2.20243	0.468179	1.05952	0.724627	0.582496	0.907732	0.565261
0.324818	1.01472	0.150292	2.14531	0.324968	1.01645	0.49021	1.04015	0.606253	1.01884	0.864	0.569524	0.287701	2.20463	0.46917	1.06876	0.725172	0.58846	0.908261	0.57081
0.325768	1.02553	0.152291	2.14696	0.32592	1.02723	0.491183	1.04853	0.607206	1.0277	0.864533	0.575171	0.289756	2.20679	0.47017	1.07799	0.725723	0.594371	0.908796	0.576331
0.326728	1.03635	0.154293	2.14855	0.326882	1.0381	0.492164	1.05689	0.608168	1.03645	0.865071	0.58085	0.291813	2.2089	0.471179	1.08719	0.72628	0.600256	0.909335	0.581838
0.327699	1.04729	0.156295	2.15008	0.327854	1.04904	0.493153	1.06521	0.609137	1.04514	0.865615	0.586583	0.293872	2.21094	0.472196	1.09629	0.726842	0.606129	0.90988	0.587338
0.32868	1.05826	0.158299	2.1515	0.328837	1.06	0.494149	1.07344	0.610115	1.05381	0.866164	0.592233	0.295933	2.21288	0.473222	1.10535	0.727409	0.611994	0.91043	0.592835
0.329671	1.06927	0.160304	2.15291	0.32983	1.07104	0.495153	1.08162	0.611101	1.06243	0.866719	0.597878	0.297996	2.21476	0.474256	1.11438	0.727982	0.617894	0.910985	0.59833
0.330672	1.08038	0.162311	2.15427	0.330833	1.08213	0.496164	1.08977	0.612095	1.07099	0.867278	0.60352	0.30006	2.21658	0.475298	1.12336	0.728561	0.623773	0.911545	0.603787
0.331684	1.09154	0.164318	2.15557	0.331846	1.09332	0.497184	1.09784	0.613097	1.07948	0.867843	0.609161	0.302126	2.2183	0.476349	1.13232	0.729144	0.629642	0.91211	0.609226
0.332706	1.10279	0.166327	2.15681	0.33287	1.10459	0.49821	1.10583	0.614106	1.08797	0.868414	0.614801	0.304194	2.22	0.477408	1.14123	0.729734	0.635507	0.91268	0.614655
0.333739	1.1141	0.168337	2.15802	0.333904	1.11593	0.499244	1.11378	0.615124	1.09639	0.868989	0.620404	0.306263	2.22166	0.478476	1.15005	0.730329	0.641295	0.913255	0.62008
0.334782	1.12553	0.170349	2.1592	0.334949	1.12736	0.500286	1.12167	0.616149	1.10474	0.86957	0.626026	0.308334	2.22322	0.479551	1.15881	0.730929	0.647156	0.913835	0.625502
0.335836	1.13708	0.172361	2.16031	0.336005	1.13889	0.501334	1.12954	0.617183	1.11302	0.870156	0.631656	0.310406	2.22473	0.480635	1.16759	0.731535	0.652979	0.914421	0.630886
0.336901	1.14863	0.174374	2.16141	0.337072	1.15052	0.50239	1.13732	0.618223	1.12129	0.870747	0.637218	0.312479	2.22618	0.481727	1.1763	0.732146	0.658784	0.915011	0.636288
0.337977	1.16034	0.176388	2.16244	0.338149	1.16223	0.503454	1.14501	0.619272	1.12953	0.871343	0.642782	0.314554	2.22757	0.482827	1.18498	0.732762	0.664616	0.915606	0.641663
0.339063	1.17221	0.178404	2.16343	0.339237	1.17412	0.504524	1.15271	0.620328	1.13768	0.871944	0.648384	0.31663	2.22892	0.483935	1.19356	0.733384	0.670389	0.916207	0.646987
0.340161	1.18418	0.18042	2.1644	0.340337	1.18611	0.505601	1.16033	0.621392	1.14578	0.872551	0.653932	0.318707	2.23018	0.485051	1.2021	0.734011	0.676204	0.916812	0.652322
0.34127	1.19628	0.182437	2.16533	0.341447	1.19819	0.506686	1.16787	0.622463	1.15383	0.873163	0.659489	0.320786	2.23143	0.486175	1.21066	0.734644	0.682006	0.917422	0.6577
0.34239	1.20852	0.184455	2.16623	0.342569	1.21045	0.507778	1.17538	0.623542	1.16184	0.87378	0.665014	0.322865	2.23265	0.487307	1.21915	0.735282	0.687726	0.918037	0.663025
0.343522	1.2209	0.186473	2.16708	0.343703	1.22288	0.508876	1.18283	0.624628	1.1698	0.874402	0.670523	0.324946	2.23377	0.488447	1.22757	0.735926	0.693479	0.918658	0.668288
0.344665	1.23343	0.188493	2.16788	0.344848	1.23543	0.509982	1.19022	0.625722	1.17774	0.875029	0.676061	0.327028	2.23488	0.489594	1.23591	0.736574	0.699285	0.919283	0.673556
0.34582	1.24614	0.190513	2.16868	0.346005	1.24815	0.511094	1.19754	0.626823	1.18559	0.875662	0.681576	0.32911	2.23594	0.49075	1.24426	0.737229	0.705008	0.919913	0.678864
0.346987	1.25901	0.192534	2.16944	0.347174	1.26111	0.512213	1.20482	0.627931	1.19336	0.876299	0.68708	0.331194	2.23692	0.491913	1.25258	0.737888	0.710726	0.920548	0.684154
0.348166	1.27208	0.194555	2.17019	0.348355	1.27421	0.513339	1.21206	0.629046	1.20112	0.876942	0.692579	0.333279	2.23788	0.493084	1.26083	0.738553	0.716478	0.921188	0.689363
0.349358	1.28538	0.196578	2.17089	0.349548	1.2875	0.514472	1.21922	0.630169	1.20885	0.87759	0.698038	0.335364	2.23884	0.494262	1.26903	0.739223	0.722211	0.921832	0.694604
0.350562	1.29889	0.198601	2.17154	0.350754	1.30103	0.515611	1.22636	0.631299	1.21649	0.878243	0.703478	0.337451	2.23968	0.495449	1.27719	0.739899	0.727897	0.922482	0.699825
0.351778	1.31256	0.200624	2.17219	0.351973	1.31475	0.516757	1.23344	0.632436	1.22408	0.878901	0.708945	0.339538	2.24051	0.496642	1.2853	0.740579	0.73356	0.923136	0.705035
0.353007	1.3265	0.202648	2.17281	0.353204	1.32872	0.517909	1.24043	0.63358	1.23168	0.879564	0.714424	0.341625	2.24132	0.497844	1.29338	0.741266	0.739284	0.923796	0.71024
0.35425	1.34068	0.204673	2.17341	0.354449	1.34295	0.519068	1.2474	0.634731	1.23918	0.880232	0.719838	0.343714	2.24206	0.499052	1.30141	0.741957	0.744966	0.92446	0.715406
0.355506	1.3551	0.206698	2.17397	0.355706	1.35743	0.520234	1.25433	0.635889	1.24659	0.880905	0.725254	0.345803	2.24276	0.500269	1.30939	0.742654	0.75059	0.925129	0.720553
0.356775	1.36978	0.208724	2.17451	0.356978	1.37218	0.521406	1.26116	0.637054	1.25404	0.881584	0.730709	0.347893	2.24344	0.501492	1.31736	0.743356	0.756259	0.925802	0.72569
0.358058	1.38477	0.21075	2.17507	0.358263	1.3872	0.522584	1.26798	0.638226	1.26142	0.882267	0.736073	0.349984	2.2441	0.502723	1.32527	0.744063	0.76195	0.926481	0.730858
0.359355	1.40007	0.212777	2.17557	0.359563	1.40248	0.523768	1.27476	0.639404	1.2687	0.882955	0.741465	0.352075	2.24469	0.503962	1.33311	0.744776	0.767578	0.927164	0.735969
0.360667	1.41563	0.214804	2.176	0.360877	1.4181	0.524959	1.28145	0.64059	1.27593	0.883649	0.746871	0.354166	2.24525	0.505207	1.34091	0.745493	0.773176	0.927852	0.741088
0.361993	1.4315	0.216832	2.17644	0.362205	1.43404	0.526156	1.28809	0.641782	1.28317	0.884347	0.752211	0.356259	2.24578	0.50646	1.34869	0.746216	0.778794	0.928545	0.746175
0.363334	1.44768	0.21886	2.17691	0.363549	1.45029	0.527359	1.2947	0.642981	1.29034	0.88505	0.757591	0.358351	2.24626	0.507721	1.35642	0.746944	0.784424	0.929243	0.751245
0.364691	1.46422	0.220888	2.17733	0.364908	1.46691	0.528569	1.30127	0.644186	1.29744	0.885759	0.762954	0.360444	2.24673	0.508988	1.36414	0.747678	0.790021	0.929945	0.756307
0.366063	1.4811	0.222917	2.17769	0.366282	1.48383	0.529784	1.30778	0.645399	1.30451	0.886472	0.768272	0.362538	2.24714	0.510262	1.3718	0.748417	0.795603	0.930652	0.761328
0.367451	1.4983	0.224946	2.17809	0.367673	1.50107	0.531006	1.31422	0.646617	1.31152	0.88719	0.773605	0.364632	2.24753	0.511544	1.37937	0.74916	0.801214	0.931364	0.766402
0.368855	1.5159	0.226975	2.17843	0.369079	1.51871	0.532233	1.32062	0.647842	1.31847	0.887913	0.778908	0.366726	2.24791	0.512833	1.38696	0.74991	0.806766	0.93208	0.771429
0.370275	1.53386	0.229005	2.17875	0.370503	1.53671	0.533467	1.32697	0.649074	1.32539	0.888642	0.784233	0.36882	2.24825	0.514129	1.39449	0.750664	0.812289	0.932801	0.776433
0.371713	1.5521	0.231035	2.17909	0.371943	1.55509	0.534706	1.3333	0.650312	1.33229	0.889375	0.789532	0.370915	2.24852	0.515431	1.40196	0.751423	0.81787	0.933527	0.781425
0.373167	1.57078	0.233066	2.17937	0.3734	1.5738	0.535951	1.33957	0.651557	1.33911	0.890113	0.794781	0.37301	2.24877	0.516741	1.40943	0.752188	0.823407	0.934257	0.786375
0.37464	1.58983	0.235096	2.17966	0.374876	1.59286	0.537202	1.34579	0.652807	1.34589	0.890856	0.80008	0.375105	2.24901	0.518058	1.41686	0.752957	0.828922	0.934992	0.79134
0.37613	1.60916	0.237127	2.17995	0.376369	1.61228	0.538459	1.35193	0.654064	1.35261	0.891604	0.805329	0.377201	2.24923	0.519381	1.42424	0.753732	0.834426	0.935732	0.796313
0.377638	1.6289	0.239158	2.18021	0.37788	1.63206	0.539721	1.35805	0.655328	1.35926	0.892356	0.810553	0.379297	2.24942	0.520712	1.43152	0.754512	0.839925	0.936476	0.801216
0.379165	1.64899	0.24119	2.18044	0.37941	1.6522	0.540989	1.36418	0.656597	1.36589	0.893114	0.815802	0.381392	2.24955	0.522049	1.43882	0.755297	0.845458	0.937225	0.806121
0.380711	1.6694	0.243221	2.18067	0.380959	1.67268	0.542263	1.37018	0.657873	1.3725	0.893877	0.821064	0.383488	2.24965	0.523393	1.44609	0.756088	0.850934	0.937978	0.811064
0.382276	1.69011	0.245253	2.18086	0.382527	1.69342	0.543542	1.37614	0.659155	1.37906	0.894644	0.826258	0.385584	2.24974	0.524743	1.45332	0.756883	0.856382	0.938736	0.815953
0.38386	1.71109	0.247285	2.18106	0.384114	1.71449	0.544827	1.38209	0.660443	1.38553	0.895416	0.831455	0.387681	2.24982	0.526101	1.46048	0.757684	0.861853	0.939499	0.820814
0.385464	1.73238	0.249317	2.18124	0.385721	1.73579	0.546118	1.38799	0.661737	1.39195	0.896193	0.836654	0.389777	2.24982	0.527465	1.46762	0.758489	0.867334	0.940266	0.825698
0.387088	1.7539	0.25135	2.1814	0.387348	1.75732	0.547414	1.39384	0.663036	1.39838	0.896975	0.841816	0.391873	2.24982	0.528835	1.47474	0.7593	0.872749	0.941037	0.830557
0.388733	1.77565	0.253382	2.18159	0.388996	1.77914	0.548715	1.39965	0.664342	1.40471	0.897762	0.846998	0.393969	2.24983	0.530213	1.48178	0.760115	0.878166	0.941813	0.835367
0.390397	1.79755	0.255415	2.18172	0.390664	1.80107	0.550022	1.40542	0.665654	1.41102	0.898553	0.852152	0.396065	2.24979	0.531597	1.48881	0.760936	0.883621	0.942594	0.840152
0.392082	1.81959	0.257448	2.18182	0.392352	1.8231	0.551334	1.41112	0.666972	1.41729	0.89935	0.857293	0.398161	2.2497	0.532987	1.49585	0.761762	0.889022	0.943379	0.844962
0.393788	1.84175	0.25948	2.18195	0.394061	1.84528	0.552651	1.41679	0.668295	1.42347	0.900151	0.862427	0.400257	2.24958	0.534384	1.50281	0.762593	0.894432	0.944168	0.849784
0.395514	1.86396	0.261513	2.18208	0.39579	1.86751	0.553974	1.42241	0.669624	1.42967	0.900957	0.867557	0.402353	2.24945	0.535787	1.50969	0.763429	0.899811	0.944962	0.854539
0.397261	1.88619	0.263546	2.18219	0.397541	1.88972	0.555302	1.42804	0.670959	1.43581	0.901768	0.872686	0.404449	2.24931	0.537197	1.51658	0.764269	0.905173	0.945761	0.859296
0.399029	1.90837	0.26558	2.18224	0.399312	1.91188	0.556635	1.43356	0.6723	1.44188	0.902583	0.877777	0.406544	2.24916	0.538613	1.52342	0.765115	0.910528	0.946564	0.864019
0.400817	1.93052	0.267613	2.1823	0.401103	1.93398	0.557973	1.43903	0.673646	1.44788	0.903403	0.882849	0.40864	2.24895	0.540036	1.53022	0.765966	0.915879	0.947371	0.868761
0.402626	1.95251	0.269646	2.18241	0.402916	1.95599	0.559316	1.44452	0.674998	1.45385	0.904228	0.887949	0.410735	2.24869	0.541465	1.53702	0.766822	0.921264	0.948182	0.873512
0.404455	1.97431	0.27168	2.18246	0.404748	1.97779	0.560665	1.44997	0.676355	1.45984	0.905058	0.892989	0.41283	2.24845	0.5429	1.54379	0.767683	0.926593	0.948998	0.878158
0.406305	1.9959	0.273713	2.18249	0.406601	1.99931	0.562018	1.45533	0.677718	1.46576	0.905892	0.898036	0.414925	2.24819	0.544341	1.55047	0.768548	0.931895	0.949819	0.882861
0.408174	2.01724	0.275746	2.18254	0.408474	2.02058	0.563377	1.46065	0.679086	1.47158	0.906731	0.903123	0.417019	2.24787	0.545789	1.55714	0.769419	0.937182	0.950644	0.887557
0.410064	2.03828	0.27778	2.18256	0.410366	2.04162	0.56474	1.46598	0.68046	1.47738	0.907575	0.90812	0.419114	2.24757	0.547243	1.56378	0.770295	0.942499	0.951473	0.892175
0.411973	2.05894	0.279813	2.18254	0.412278	2.06221	0.566108	1.47125	0.681839	1.48317	0.908423	0.913145	0.421207	2.2472	0.548703	1.57039	0.771175	0.947794	0.952306	0.896828
0.4139	2.07923	0.281847	2.18256	0.414209	2.08243	0.567482	1.47644	0.683224	1.48889	0.909276	0.918148	0.423301	2.24683	0.550169	1.57699	0.772061	0.953079	0.953144	0.901461
0.415847	2.09912	0.28388	2.18257	0.416158	2.10224	0.56886	1.48164	0.684613	1.49457	0.910134	0.92314	0.425394	2.2465	0.551641	1.58351	0.772951	0.958358	0.953986	0.906049
0.417812	2.11855	0.285914	2.18258	0.418126	2.12156	0.570242	1.48681	0.686009	1.50019	0.910997	0.928126	0.427487	2.24607	0.55312	1.59	0.773847	0.963597	0.954832	0.910649
0.419795	2.13749	0.287947	2.18255	0.420112	2.14045	0.57163	1.49188	0.687409	1.50579	0.911864	0.933073	0.429579	2.24561	0.554604	1.59646	0.774747	0.968817	0.955683	0.915257
0.421795	2.15593	0.289981	2.18249	0.422115	2.15883	0.573022	1.49694	0.688814	1.51137	0.912735	0.938073	0.431671	2.24515	0.556095	1.60292	0.775652	0.974064	0.956538	0.919831
0.423812	2.17387	0.292014	2.1825	0.424134	2.17666	0.574419	1.50196	0.690225	1.51687	0.913612	0.943027	0.433763	2.24467	0.557591	1.60933	0.776562	0.979287	0.957397	0.924352
0.425846	2.19122	0.294048	2.18247	0.42617	2.19396	0.575821	1.50696	0.691641	1.52233	0.914493	0.94792	0.435854	2.24417	0.559093	1.61573	0.777477	0.984499	0.95826	0.928883
0.427895	2.20807	0.296081	2.18238	0.428223	2.21071	0.577227	1.51195	0.693062	1.52773	0.915378	0.952858	0.437945	2.2437	0.560602	1.62207	0.778397	0.989705	0.959128	0.933456
0.42996	2.22436	0.298114	2.18234	0.43029	2.22688	0.578638	1.51683	0.694488	1.53314	0.916268	0.95778	0.440035	2.24314	0.562116	1.62836	0.779321	0.994871	0.959999	0.93794
0.43204	2.24009	0.300147	2.18228	0.432372	2.24255	0.580054	1.52172	0.695919	1.53848	0.917163	0.962694	0.442125	2.24256	0.563636	1.63465	0.78025	1.00005	0.960875	0.942415
0.434134	2.25528	0.302181	2.18221	0.434469	2.25763	0.581474	1.52658	0.697355	1.54379	0.918062	0.967569	0.444214	2.24202	0.565162	1.64091	0.781185	1.00521	0.961755	0.946924
0.436242	2.26987	0.304214	2.18214	0.436579	2.27213	0.582899	1.53136	0.698795	1.54905	0.918966	0.972423	0.446302	2.24142	0.566694	1.64711	0.782123	1.01035	0.96264	0.951375
0.438364	2.2839	0.306247	2.18203	0.438702	2.28612	0.584328	1.53616	0.700241	1.55424	0.919874	0.97734	0.44839	2.24079	0.568231	1.65329	0.783067	1.01549	0.963528	0.955798
0.440498	2.29744	0.30828	2.18194	0.440839	2.29952	0.585761	1.54091	0.701692	1.55947	0.920787	0.982179	0.450478	2.24014	0.569774	1.65946	0.784016	1.02062	0.964421	0.960243
0.442645	2.31043	0.310313	2.18186	0.442987	2.31241	0.587199	1.54559	0.703147	1.56461	0.921704	0.986979	0.452565	2.23949	0.571323	1.66558	0.784969	1.02574	0.965318	0.9647
0.444803	2.32282	0.312345	2.18178	0.445148	2.32479	0.588641	1.55027	0.704607	1.56967	0.922626	0.991833	0.454651	2.23884	0.572878	1.67168	0.785927	1.03087	0.966218	0.969089
0.446973	2.33477	0.314378	2.18167	0.447319	2.33662	0.590088	1.55492	0.706072	1.57473	0.923552	0.996677	0.456737	2.23814	0.574438	1.67774	0.78689	1.03596	0.967123	0.973481
0.449154	2.3462	0.316411	2.18154	0.449502	2.34795	0.591538	1.55952	0.707541	1.57975	0.924483	1.00144	0.458821	2.23739	0.576004	1.68376	0.787857	1.04104	0.968032	0.977874
0.451345	2.35711	0.318443	2.1814	0.451695	2.35882	0.592994	1.56408	0.709015	1.58475	0.925418	1.00624	0.460906	2.23669	0.577576	1.68978	0.78883	1.0461	0.968946	0.982231
0.453546	2.36759	0.320475	2.1813	0.453897	2.36923	0.594453	1.5686	0.710494	1.5897	0.926358	1.01106	0.462989	2.23597	0.579153	1.69572	0.789807	1.05116	0.969863	0.98657
0.455757	2.37762	0.322508	2.18117	0.456109	2.37913	0.595917	1.5731	0.711978	1.59456	0.927302	1.01581	0.465072	2.23521	0.580736	1.70169	0.790788	1.05621	0.970784	0.9909
0.457977	2.38718	0.32454	2.18104	0.45833	2.38862	0.597384	1.57761	0.713466	1.59944	0.928251	1.02057	0.467154	2.23442	0.582324	1.70761	0.791775	1.06123	0.971709	0.995226
0.460205	2.39628	0.326572	2.18093	0.46056	2.39772	0.598856	1.58203	0.714958	1.6043	0.929204	1.02533	0.469236	2.23359	0.583918	1.71346	0.792766	1.06623	0.972638	0.999513
0.462442	2.40504	0.328604	2.18077	0.462798	2.40637	0.600332	1.58644	0.716455	1.60907	0.930162	1.03005	0.471316	2.23277	0.585517	1.71935	0.793762	1.07126	0.973572	1.00382
0.464687	2.41338	0.330636	2.18058	0.465044	2.41465	0.601812	1.59084	0.717956	1.6138	0.931124	1.03475	0.473396	2.23196	0.587122	1.72519	0.794762	1.0763	0.974509	1.00809
0.466939	2.42132	0.332667	2.18045	0.467298	2.42257	0.603297	1.59516	0.719462	1.61851	0.93209	1.03949	0.475475	2.23112	0.588732	1.73097	0.795767	1.08127	0.97545	1.01236
0.469199	2.42891	0.334699	2.18031	0.469558	2.43011	0.604785	1.59949	0.720972	1.62317	0.93306	1.0442	0.477554	2.23025	0.590347	1.73671	0.796777	1.08625	0.976395	1.01665
0.471465	2.43615	0.33673	2.18013	0.471826	2.43729	0.606277	1.60373	0.722487	1.62781	0.934036	1.04886	0.479631	2.22938	0.591968	1.74248	0.797791	1.09123	0.977344	1.02084
0.473738	2.44311	0.338761	2.17996	0.4741	2.44417	0.607773	1.60802	0.724006	1.63244	0.935015	1.05353	0.481708	2.22851	0.593594	1.74818	0.79881	1.09617	0.978298	1.02507
0.476017	2.44969	0.340792	2.17981	0.47638	2.45073	0.609273	1.61225	0.725529	1.63698	0.935999	1.05822	0.483784	2.2276	0.595225	1.75385	0.799834	1.10109	0.979255	1.0293
0.478303	2.45599	0.342823	2.17962	0.478667	2.45697	0.610777	1.61642	0.727056	1.64149	0.936987	1.0629	0.485859	2.22666	0.596862	1.75951	0.800862	1.10601	0.980216	1.03343
0.480594	2.46203	0.344853	2.17942	0.480959	2.46295	0.612285	1.62062	0.728587	1.64602	0.937979	1.06751	0.487933	2.22572	0.598504	1.76512	0.801895	1.11096	0.98118	1.03762
0.482891	2.46777	0.346884	2.17928	0.483256	2.46865	0.613797	1.62474	0.730123	1.65048	0.938976	1.07213	0.490006	2.22477	0.600151	1.7707	0.802932	1.11585	0.982149	1.04181
0.485192	2.47323	0.348914	2.1791	0.485559	2.4741	0.615313	1.62885	0.731663	1.65487	0.939977	1.07678	0.492079	2.22382	0.601803	1.77628	0.803974	1.12075	0.983122	1.04595
0.487499	2.47845	0.350944	2.17887	0.487866	2.47928	0.616832	1.63295	0.733207	1.65922	0.940982	1.08137	0.49415	2.22284	0.603461	1.78182	0.805021	1.12565	0.984098	1.05011
0.489811	2.48348	0.352974	2.17867	0.490179	2.48425	0.618356	1.63699	0.734755	1.6636	0.941992	1.08594	0.496221	2.22187	0.605124	1.78733	0.806072	1.13052	0.985078	1.05424
0.492127	2.48823	0.355004	2.17851	0.492496	2.48897	0.619883	1.64101	0.736307	1.66791	0.943006	1.09053	0.49829	2.22087	0.606792	1.79284	0.807127	1.13537	0.986062	1.05831
0.494447	2.49276	0.357034	2.17827	0.494817	2.49345	0.621414	1.64501	0.737863	1.67215	0.944024	1.09514	0.500359	2.21982	0.608464	1.79826	0.808187	1.14021	0.98705	1.06241
0.496772	2.49712	0.359063	2.17809	0.497142	2.49778	0.622948	1.64898	0.739423	1.67643	0.945047	1.09967	0.502427	2.21878	0.610142	1.80365	0.809252	1.14505	0.988042	1.0665
0.4991	2.50127	0.361092	2.17788	0.499471	2.50192	0.624486	1.65291	0.740986	1.68063	0.946073	1.10421	0.504493	2.21775	0.611825	1.80905	0.810321	1.14989	0.989038	1.07053
0.501433	2.50522	0.363121	2.17763	0.501804	2.50582	0.626028	1.65681	0.742554	1.68477	0.947104	1.10875	0.506559	2.21672	0.613513	1.81446	0.811395	1.15469	0.990037	1.07459
0.503769	2.50899	0.36515	2.17747	0.50414	2.50957	0.627574	1.66074	0.744126	1.68893	0.948139	1.11329	0.508624	2.21566	0.615206	1.81977	0.812473	1.1595	0.99104	1.07867
0.506108	2.51263	0.367179	2.17725	0.50648	2.5132	0.629123	1.66461	0.745701	1.69303	0.949179	1.11779	0.510688	2.21458	0.616904	1.82506	0.813555	1.16429	0.992047	1.08265
0.508451	2.51606	0.369207	2.17702	0.508823	2.51663	0.630675	1.66845	0.747281	1.69709	0.950222	1.12228	0.512751	2.21349	0.618607	1.83037	0.814642	1.16907	0.993057	1.08666
0.510796	2.51935	0.371235	2.1768	0.51117	2.51984	0.632232	1.67227	0.748864	1.70117	0.95127	1.12679	0.514812	2.2124	0.620315	1.83563	0.815734	1.17383	0.994072	1.09068
0.513145	2.5225	0.373263	2.17654	0.513519	2.52299	0.633792	1.67605	0.750451	1.70515	0.952322	1.13128	0.516873	2.2113	0.622028	1.84083	0.816829	1.17856	0.99509	1.09466
0.515497	2.5255	0.375291	2.17634	0.515871	2.52599	0.635355	1.67981	0.752041	1.70908	0.953378	1.13573	0.518933	2.21016	0.623745	1.84602	0.81793	1.18334	0.996112	1.09863
0.517851	2.52839	0.377319	2.17609	0.518226	2.52881	0.636922	1.68356	0.753635	1.71306	0.954438	1.14018	0.520992	2.20905	0.625468	1.85122	0.819034	1.18808	0.997137	1.10256
0.520208	2.53112	0.379346	2.17586	0.520583	2.53153	0.638492	1.6873	0.755233	1.71696	0.955503	1.14464	0.523049	2.2079	0.627195	1.85635	0.820144	1.19279	0.998166	1.10654
0.522568	2.53377	0.381373	2.17567	0.522943	2.53414	0.640066	1.691	0.756835	1.72081	0.956571	1.14907	0.525106	2.20675	0.628927	1.86144	0.821257	1.19749	0.999199	1.11047
0.524929	2.53626	0.3834	2.17539	0.525305	2.53666	0.641643	1.69465	0.75844	1.72464	0.957644	1.15348	0.527161	2.20562	0.630663	1.86651	0.822375	1.20218	1.00024	1.11239
0.527294	2.53864	0.385427	2.17514	0.52767	2.53901	0.643224	1.6983	0.760048	1.72846	0.95872	1.15788	0.529216	2.20447	0.632405	1.87157	0.823497	1.20691		
0.52966	2.54093	0.387453	2.17491	0.530036	2.54129	0.644808	1.70196	0.761661	1.73224	0.959801	1.16228	0.531269	2.20331	0.634151	1.87659	0.824624	1.21158		
0.532028	2.5431	0.38948	2.17468	0.532405	2.54345	0.646395	1.70554	0.763276	1.73596	0.960886	1.16668	0.533321	2.20214	0.635901	1.88159	0.825755	1.21618		
0.534399	2.54521	0.391506	2.17442	0.534776	2.54552	0.647986	1.70913	0.764895	1.73968	0.961975	1.17104	0.535373	2.20093	0.637657	1.88659	0.82689	1.22087		
0.536771	2.54718	0.393531	2.17415	0.537148	2.54751	0.64958	1.71272	0.766518	1.74338	0.963068	1.17542	0.537423	2.19975	0.639417	1.8915	0.82803	1.22552		
0.539145	2.54909	0.395557	2.17393	0.539523	2.54938	0.651177	1.71624	0.768144	1.74702	0.964166	1.17976	0.539472	2.19857	0.641181	1.89637	0.829174	1.23015		
0.541521	2.55091	0.397582	2.17368	0.541899	2.5512	0.652778	1.71975	0.769773	1.75064	0.965267	1.1841	0.541519	2.19735	0.642951	1.90126	0.830322	1.23477		
0.543898	2.55267	0.399607	2.17341	0.544277	2.55295	0.654382	1.72327	0.771406	1.75424	0.966372	1.18846	0.543566	2.19616	0.644724	1.90616	0.831475	1.23935		
0.546278	2.55432	0.401632	2.17313	0.546656	2.55459	0.655989	1.72675	0.773042	1.7578	0.967481	1.19273	0.545612	2.19494	0.646503	1.91095	0.832631	1.24395		
0.548658	2.55588	0.403657	2.17288	0.549037	2.55611	0.657599	1.73021	0.774681	1.7613	0.968595	1.19707	0.547656	2.19371	0.648285	1.91573	0.833793	1.24852		
0.55104	2.55739	0.405681	2.17264	0.551419	2.55764	0.659213	1.73362	0.776324	1.76481	0.969712	1.20136	0.549699	2.19251	0.650072	1.9205	0.834958	1.25311		
0.553424	2.55884	0.407705	2.17238	0.553803	2.55906	0.66083	1.73705	0.77797	1.76828	0.970833	1.20563	0.551742	2.19128	0.651864	1.92523	0.836128	1.25768		
0.555808	2.56022	0.409729	2.1721	0.556188	2.56039	0.66245	1.74049	0.779619	1.7717	0.971958	1.20992	0.553783	2.19001	0.65366	1.92997	0.837302	1.26223		
0.558194	2.5615	0.411753	2.17181	0.558574	2.56172	0.664073	1.74385	0.781271	1.77513	0.973088	1.21419	0.555822	2.18879	0.65546	1.93461	0.83848	1.26678		
0.560581	2.56276	0.413776	2.17156	0.560961	2.56297	0.665699	1.74722	0.782927	1.7785	0.974221	1.21842	0.557861	2.1876	0.657265	1.93924	0.839662	1.27129		
0.56297	2.56394	0.415799	2.17129	0.56335	2.56411	0.667329	1.75059	0.784585	1.78187	0.975358	1.22265	0.559899	2.18634	0.659074	1.94386	0.840849	1.27577		
0.565359	2.56504	0.417822	2.171	0.565739	2.56522	0.668961	1.75392	0.786247	1.7852	0.976499	1.22693	0.561935	2.18509	0.660887	1.94845	0.842039	1.28029		
0.567749	2.56615	0.419845	2.17075	0.56813	2.5663	0.670597	1.7572	0.787912	1.78847	0.977644	1.23112	0.56397	2.18384	0.662704	1.95301	0.843234	1.28482		
0.570141	2.56714	0.421867	2.17048	0.570521	2.56731	0.672236	1.76052	0.78958	1.79172	0.978793	1.2353	0.566005	2.18259	0.664526	1.95752	0.844433	1.28928		
0.572533	2.56811	0.423889	2.1702	0.572913	2.56825	0.673877	1.76383	0.791251	1.79496	0.979946	1.23952	0.568037	2.18135	0.666352	1.96201	0.845637	1.29374		
0.574926	2.56903	0.425911	2.16991	0.575307	2.56913	0.675522	1.76706	0.792924	1.79819	0.981103	1.24371	0.570069	2.1801	0.668182	1.96649	0.846844	1.29821		
0.57732	2.56986	0.427932	2.16966	0.577701	2.57004	0.67717	1.77028	0.794601	1.80134	0.982264	1.24786	0.5721	2.17886	0.670016	1.97093	0.848056	1.30268		
0.579715	2.57071	0.429954	2.16938	0.580096	2.57083	0.678821	1.77355	0.796281	1.80453	0.983428	1.25202	0.574129	2.17761	0.671855	1.97531	0.849272	1.30711		
0.58211	2.57147	0.431975	2.16906	0.582491	2.57155	0.680475	1.77679	0.797964	1.80766	0.984597	1.25619	0.576158	2.17636	0.673697	1.97966	0.850491	1.31152		
0.584506	2.57218	0.433996	2.16879	0.584887	2.57232	0.682132	1.77995	0.799649	1.81073	0.985769	1.26032	0.578185	2.17508	0.675544	1.98403	0.851715	1.31592		
0.586903	2.57286	0.436016	2.16851	0.587284	2.57299	0.683792	1.78314	0.801338	1.8138	0.986945	1.26448	0.580211	2.17386	0.677394	1.98834	0.852943	1.32032		
0.589301	2.5735	0.438036	2.16822	0.589682	2.57359	0.685455	1.78634	0.803029	1.81684	0.988125	1.26861	0.582235	2.17262	0.679249	1.99258	0.854176	1.32475		
0.591699	2.57411	0.440056	2.16793	0.59208	2.57418	0.68712	1.78952	0.804723	1.8199	0.989309	1.27269	0.584259	2.17134	0.681107	1.99683	0.855412	1.32913		
0.594097	2.57467	0.442076	2.16764	0.594479	2.57476	0.688789	1.79265	0.80642	1.82289	0.990497	1.27678	0.586281	2.17012	0.682969	2.00107	0.856652	1.33348		
0.596496	2.5752	0.444096	2.16735	0.596878	2.57528	0.690461	1.79579	0.80812	1.82581	0.991688	1.28087	0.588303	2.16885	0.684836	2.00525	0.857897	1.33785		
0.598896	2.57566	0.446115	2.16706	0.599277	2.57572	0.692135	1.79893	0.809823	1.82874	0.992883	1.28493	0.590323	2.16759	0.686706	2.00939	0.859145	1.34224		
0.601296	2.5761	0.448134	2.16676	0.601677	2.57616	0.693813	1.802	0.811528	1.83167	0.994083	1.28902	0.592342	2.16637	0.68858	2.01351	0.860398	1.34655		
0.603696	2.57651	0.450152	2.16647	0.604078	2.5766	0.695493	1.80512	0.813236	1.8346	0.995285	1.29307	0.59436	2.16514	0.690458	2.01758	0.861654	1.35087		
0.606097	2.57686	0.452171	2.16622	0.606479	2.57696	0.697176	1.80821	0.814946	1.83745	0.996492	1.29711	0.596376	2.16391	0.69234	2.02167	0.862915	1.35523		
0.608498	2.57722	0.454189	2.1659	0.60888	2.57726	0.698863	1.81129	0.81666	1.84024	0.997702	1.30115	0.598392	2.16266	0.694225	2.02565	0.86418	1.35953		
0.610899	2.57754	0.456207	2.1656	0.611281	2.57755	0.700552	1.81438	0.818375	1.84306	0.998917	1.30514	0.600406	2.16146	0.696114	2.02966	0.865448	1.3638		
0.613301	2.57781	0.458224	2.1653	0.613683	2.57784	0.702243	1.81742	0.820094	1.84586	1.00013	1.30716	0.60242	2.16023	0.698007	2.03364	0.866721	1.3681		
0.615703	2.57802	0.460241	2.16501	0.616085	2.57806	0.703938	1.82048	0.821815	1.84861			0.604432	2.159	0.699904	2.03754	0.867998	1.37238		
0.618105	2.5782	0.462258	2.16472	0.618487	2.57824	0.705636	1.82351	0.823539	1.85138			0.606443	2.15779	0.701804	2.04142	0.869278	1.37664		
0.620507	2.5784	0.464275	2.16442	0.620889	2.57841	0.707336	1.82652	0.825265	1.85409			0.608452	2.15661	0.703708	2.04527	0.870563	1.38093		
0.622909	2.57854	0.466292	2.16413	0.623291	2.57856	0.709039	1.82957	0.826994	1.85676			0.610461	2.15539	0.705615	2.0491	0.871852	1.38516		
0.625312	2.57864	0.468308	2.1638	0.625694	2.57868	0.710745	1.8326	0.828725	1.85941			0.612469	2.15416	0.707526	2.05292	0.873144	1.38936		
0.627714	2.57873	0.470324	2.16352	0.628096	2.5787	0.712454	1.83557	0.830458	1.86206			0.614475	2.15296	0.70944	2.05666	0.874441	1.39363		
0.630117	2.57877	0.472339	2.16324	0.630499	2.57875	0.714166	1.83856	0.832194	1.8647			0.616481	2.15181	0.711358	2.06036	0.875741	1.39785		
0.632519	2.5788	0.474354	2.16291	0.632901	2.57881	0.71588	1.8416	0.833933	1.86726			0.618485	2.15065	0.71328	2.06408	0.877045	1.40204		
0.634922	2.57877	0.476369	2.16261	0.635304	2.5788	0.717597	1.84458	0.835674	1.86983			0.620488	2.14944	0.715204	2.06777	0.878353	1.40623		
0.637325	2.57872	0.478384	2.1623	0.637707	2.57872	0.719317	1.84753	0.837417	1.87235			0.62249	2.14826	0.717133	2.07137	0.879666	1.41041		
0.639727	2.57866	0.480399	2.16201	0.640109	2.57861	0.72104	1.85051	0.839163	1.8749			0.624491	2.14711	0.719064	2.07493	0.880982	1.41462		
0.64213	2.57856	0.482413	2.16171	0.642512	2.57852	0.722765	1.8535	0.840911	1.87742			0.626491	2.14595	0.720999	2.07851	0.882302	1.41878		
0.644532	2.57843	0.484427	2.16142	0.644914	2.57844	0.724494	1.8565	0.842661	1.87985			0.62849	2.14479	0.722937	2.08205	0.883625	1.42295		
0.646934	2.57826	0.48644	2.16109	0.647316	2.57825	0.726225	1.85943	0.844414	1.88231			0.630488	2.1437	0.724879	2.08554	0.884953	1.42708		
0.649336	2.57806	0.488454	2.16078	0.649718	2.57805	0.727959	1.86239	0.846169	1.88475			0.632484	2.14256	0.726824	2.08898	0.886285	1.4312		
0.651738	2.57789	0.490467	2.16048	0.65212	2.57783	0.729695	1.86538	0.847926	1.88714			0.63448	2.14141	0.728771	2.09241	0.88762	1.43534		
0.65414	2.57762	0.49248	2.16018	0.654522	2.57754	0.731435	1.86833	0.849685	1.88954			0.636475	2.14032	0.730722	2.09581	0.888959	1.43947		
0.656541	2.57734	0.494492	2.15988	0.656923	2.57729	0.733177	1.87128	0.851447	1.89192			0.638468	2.13923	0.732677	2.09913	0.890302	1.44358		
0.658943	2.57702	0.496504	2.15955	0.659324	2.57702	0.734921	1.87421	0.853211	1.89424			0.640461	2.13809	0.734634	2.10247	0.891649	1.44769		
0.661343	2.57667	0.498516	2.15928	0.661725	2.57666	0.736669	1.87718	0.854976	1.89653			0.642452	2.13701	0.736594	2.10575	0.893	1.45179		
0.663744	2.57635	0.500528	2.15896	0.664126	2.57626	0.738419	1.88017	0.856745	1.89885			0.644443	2.13596	0.738558	2.109	0.894354	1.45586		
0.666144	2.57597	0.502539	2.15865	0.666526	2.57588	0.740173	1.88313	0.858515	1.90115			0.646433	2.13489	0.740524	2.11224	0.895713	1.45991		
0.668544	2.57553	0.50455	2.15835	0.668926	2.57547	0.741928	1.88607	0.860287	1.90336			0.648421	2.13384	0.742494	2.1154	0.897075	1.46398		
0.670943	2.57509	0.506561	2.15802	0.671325	2.57501	0.743687	1.88904	0.862061	1.9056			0.650409	2.13276	0.744466	2.11855	0.898441	1.46807		
0.673342	2.57461	0.508571	2.1577	0.673724	2.57452	0.745448	1.89199	0.863838	1.90782			0.652395	2.13171	0.746441	2.12166	0.89981	1.47209		
0.675741	2.57408	0.510582	2.1574	0.676122	2.57398	0.747213	1.89497	0.865616	1.90999			0.654381	2.13071	0.74842	2.12472	0.901184	1.47612		
0.678139	2.57355	0.512592	2.1571	0.67852	2.57346	0.748979	1.89793	0.867397	1.91217			0.656366	2.1297	0.750401	2.12775	0.902561	1.48018		
0.680536	2.57296	0.514601	2.15681	0.680918	2.5729	0.750749	1.9009	0.86918	1.91433			0.658349	2.12868	0.752384	2.13081	0.903942	1.48419		
0.682933	2.57238	0.516611	2.15648	0.683314	2.57226	0.752522	1.90393	0.870964	1.91647			0.660332	2.12769	0.754371	2.13376	0.905327	1.48821		
0.68533	2.57175	0.51862	2.15616	0.685711	2.57164	0.754297	1.90691	0.872751	1.91856			0.662314	2.12669	0.75636	2.13671	0.906715	1.49219		
0.687726	2.57107	0.520628	2.15586	0.688106	2.57097	0.756075	1.9099	0.874539	1.92064			0.664295	2.12571	0.758353	2.1396	0.908107	1.4962		
0.690121	2.57037	0.522637	2.15553	0.690501	2.57023	0.757856	1.9129	0.87633	1.92273			0.666275	2.12478	0.760347	2.14245	0.909503	1.50018		
0.692515	2.56965	0.524645	2.15525	0.692896	2.56953	0.759639	1.91593	0.878122	1.92477			0.668254	2.1238	0.762345	2.14533	0.910903	1.50415		
0.694909	2.56889	0.526653	2.15493	0.695289	2.56878	0.761426	1.91895	0.879916	1.92678			0.670233	2.12284	0.764345	2.14813	0.912306	1.50815		
0.697302	2.56807	0.52866	2.15462	0.697682	2.56796	0.763215	1.92196	0.881712	1.92877			0.67221	2.12192	0.766348	2.15088	0.913713	1.51209		
0.699694	2.56725	0.530668	2.15432	0.700075	2.56712	0.765007	1.92504	0.88351	1.93076			0.674187	2.12102	0.768353	2.15361	0.915123	1.51604		
0.702086	2.56641	0.532675	2.15399	0.702466	2.56625	0.766802	1.92809	0.88531	1.93274			0.676162	2.12009	0.770361	2.1563	0.916538	1.51999		
0.704476	2.56551	0.534681	2.15367	0.704857	2.56535	0.7686	1.93115	0.887112	1.93468			0.678137	2.11919	0.772371	2.15896	0.917956	1.5239		
0.706866	2.56455	0.536688	2.15337	0.707246	2.56442	0.770401	1.93425	0.888915	1.9366			0.680111	2.1183	0.774384	2.16157	0.919377	1.52784		
0.709255	2.56359	0.538694	2.15304	0.709635	2.56344	0.772204	1.93738	0.89072	1.93856			0.682084	2.11745	0.776399	2.1642	0.920803	1.53179		
0.711643	2.5626	0.5407	2.15272	0.712023	2.5624	0.774011	1.94048	0.892527	1.94045			0.684057	2.11658	0.778416	2.16675	0.922232	1.5357		
0.71403	2.56155	0.542705	2.15246	0.71441	2.56137	0.77582	1.9436	0.894336	1.94227			0.686028	2.11571	0.780436	2.16924	0.923664	1.5396		
0.716416	2.56044	0.544711	2.15214	0.716796	2.5603	0.777632	1.94678	0.896147	1.94413			0.687999	2.11487	0.782459	2.17177	0.925101	1.54349		
0.718801	2.5593	0.546716	2.1518	0.719181	2.55915	0.779448	1.9499	0.897959	1.94598			0.689969	2.11405	0.784483	2.17424	0.92654	1.54737		
0.721185	2.55818	0.54872	2.15148	0.721564	2.55795	0.781266	1.95311	0.899773	1.94779			0.691938	2.11324	0.78651	2.17661	0.927984	1.55126		
0.723568	2.55697	0.550725	2.15118	0.723947	2.55676	0.783087	1.95633	0.901588	1.94957			0.693907	2.11243	0.788539	2.179	0.929431	1.55518		
0.72595	2.5557	0.552729	2.15088	0.726329	2.55555	0.784911	1.95955	0.903406	1.95137			0.695875	2.11166	0.79057	2.18137	0.930882	1.55904		
0.728331	2.55444	0.554733	2.15058	0.728709	2.55424	0.786739	1.96281	0.905225	1.95315			0.697842	2.11087	0.792604	2.18369	0.932336	1.56284		
0.73071	2.55312	0.556736	2.15025	0.731088	2.55286	0.788569	1.96608	0.907045	1.95485			0.699808	2.11007	0.794639	2.18599	0.933794	1.56672		
0.733088	2.55172	0.558739	2.14994	0.733466	2.55151	0.790402	1.96941	0.908867	1.95658			0.701774	2.10931	0.796677	2.18819	0.935256	1.5706		
0.735465	2.55029	0.560742	2.14964	0.735843	2.5501	0.792239	1.97272	0.910691	1.95832			0.703739	2.1086	0.798717	2.1904	0.936721	1.5744		
0.73784	2.54884	0.562745	2.1493	0.738218	2.54859	0.794078	1.97609	0.912516	1.96			0.705703	2.10787	0.800759	2.1926	0.938189	1.57825		
0.740214	2.54735	0.564747	2.14902	0.740592	2.5471	0.795921	1.97946	0.914343	1.96168			0.707666	2.10715	0.802803	2.19476	0.939662	1.58208		
0.742587	2.5458	0.566749	2.1487	0.742964	2.54552	0.797767	1.98287	0.916172	1.96332			0.709629	2.10642	0.804848	2.19687	0.941137	1.58589		
0.744958	2.54418	0.568751	2.14836	0.745335	2.54388	0.799616	1.98633	0.918002	1.96495			0.711591	2.10572	0.806896	2.19895	0.942617	1.58971		
0.747328	2.54249	0.570753	2.14808	0.747704	2.54226	0.801468	1.98982	0.919833	1.96657			0.713553	2.10508	0.808946	2.20097	0.9441	1.59352		
0.749696	2.54081	0.572754	2.14779	0.750072	2.54053	0.803323	1.99332	0.921666	1.96819			0.715514	2.10439	0.810997	2.20298	0.945586	1.59733		
0.752062	2.53905	0.574755	2.14746	0.752438	2.53875	0.805182	1.99683	0.923501	1.96976			0.717474	2.10369	0.813051	2.20497	0.947076	1.6011		
0.754427	2.53722	0.576755	2.14712	0.754803	2.53695	0.807044	2.00046	0.925337	1.97132			0.719434	2.10307	0.815106	2.20691	0.948569	1.60489		
0.75679	2.53539	0.578756	2.14683	0.757166	2.53509	0.80891	2.00406	0.927174	1.97291			0.721393	2.10244	0.817163	2.20884	0.950067	1.60869		
0.759151	2.53344	0.580756	2.14654	0.759527	2.53314	0.810779	2.00769	0.929013	1.97443			0.723352	2.10179	0.819222	2.21072	0.951567	1.61249		
0.761511	2.53145	0.582756	2.14622	0.761886	2.53114	0.812651	2.01142	0.930853	1.97596			0.72531	2.10121	0.821283	2.21254	0.953071	1.61623		
0.763869	2.52943	0.584755	2.14591	0.764243	2.52911	0.814527	2.01514	0.932695	1.97746			0.727267	2.10059	0.823345	2.21436	0.954579	1.61996		
0.766224	2.52735	0.586754	2.14557	0.766599	2.527	0.816406	2.01895	0.934538	1.97894			0.729224	2.09999	0.825409	2.21615	0.95609	1.62377		
0.768578	2.52522	0.588753	2.14525	0.768952	2.52484	0.818289	2.02276	0.936382	1.98041			0.73118	2.09943	0.827474	2.21785	0.957604	1.62754		
0.77093	2.52298	0.590752	2.14499	0.771303	2.52263	0.820175	2.0266	0.938228	1.98185			0.733136	2.0989	0.829542	2.21958	0.959123	1.63126		
0.773279	2.52069	0.59275	2.14467	0.773653	2.52035	0.822065	2.03054	0.940075	1.9833			0.735091	2.09834	0.83161	2.22129	0.960644	1.63498		
0.775627	2.51837	0.594748	2.14436	0.776	2.51801	0.823959	2.03452	0.941924	1.98475			0.737046	2.09776	0.833681	2.22291	0.962169	1.63871		
0.777972	2.51596	0.596746	2.14407	0.778345	2.51555	0.825856	2.03852	0.943774	1.98614			0.739	2.09722	0.835753	2.22453	0.963698	1.64245		
0.780315	2.51352	0.598743	2.14373	0.780687	2.51308	0.827757	2.04258	0.945625	1.98753			0.740954	2.09669	0.837826	2.22611	0.96523	1.64618		
0.782656	2.51097	0.60074	2.14342	0.783028	2.51056	0.829662	2.04669	0.947477	1.98892			0.742907	2.09621	0.839901	2.22763	0.966765	1.64992		
0.784994	2.50835	0.602737	2.14312	0.785365	2.50795	0.831571	2.05084	0.949331	1.99027			0.74486	2.09575	0.841977	2.22916	0.968304	1.65365		
0.78733	2.50568	0.604734	2.14282	0.787701	2.50528	0.833484	2.05507	0.951186	1.99161			0.746812	2.09522	0.844054	2.23066	0.969847	1.65735		
0.789663	2.50295	0.60673	2.14252	0.790034	2.50252	0.835401	2.05935	0.953042	1.99294			0.748764	2.09474	0.846133	2.23214	0.971392	1.66103		
0.791994	2.50016	0.608726	2.14219	0.792364	2.49968	0.837321	2.06368	0.954899	1.9943			0.750716	2.09432	0.848214	2.23354	0.972942	1.66474		
0.794322	2.49727	0.610722	2.14188	0.794692	2.49679	0.839246	2.06805	0.956758	1.9956			0.752667	2.09385	0.850295	2.2349	0.974495	1.66846		
0.796647	2.49432	0.612717	2.14158	0.797016	2.49385	0.841175	2.0725	0.958618	1.99687			0.754617	2.0934	0.852378	2.23627	0.976051	1.67212		
0.79897	2.49127	0.614713	2.14128	0.799339	2.4908	0.843108	2.077	0.960479	1.99813			0.756567	2.09295	0.854462	2.23762	0.97761	1.67581		
0.801289	2.48817	0.616707	2.14099	0.801658	2.48767	0.845045	2.08155	0.962341	1.99939			0.758517	2.09254	0.856548	2.23891	0.979173	1.67953		
0.803606	2.48501	0.618702	2.14066	0.803974	2.48449	0.846987	2.08621	0.964205	2.00063			0.760467	2.09216	0.858634	2.24015	0.98074	1.68318		
0.80592	2.48178	0.620696	2.14038	0.806287	2.48125	0.848933	2.09088	0.966069	2.00188			0.762416	2.09174	0.860722	2.24139	0.98231	1.68683		
0.808231	2.47844	0.62269	2.14006	0.808598	2.47791	0.850883	2.0956	0.967935	2.00309			0.764364	2.09132	0.862811	2.24259	0.983883	1.69053		
0.810538	2.47502	0.624684	2.13975	0.810905	2.47448	0.852837	2.10041	0.969802	2.00428			0.766313	2.09096	0.864901	2.24374	0.98546	1.69421		
0.812842	2.47158	0.626678	2.13945	0.813209	2.47101	0.854797	2.10531	0.97167	2.0055			0.768261	2.09063	0.866992	2.24491	0.98704	1.69784		
0.815144	2.468	0.628671	2.13916	0.815509	2.46744	0.85676	2.11025	0.973539	2.00666			0.770208	2.09025	0.869084	2.246	0.988624	1.70149		
0.817441	2.46438	0.630664	2.13886	0.817806	2.46379	0.858729	2.11524	0.975409	2.00782			0.772156	2.08991	0.871177	2.24706	0.990211	1.70518		
0.819736	2.4607	0.632656	2.13853	0.8201	2.46006	0.860702	2.1203	0.97728	2.00899			0.774103	2.08956	0.873271	2.24814	0.991801	1.70882		
0.822027	2.45688	0.634649	2.13826	0.82239	2.45626	0.86268	2.12544	0.979153	2.01009			0.776049	2.08924	0.875366	2.24915	0.993395	1.71244		
0.824314	2.45303	0.636641	2.13793	0.824677	2.45241	0.864663	2.13064	0.981026	2.01122			0.777996	2.08893	0.877462	2.25014	0.994992	1.71611		
0.826597	2.44909	0.638632	2.13763	0.82696	2.44848	0.86665	2.13591	0.9829	2.01234			0.779942	2.08859	0.879559	2.25107	0.996593	1.71978		
0.828877	2.44507	0.640624	2.13733	0.82924	2.44446	0.868643	2.14119	0.984776	2.01341			0.781888	2.08835	0.881657	2.25201	0.998197	1.72341		
0.831154	2.44101	0.642615	2.13703	0.831515	2.44036	0.87064	2.14657	0.986652	2.01449			0.783833	2.08805	0.883756	2.25292	0.999804	1.72702		
0.833426	2.43685	0.644606	2.13674	0.833787	2.43619	0.872642	2.15201	0.988529	2.01559			0.785778	2.08775	0.885855	2.25378	1.00141	1.72883		
0.835694	2.43262	0.646597	2.13644	0.836055	2.43194	0.87465	2.15751	0.990408	2.01664			0.787724	2.08749	0.887955	2.25461				
0.837959	2.42834	0.648587	2.13615	0.838319	2.42762	0.876663	2.16308	0.992287	2.01765			0.789668	2.08721	0.890056	2.25543				
0.840219	2.42396	0.650577	2.13582	0.840578	2.42326	0.878681	2.16865	0.994167	2.0187			0.791613	2.08696	0.892158	2.25621				
0.842476	2.41954	0.652567	2.13555	0.842834	2.41885	0.880704	2.17433	0.996049	2.01974			0.793557	2.08673	0.89426	2.25696				
0.844728	2.41506	0.654557	2.13526	0.845086	2.41434	0.882732	2.1801	0.997931	2.02074			0.795501	2.0865	0.896364	2.25767				
0.846976	2.41048	0.656546	2.13494	0.847333	2.40974	0.884766	2.18584	0.999814	2.02171			0.797445	2.08628	0.898467	2.25835				
0.84922	2.40588	0.658535	2.13463	0.849576	2.40513	0.886805	2.19164	1.0017	2.02218			0.799389	2.0861	0.900572	2.25902				
0.851459	2.4012	0.660523	2.13433	0.851815	2.40045	0.88885	2.19754					0.801332	2.08586	0.902677	2.25965				
0.853694	2.39644	0.662512	2.13407	0.854049	2.39569	0.8909	2.20346					0.803276	2.08566	0.904782	2.26029				
0.855924	2.39168	0.6645	2.13375	0.856279	2.39093	0.892956	2.20938					0.805219	2.08549	0.906889	2.26087				
0.858151	2.38689	0.666488	2.13345	0.858504	2.38609	0.895017	2.21538					0.807162	2.0853	0.908995	2.26138				
0.860372	2.382	0.668475	2.13319	0.860725	2.38122	0.897084	2.22143					0.809104	2.08513	0.911102	2.26189				
0.862589	2.37706	0.670463	2.13287	0.862941	2.3763	0.899157	2.22745					0.811047	2.08493	0.91321	2.2624				
0.864802	2.37214	0.67245	2.13257	0.865153	2.37134	0.901235	2.23354					0.812989	2.0848	0.915318	2.26288				
0.867009	2.36716	0.674437	2.13227	0.86736	2.36634	0.903318	2.23966					0.814932	2.08466	0.917427	2.2633				
0.869212	2.36213	0.676423	2.13198	0.869562	2.36131	0.905408	2.24576					0.816874	2.08452	0.919535	2.26373				
0.871411	2.3571	0.678409	2.13168	0.87176	2.35631	0.907503	2.25188					0.818816	2.08441	0.921645	2.26413				
0.873605	2.35202	0.680395	2.13139	0.873953	2.35124	0.909604	2.25806					0.820758	2.08428	0.923754	2.26444				
0.875794	2.34695	0.682381	2.1311	0.876141	2.34615	0.911711	2.26419					0.8227	2.08414	0.925864	2.26477				
0.877978	2.34189	0.684366	2.13084	0.878325	2.34107	0.913823	2.27036					0.824642	2.08404	0.927975	2.26509				
0.880158	2.33679	0.686351	2.13053	0.880504	2.33601	0.915941	2.27653					0.826583	2.08391	0.930085	2.26536				
0.882332	2.33172	0.688336	2.13023	0.882678	2.33091	0.918065	2.28265					0.828525	2.08381	0.932196	2.2656				
0.884502	2.32662	0.690321	2.12997	0.884847	2.3258	0.920195	2.28878					0.830466	2.08376	0.934307	2.26583				
0.886668	2.32151	0.692305	2.12965	0.887012	2.32072	0.92233	2.29489					0.832408	2.0837	0.936418	2.26602				
0.888828	2.31646	0.694289	2.12938	0.889171	2.31565	0.924471	2.30099					0.834349	2.0836	0.938529	2.26619				
0.890984	2.31141	0.696273	2.12911	0.891327	2.31059	0.926618	2.30707					0.83629	2.08351	0.940641	2.26635				
0.893135	2.30639	0.698257	2.12878	0.893477	2.30557	0.92877	2.31308					0.838231	2.0835	0.942752	2.26646				
0.895282	2.30139	0.70024	2.12847	0.895623	2.3006	0.930928	2.31909					0.840173	2.08346	0.944864	2.26656				
0.897424	2.29641	0.702223	2.12821	0.897764	2.29563	0.933091	2.3251					0.842114	2.08337	0.946976	2.2666				
0.899561	2.29146	0.704206	2.12797	0.8999	2.29065	0.935261	2.33096					0.844055	2.08332	0.949088	2.26663				
0.901694	2.28653	0.706188	2.12766	0.902032	2.28579	0.937435	2.33682					0.845996	2.08333	0.951199	2.26664				
0.903822	2.28168	0.70817	2.12737	0.90416	2.28093	0.939615	2.34268					0.847937	2.0833	0.953311	2.26664				
0.905945	2.27692	0.710152	2.12707	0.906283	2.27613	0.9418	2.34843					0.849878	2.08325	0.955423	2.26661				
0.908064	2.27216	0.712134	2.12678	0.908401	2.27138	0.943991	2.35412					0.851819	2.08323	0.957535	2.26656				
0.910179	2.26743	0.714115	2.12652	0.910515	2.26666	0.946187	2.35979					0.85376	2.08325	0.959647	2.26649				
0.91229	2.26276	0.716096	2.12624	0.912625	2.26204	0.948388	2.36537					0.855701	2.08326	0.961758	2.26635				
0.914396	2.25819	0.718077	2.12596	0.91473	2.25749	0.950595	2.37083					0.857642	2.08323	0.96387	2.26621				
0.916497	2.25367	0.720058	2.12567	0.916831	2.25298	0.952806	2.37624					0.859582	2.08325	0.965981	2.2661				
0.918595	2.24922	0.722038	2.12538	0.918928	2.24853	0.955022	2.38161					0.861523	2.08326	0.968092	2.2659				
0.920689	2.24483	0.724018	2.12509	0.921021	2.24414	0.957244	2.3869					0.863464	2.08327	0.970203	2.26565				
0.922778	2.24051	0.725998	2.12483	0.92311	2.23982	0.95947	2.39211					0.865405	2.08334	0.972314	2.26545				
0.924864	2.2363	0.727978	2.12456	0.925195	2.23562	0.961701	2.3972					0.867346	2.08338	0.974425	2.26521				
0.926945	2.23211	0.729957	2.12427	0.927276	2.23146	0.963937	2.4022					0.869288	2.08336	0.976535	2.26494				
0.929023	2.22803	0.731936	2.12399	0.929353	2.22737	0.966177	2.40716					0.871229	2.08343	0.978645	2.26462				
0.931097	2.22402	0.733915	2.1237	0.931426	2.22338	0.968422	2.41201					0.87317	2.0835	0.980755	2.26428				
0.933167	2.22007	0.735893	2.12344	0.933496	2.21948	0.970672	2.41679					0.875111	2.08353	0.982864	2.26396				
0.935234	2.21627	0.737872	2.12317	0.935562	2.21567	0.972926	2.42144					0.877052	2.08359	0.984974	2.26362				
0.937297	2.2125	0.73985	2.12288	0.937625	2.21189	0.975184	2.426					0.878993	2.08365	0.987082	2.26323				
0.939356	2.20878	0.741827	2.12263	0.939684	2.20821	0.977447	2.43052					0.880935	2.08375	0.989191	2.26278				
0.941413	2.2052	0.743805	2.12236	0.941739	2.20465	0.979713	2.43494					0.882876	2.08381	0.991299	2.26237				
0.943466	2.20169	0.745782	2.12204	0.943792	2.20114	0.981984	2.4392					0.884818	2.08387	0.993407	2.26195				
0.945515	2.19825	0.747759	2.12177	0.945841	2.19771	0.984258	2.44341					0.886759	2.08397	0.995514	2.26144				
0.947562	2.19488	0.749736	2.12153	0.947887	2.19434	0.986537	2.44757					0.888701	2.08406	0.99762	2.26093				
0.949605	2.19162	0.751712	2.12126	0.94993	2.19112	0.988819	2.45156					0.890643	2.08415	0.999727	2.26042				
0.951646	2.18846	0.753688	2.12098	0.95197	2.18797	0.991105	2.45549					0.892585	2.08422	1.00183	2.26015				
0.953683	2.18533	0.755664	2.12069	0.954007	2.18486	0.993395	2.45936					0.894527	2.08433						
0.955718	2.18234	0.75764	2.12044	0.956041	2.18184	0.995688	2.46309					0.896469	2.08446						
0.95775	2.17942	0.759616	2.1202	0.958073	2.17894	0.997984	2.46675					0.898411	2.08456						
0.959779	2.17653	0.761591	2.1199	0.960101	2.17609	1.00028	2.46858					0.900353	2.08465						
0.961805	2.17373	0.763566	2.1196	0.962127	2.17332							0.902295	2.08481						
0.963829	2.17105	0.765541	2.11938	0.964151	2.17065							0.904238	2.08492						
0.965851	2.16843	0.767515	2.11912	0.966172	2.16803							0.90618	2.08501						
0.96787	2.16587	0.769489	2.11881	0.968191	2.16548							0.908123	2.08517						
0.969887	2.16342	0.771463	2.11854	0.970207	2.16299							0.910066	2.08532						
0.971901	2.16102	0.773437	2.1183	0.972221	2.16065							0.912009	2.08543						
0.973914	2.15869	0.77541	2.11807	0.974233	2.15835							0.913952	2.08556						
0.975924	2.15643	0.777384	2.11781	0.976243	2.15606							0.915895	2.08574						
0.977932	2.15423	0.779357	2.11749	0.978251	2.15389							0.917838	2.0859						
0.979938	2.15214	0.781329	2.11723	0.980257	2.15181							0.919782	2.08605						
0.981942	2.15008	0.783302	2.11698	0.982261	2.14979							0.921725	2.08616						
0.983944	2.14809	0.785274	2.11675	0.984263	2.14779							0.923669	2.08633						
0.985945	2.14618	0.787246	2.11649	0.986263	2.14587							0.925613	2.08652						
0.987944	2.14431	0.789218	2.11621	0.988261	2.144							0.927557	2.08666						
0.989941	2.14253	0.79119	2.11596	0.990258	2.14222							0.929501	2.08683						
0.991936	2.14077	0.793161	2.11569	0.992253	2.14052							0.931446	2.08703						
0.99393	2.13908	0.795132	2.11541	0.994247	2.13883							0.93339	2.08717						
0.995922	2.13746	0.797103	2.11516	0.996239	2.13722							0.935335	2.08734						
0.997913	2.13592	0.799073	2.11492	0.998229	2.13564							0.93728	2.08754						
0.999902	2.13442	0.801044	2.1147	1.00022	2.13485							0.939225	2.08772						
1.00189	2.13365	0.803014	2.11444									0.94117	2.08791						
		0.804984	2.11416									0.943115	2.08812						
		0.806953	2.11391									0.945061	2.0883						
		0.808923	2.11364									0.947007	2.0885						
		0.810892	2.1134									0.948953	2.0887						
		0.812861	2.11316									0.950899	2.08888						
		0.81483	2.1129									0.952845	2.08908						
		0.816798	2.11266									0.954792	2.08929						
		0.818766	2.11243									0.956738	2.0895						
		0.820734	2.11217									0.958685	2.08972						
		0.822702	2.11189									0.960632	2.08994						
		0.82467	2.11164									0.962579	2.09012						
		0.826637	2.11144									0.964527	2.09036						
		0.828604	2.1112									0.966475	2.09059						
		0.830571	2.11093									0.968422	2.09078						
		0.832538	2.11069									0.970371	2.09102						
		0.834504	2.11042									0.972319	2.09125						
		0.83647	2.11021									0.974267	2.09147						
		0.838436	2.10996									0.976216	2.09173						
		0.840402	2.10972									0.978165	2.09193						
		0.842367	2.1095									0.980114	2.09218						
		0.844333	2.10924									0.982064	2.09242						
		0.846298	2.109									0.984013	2.09264						
		0.848262	2.10877									0.985963	2.0929						
		0.850227	2.10854									0.987913	2.0931						
		0.852191	2.10828									0.989863	2.09335						
		0.854156	2.10804									0.991814	2.09362						
		0.85612	2.10781									0.993765	2.09387						
		0.858083	2.10759									0.995715	2.0941						
		0.860047	2.10737									0.997667	2.09436						
		0.86201	2.10711									0.999618	2.09464						
		0.863973	2.10687									1.00157	2.09478						
		0.865936	2.10668																
		0.867899	2.10644																
		0.869861	2.10617																
		0.871823	2.10596																
		0.873785	2.10575																
		0.875747	2.10549																
		0.877709	2.10529																
		0.87967	2.10508																
		0.881631	2.10483																
		0.883592	2.1046																
		0.885553	2.10437																
		0.887514	2.10415																
		0.889474	2.10396																
		0.891434	2.10372																
		0.893394	2.10349																
		0.895354	2.10331																
		0.897313	2.10306																
		0.899273	2.10283																
		0.901232	2.10261																
		0.903191	2.10239																
		0.905149	2.1022																
		0.907108	2.10196																
		0.909066	2.10174																
		0.911024	2.10155																
		0.912982	2.10134																
		0.91494	2.10113																
		0.916897	2.10092																
		0.918855	2.1007																
		0.920812	2.10048																
		0.922769	2.10026																
		0.924725	2.10008																
		0.926682	2.09988																
		0.928638	2.09963																
		0.930594	2.09943																
		0.93255	2.09926																
		0.934506	2.09903																
		0.936462	2.0988																
		0.938417	2.09865																
		0.940372	2.09843																
		0.942327	2.09821																
		0.944282	2.09803																
		0.946237	2.09783																
		0.948191	2.09761																
		0.950145	2.0974																
		0.952099	2.09722																
		0.954053	2.09706																
		0.956007	2.09683																
		0.95796	2.09664																
		0.959914	2.09644																
		0.961867	2.09622																
		0.96382	2.09608																
		0.965773	2.09586																
		0.967725	2.09565																
		0.969678	2.09546																
		0.97163	2.0953																
		0.973582	2.09511																
		0.975534	2.0949																
		0.977486	2.09472																
		0.979437	2.09453																
		0.981389	2.09432																
		0.98334	2.09414																
		0.985291	2.09398																
		0.987242	2.09379																
		0.989192	2.09358																
		0.991143	2.09344																
		0.993093	2.09326																
		0.995043	2.09303																
		0.996993	2.09287																
		0.998943	2.09268																
		1.00089	2.09255																
