Sym0		Asym0		Sym1		Sym2		Asym1		Asym2	
297  Points		390  Points		297  Points		233  Points		340  Points		222  Points	
Freq (MHz)	Vgr (m/ms)	Freq (MHz)	Vgr (m/ms)	Freq (MHz)	Vgr (m/ms)	Freq (MHz)	Vgr (m/ms)	Freq (MHz)	Vgr (m/ms)	Freq (MHz)	Vgr (m/ms)
0.488339	-0.0690569	0.000222706	0.318367	1.00091	2.83839	0.612378	0.0895836	0.306188	0.0730853	0.918527	-0.164752
0.488293	-0.10015	0.000432448	0.370394	0.999036	2.84433	0.612437	0.138558	0.306236	0.122268	0.918419	-0.222858
0.488207	-0.162043	0.000710742	0.47427	0.997159	2.85665	0.612561	0.23628	0.306349	0.22051	0.918234	-0.337722
0.48808	-0.22337	0.00105735	0.57751	0.995272	2.8697	0.612748	0.333324	0.306527	0.318387	0.917974	-0.449367
0.487913	-0.283877	0.00147168	0.679997	0.993377	2.88337	0.613	0.429528	0.306769	0.415844	0.917642	-0.556856
0.487706	-0.34326	0.00195333	0.781701	0.991473	2.89776	0.613314	0.524777	0.307075	0.512771	0.91724	-0.65945
0.48746	-0.401329	0.00250166	0.882357	0.989559	2.91297	0.613691	0.618844	0.307444	0.608949	0.916773	-0.756499
0.487177	-0.457909	0.00311594	0.981953	0.987635	2.9289	0.61413	0.711476	0.307877	0.704249	0.916243	-0.847536
0.486857	-0.512856	0.0037955	1.08036	0.9857	2.94552	0.614629	0.802481	0.308372	0.798625	0.915656	-0.932452
0.486501	-0.565988	0.00453944	1.17743	0.983754	2.96291	0.615187	0.891789	0.308929	0.891979	0.915015	-1.01113
0.486111	-0.617148	0.0053469	1.27318	0.981796	2.98102	0.615804	0.979253	0.309548	0.984118	0.914324	-1.08345
0.485688	-0.666227	0.006217	1.3675	0.979826	2.99993	0.616477	1.06469	0.310226	1.07497	0.913587	-1.14959
0.485233	-0.713113	0.00714875	1.46024	0.977843	3.01964	0.617207	1.14803	0.310964	1.16448	0.912809	-1.20975
0.484749	-0.757686	0.00814103	1.55135	0.975847	3.04011	0.61799	1.22917	0.31176	1.25256	0.911993	-1.26422
0.484235	-0.799908	0.00919284	1.64088	0.973838	3.06136	0.618826	1.30806	0.312614	1.33902	0.911143	-1.31327
0.483695	-0.839814	0.0103031	1.72867	0.971814	3.08334	0.619714	1.38473	0.313525	1.4239	0.910263	-1.35721
0.483129	-0.877261	0.0114706	1.81465	0.969775	3.10608	0.620651	1.45904	0.314491	1.50717	0.909355	-1.3964
0.482539	-0.912173	0.0126941	1.89889	0.967721	3.12961	0.621636	1.53102	0.315511	1.58867	0.908423	-1.43108
0.481927	-0.944708	0.0139726	1.98129	0.965651	3.15386	0.622668	1.6006	0.316584	1.66838	0.907469	-1.46158
0.481294	-0.974768	0.0153047	2.06188	0.963566	3.17887	0.623745	1.66788	0.317709	1.7463	0.906497	-1.48831
0.480642	-1.00236	0.0166893	2.14061	0.961463	3.20463	0.624866	1.73283	0.318885	1.82237	0.905508	-1.51152
0.479973	-1.02752	0.0181252	2.21737	0.959343	3.2311	0.626028	1.79552	0.32011	1.89652	0.904505	-1.53152
0.479288	-1.05027	0.019611	2.29229	0.957206	3.25824	0.627231	1.85594	0.321384	1.9688	0.90349	-1.54844
0.478589	-1.07072	0.0211455	2.36536	0.95505	3.28611	0.628474	1.91412	0.322704	2.03919	0.902465	-1.56258
0.477878	-1.08881	0.0227276	2.43663	0.952876	3.31461	0.629753	1.97019	0.324071	2.10767	0.901432	-1.5743
0.477155	-1.10461	0.0243561	2.50593	0.950683	3.34375	0.63107	2.02412	0.325481	2.1742	0.900391	-1.58364
0.476422	-1.11817	0.0260295	2.57338	0.94847	3.37353	0.63242	2.07594	0.326935	2.23879	0.899345	-1.59074
0.475681	-1.12965	0.0277468	2.63907	0.946238	3.40389	0.633805	2.12583	0.328431	2.30148	0.898295	-1.59591
0.474934	-1.13894	0.0295067	2.70293	0.943985	3.43478	0.635221	2.17382	0.329968	2.36232	0.897242	-1.59931
0.474181	-1.14614	0.0313082	2.76498	0.941712	3.46622	0.636669	2.21987	0.331544	2.42123	0.896188	-1.60094
0.473424	-1.15141	0.0331499	2.82528	0.939418	3.49811	0.638146	2.26411	0.333158	2.47825	0.895133	-1.60098
0.472664	-1.1547	0.0350308	2.88392	0.937103	3.53041	0.639652	2.30661	0.334809	2.53346	0.894078	-1.59961
0.471902	-1.15599	0.0369498	2.94083	0.934766	3.56322	0.641186	2.34748	0.336496	2.58681	0.893025	-1.59687
0.47114	-1.15548	0.0389057	2.99602	0.932408	3.59641	0.642745	2.38666	0.338218	2.6384	0.891974	-1.59285
0.47038	-1.15321	0.0408974	3.04963	0.930027	3.62985	0.64433	2.4243	0.339973	2.68823	0.890926	-1.58771
0.469621	-1.1492	0.042924	3.10164	0.927625	3.66358	0.64594	2.46042	0.34176	2.73631	0.889882	-1.58147
0.468865	-1.14344	0.0449842	3.15212	0.9252	3.69759	0.647572	2.49508	0.343578	2.78266	0.888842	-1.57416
0.468114	-1.13597	0.0470772	3.20107	0.922753	3.73175	0.649227	2.52845	0.345426	2.82739	0.887808	-1.56586
0.467369	-1.12692	0.049202	3.24853	0.920283	3.76608	0.650904	2.56039	0.347303	2.87045	0.886779	-1.55672
0.466629	-1.11629	0.0513575	3.29457	0.917791	3.80057	0.652601	2.59102	0.349208	2.91192	0.885757	-1.54674
0.465898	-1.10414	0.053543	3.33921	0.915276	3.83506	0.654318	2.62048	0.35114	2.95187	0.884741	-1.53587
0.465175	-1.09051	0.0557573	3.38249	0.912738	3.86954	0.656054	2.64874	0.353098	2.99025	0.883733	-1.5243
0.464461	-1.07538	0.0579998	3.42441	0.910177	3.904	0.657808	2.67584	0.35508	3.02713	0.882733	-1.51203
0.463758	-1.05878	0.0602694	3.46507	0.907594	3.93844	0.659579	2.70187	0.357086	3.06256	0.881741	-1.49898
0.463066	-1.04081	0.0625654	3.50453	0.904988	3.97271	0.661368	2.72679	0.359115	3.09655	0.880758	-1.48532
0.462386	-1.02145	0.064887	3.54274	0.902359	4.00677	0.663172	2.75073	0.361166	3.1292	0.879784	-1.47105
0.46172	-1.00074	0.0672334	3.5797	0.899708	4.04072	0.664992	2.77375	0.363239	3.16054	0.878819	-1.45618
0.461068	-0.978704	0.0696037	3.61561	0.897035	4.07442	0.666827	2.79577	0.365331	3.19048	0.877865	-1.44074
0.46043	-0.955339	0.0719974	3.65046	0.89434	4.10774	0.668676	2.81691	0.367442	3.21918	0.876921	-1.42467
0.459809	-0.930671	0.0744136	3.6841	0.891623	4.14073	0.670539	2.83714	0.369572	3.24664	0.875988	-1.40816
0.459204	-0.904744	0.0768516	3.71678	0.888884	4.17346	0.672414	2.85656	0.37172	3.27288	0.875066	-1.39109
0.458617	-0.877543	0.0793109	3.74849	0.886124	4.20576	0.674302	2.8752	0.373885	3.29791	0.874155	-1.37353
0.458048	-0.849036	0.0817907	3.77917	0.883342	4.23764	0.676203	2.89302	0.376066	3.32187	0.873256	-1.35551
0.457498	-0.819366	0.0842904	3.80895	0.88054	4.26907	0.678114	2.91011	0.377979	3.34182	0.872369	-1.33696
0.456968	-0.788408	0.0868094	3.83784	0.877717	4.29994	0.680037	2.92649	0.379618	3.35819	0.871494	-1.318
0.456459	-0.75622	0.0893472	3.86579	0.874874	4.3304	0.68197	2.94214	0.38098	3.37135	0.870632	-1.29861
0.455972	-0.722813	0.091903	3.89291	0.872011	4.36035	0.683914	2.95709	0.38206	3.38146	0.869783	-1.27879
0.455507	-0.688109	0.0944765	3.91926	0.869129	4.38968	0.685867	2.97144	0.382857	3.38853	0.868947	-1.25852
0.455065	-0.652261	0.0970671	3.94474	0.866228	4.41852	0.687829	2.98512	0.383367	3.39309	0.868125	-1.23788
0.454647	-0.615161	0.0996742	3.96948	0.863307	4.44677	0.6898	2.9982	0.384103	3.39959	0.867316	-1.21677
0.454255	-0.5768	0.102297	3.99349	0.860368	4.47438	0.691779	3.01067	0.384903	3.40648	0.866522	-1.19529
0.453887	-0.537262	0.104936	4.01676	0.857412	4.50143	0.693767	3.02258	0.385995	3.41575	0.865741	-1.17345
0.453547	-0.496409	0.10759	4.03936	0.854437	4.52788	0.695762	3.03395	0.387379	3.42686	0.864976	-1.1512
0.453233	-0.45427	0.110258	4.06126	0.851446	4.55363	0.697764	3.04469	0.38906	3.44004	0.864225	-1.12857
0.452948	-0.410905	0.112941	4.08248	0.848437	4.57883	0.699774	3.05497	0.391039	3.45476	0.863489	-1.10557
0.452692	-0.36623	0.115638	4.10316	0.845412	4.60342	0.70179	3.06477	0.393321	3.47076	0.862768	-1.08227
0.452466	-0.320279	0.118347	4.12318	0.842372	4.62735	0.703812	3.074	0.395612	3.48596	0.862063	-1.05855
0.45227	-0.273021	0.12107	4.14261	0.839315	4.65064	0.70584	3.08273	0.397914	3.50018	0.861373	-1.03442
0.452106	-0.22439	0.123806	4.16149	0.836244	4.67331	0.707874	3.09097	0.400224	3.51356	0.8607	-1.00997
0.451974	-0.174464	0.126554	4.17976	0.833158	4.69534	0.709913	3.09885	0.402543	3.52616	0.860042	-0.985215
0.451876	-0.123192	0.129313	4.19757	0.830057	4.71672	0.711957	3.10623	0.40487	3.53795	0.859401	-0.960046
0.451812	-0.0704698	0.132084	4.21484	0.826943	4.73751	0.714005	3.11311	0.407205	3.54886	0.858777	-0.934568
0.451783	-0.016359	0.134867	4.23157	0.823815	4.75764	0.716059	3.11963	0.409546	3.55903	0.85817	-0.90878
0.45179	0.0391825	0.13766	4.24785	0.820674	4.7772	0.718116	3.12572	0.411894	3.56847	0.85758	-0.882583
0.451835	0.0961965	0.140464	4.26372	0.817521	4.79613	0.720177	3.13137	0.414248	3.57712	0.857007	-0.856082
0.451917	0.154602	0.143278	4.27909	0.814355	4.8144	0.722242	3.13656	0.416608	3.58513	0.856452	-0.829287
0.452039	0.214548	0.146102	4.294	0.811177	4.83219	0.72431	3.14145	0.418972	3.59234	0.855914	-0.80211
0.4522	0.27602	0.148936	4.30847	0.807988	4.84933	0.726381	3.14596	0.421341	3.59885	0.855395	-0.774583
0.452402	0.338992	0.151779	4.32262	0.804787	4.86581	0.728455	3.14999	0.423714	3.60479	0.854894	-0.746771
0.452647	0.403512	0.154631	4.33629	0.801577	4.88177	0.730532	3.15372	0.426091	3.61005	0.854411	-0.718595
0.452934	0.469575	0.157492	4.34956	0.798355	4.89723	0.73261	3.15712	0.428471	3.61459	0.853947	-0.690105
0.453265	0.537171	0.160362	4.36253	0.795124	4.91208	0.734691	3.16011	0.430853	3.61852	0.853502	-0.661301
0.453642	0.606384	0.163241	4.37511	0.791883	4.92636	0.736774	3.16265	0.433238	3.62183	0.853076	-0.632176
0.454064	0.677274	0.166127	4.38733	0.788633	4.9401	0.738859	3.16494	0.435625	3.62457	0.852669	-0.602723
0.454534	0.749657	0.169021	4.39922	0.785374	4.9533	0.740944	3.16694	0.438014	3.62672	0.852282	-0.572921
0.455052	0.823573	0.171923	4.41078	0.782106	4.96602	0.743031	3.16855	0.440404	3.62826	0.851914	-0.542839
0.455619	0.899106	0.174833	4.42198	0.778831	4.97819	0.745119	3.1698	0.442795	3.62929	0.851566	-0.512401
0.456237	0.976216	0.17775	4.43289	0.775547	4.9898	0.747208	3.17076	0.445186	3.6297	0.851239	-0.481669
0.456906	1.05482	0.180674	4.44353	0.772256	5.001	0.749297	3.17142	0.447577	3.62954	0.850932	-0.450655
0.457627	1.13487	0.183605	4.45383	0.768958	5.01171	0.751387	3.1717	0.449968	3.62889	0.850645	-0.419288
0.458401	1.21645	0.186542	4.46386	0.765652	5.02183	0.753476	3.17166	0.452359	3.62769	0.850379	-0.387628
0.459229	1.29944	0.189486	4.47368	0.762341	5.03149	0.755566	3.17135	0.454748	3.62595	0.850134	-0.355693
0.460113	1.38369	0.192437	4.48315	0.759023	5.04079	0.757655	3.17075	0.457136	3.62378	0.849911	-0.323414
0.461053	1.46922	0.195394	4.49235	0.755699	5.04953	0.759744	3.16985	0.459523	3.62109	0.849708	-0.290759
0.462049	1.55598	0.198356	4.50134	0.752369	5.05779	0.761832	3.16867	0.461908	3.61783	0.849527	-0.25787
0.463103	1.64382	0.201325	4.51009	0.749035	5.06562	0.763919	3.16713	0.46429	3.61418	0.849368	-0.22472
0.464215	1.73261	0.204299	4.51859	0.745695	5.07299	0.766005	3.16531	0.46667	3.61003	0.849231	-0.191253
0.465386	1.82226	0.207278	4.52689	0.74235	5.07997	0.768089	3.16323	0.469047	3.60536	0.849116	-0.157467
0.466616	1.91267	0.210263	4.53488	0.739001	5.08646	0.770173	3.16092	0.47142	3.60033	0.849024	-0.12335
0.467906	2.00369	0.213254	4.54268	0.735648	5.0925	0.772254	3.15827	0.47379	3.59482	0.848954	-0.0889875
0.469256	2.09521	0.216249	4.5503	0.732291	5.09817	0.774334	3.15534	0.476157	3.58885	0.848907	-0.05434
0.470666	2.18698	0.219249	4.55768	0.728931	5.10339	0.776145	3.15258	0.478519	3.58244	0.848882	-0.0194335
0.472138	2.27887	0.222254	4.56488	0.725567	5.10813	0.777687	3.15008	0.480877	3.57557	0.848881	0.0157811
0.473669	2.37077	0.225264	4.57181	0.7222	5.11243	0.778961	3.14792	0.48323	3.56835	0.848903	0.051301
0.475261	2.46248	0.228278	4.57864	0.718831	5.11638	0.779968	3.14624	0.485579	3.56075	0.848949	0.0870201
0.476914	2.55382	0.231297	4.58525	0.715459	5.11991	0.780709	3.14472	0.487922	3.55265	0.849018	0.123034
0.478626	2.64462	0.23432	4.59163	0.712085	5.12295	0.781182	3.14379	0.49026	3.5442	0.849111	0.159326
0.480398	2.73465	0.237347	4.59787	0.708709	5.12561	0.781862	3.14266	0.492592	3.53542	0.849228	0.195865
0.482229	2.82378	0.240378	4.60393	0.705331	5.12783	0.782602	3.14118	0.494918	3.52616	0.849349	0.227925
0.484119	2.91192	0.243413	4.60984	0.701952	5.12967	0.783606	3.13905	0.497238	3.51661	0.849468	0.255341
0.486066	2.99882	0.246452	4.61554	0.698572	5.13106	0.784876	3.13639	0.499552	3.50665	0.849575	0.278142
0.48807	3.08436	0.249495	4.62114	0.695192	5.13199	0.78641	3.13316	0.501859	3.49634	0.849667	0.296382
0.49013	3.16844	0.252541	4.62653	0.69181	5.1325	0.788208	3.12907	0.504159	3.4857	0.849739	0.309587
0.492245	3.25082	0.25559	4.63173	0.688429	5.13259	0.790268	3.1241	0.506451	3.47468	0.849786	0.318002
0.494414	3.33139	0.258644	4.63683	0.685048	5.13225	0.792324	3.11892	0.508737	3.46342	0.849856	0.330454
0.496635	3.41017	0.2617	4.64176	0.681667	5.13146	0.794378	3.11359	0.511015	3.45178	0.849935	0.344006
0.498907	3.48705	0.26476	4.64655	0.678286	5.13019	0.796427	3.10797	0.513285	3.4398	0.850048	0.362237
0.501229	3.56187	0.267428	4.65061	0.674907	5.12849	0.798473	3.10205	0.515547	3.42754	0.8502	0.385443
0.5036	3.63456	0.269705	4.65397	0.671529	5.12633	0.800514	3.09593	0.517801	3.41499	0.850395	0.413649
0.506018	3.70516	0.271589	4.65669	0.668153	5.12366	0.802552	3.08961	0.520047	3.40214	0.850642	0.446847
0.508482	3.77354	0.27308	4.65885	0.664778	5.12061	0.804585	3.08309	0.522284	3.38903	0.850949	0.485214
0.51099	3.83965	0.274176	4.66054	0.661406	5.11699	0.806614	3.0763	0.524512	3.37564	0.851282	0.523716
0.513541	3.90361	0.274878	4.66149	0.658036	5.11286	0.808639	3.06933	0.526732	3.36196	0.851639	0.562387
0.516134	3.96534	0.275887	4.66269	0.654669	5.10823	0.810658	3.06212	0.528942	3.34807	0.852023	0.6013
0.518766	4.02479	0.276984	4.66421	0.651305	5.10311	0.812673	3.05468	0.531143	3.33398	0.852432	0.640385
0.521437	4.08206	0.278477	4.66633	0.647945	5.09743	0.814683	3.04708	0.533335	3.31963	0.852866	0.679607
0.524145	4.13715	0.280366	4.66875	0.644589	5.09113	0.816688	3.03924	0.535517	3.30505	0.853327	0.719002
0.526888	4.19005	0.282652	4.67164	0.641237	5.08434	0.818688	3.03128	0.53769	3.29025	0.853814	0.758535
0.529665	4.24085	0.285335	4.67507	0.637889	5.07698	0.820682	3.02305	0.539852	3.27529	0.854326	0.798189
0.532476	4.28962	0.288416	4.67886	0.634547	5.06899	0.822671	3.01464	0.542005	3.26014	0.854865	0.837955
0.53495	4.33054	0.2915	4.68246	0.63121	5.06036	0.824654	3.00608	0.544148	3.2448	0.855431	0.877881
0.537078	4.36417	0.294586	4.68592	0.62788	5.05108	0.826632	2.9973	0.546281	3.22931	0.856022	0.917887
0.53885	4.39111	0.297674	4.68935	0.624555	5.04111	0.828604	2.98835	0.548403	3.2137	0.85664	0.957984
0.540258	4.41207	0.300765	4.69263	0.621237	5.03051	0.830569	2.97927	0.550515	3.19796	0.857284	0.998179
0.541298	4.42698	0.303857	4.69571	0.617927	5.01923	0.832529	2.97001	0.552617	3.18207	0.857955	1.03842
0.541966	4.43634	0.306952	4.69876	0.614624	5.00715	0.834483	2.96062	0.554708	3.16604	0.858653	1.07874
0.542927	4.44995	0.310048	4.70173	0.611329	4.99427	0.83643	2.95105	0.556788	3.15	0.859377	1.1191
0.543976	4.4644	0.313147	4.70451	0.608043	4.98062	0.838371	2.9413	0.558858	3.13385	0.860127	1.15943
0.545408	4.48347	0.316247	4.7072	0.604767	4.96618	0.840306	2.93145	0.560918	3.11754	0.860904	1.19979
0.547227	4.50714	0.319349	4.70978	0.6015	4.95086	0.842234	2.9215	0.562966	3.10125	0.861708	1.24022
0.54944	4.53488	0.322453	4.71227	0.598243	4.93463	0.844155	2.9114	0.565004	3.08498	0.862538	1.28063
0.552052	4.56624	0.325558	4.71465	0.594998	4.91749	0.84607	2.90112	0.567031	3.06866	0.863395	1.32098
0.555072	4.60067	0.328665	4.71693	0.591764	4.89937	0.847978	2.89075	0.569047	3.05227	0.864279	1.36126
0.558114	4.63347	0.331773	4.7191	0.588542	4.88023	0.849879	2.88028	0.571053	3.03589	0.865189	1.40149
0.561177	4.66479	0.334883	4.72117	0.585334	4.86006	0.851773	2.86976	0.573047	3.01956	0.866126	1.44169
0.564261	4.69469	0.337994	4.72314	0.582139	4.83878	0.85366	2.85912	0.575031	3.00327	0.867089	1.48184
0.567363	4.72311	0.341106	4.72501	0.578958	4.81633	0.85554	2.84836	0.577004	2.987	0.868078	1.52186
0.570484	4.75011	0.344219	4.72677	0.575793	4.79276	0.857413	2.83754	0.578967	2.97078	0.869094	1.56175
0.573622	4.77578	0.347334	4.72842	0.572643	4.76799	0.859279	2.82664	0.580919	2.95469	0.870136	1.60148
0.576777	4.80022	0.35045	4.72998	0.56951	4.74185	0.861137	2.8157	0.58286	2.93868	0.871204	1.64113
0.579947	4.82347	0.353566	4.73143	0.566395	4.71434	0.862989	2.80469	0.584791	2.92274	0.872298	1.68063
0.583132	4.84555	0.356684	4.73283	0.563299	4.68552	0.864833	2.79359	0.586711	2.9069	0.873418	1.71986
0.586331	4.86649	0.359802	4.73415	0.560221	4.65522	0.86667	2.7825	0.588621	2.89127	0.874564	1.759
0.589544	4.88628	0.362922	4.73532	0.557165	4.62343	0.868499	2.77142	0.590521	2.87579	0.875736	1.79794
0.59277	4.90508	0.366042	4.73638	0.554129	4.59008	0.870321	2.76033	0.59241	2.86043	0.876933	1.83662
0.596007	4.92292	0.369162	4.73732	0.551117	4.55508	0.872136	2.74914	0.59429	2.84524	0.878156	1.87507
0.599256	4.93977	0.372284	4.73826	0.548128	4.51844	0.873944	2.73796	0.596159	2.83024	0.879404	1.9133
0.602516	4.9557	0.375406	4.73909	0.545163	4.48006	0.875744	2.72687	0.598019	2.81549	0.880677	1.95127
0.605786	4.97081	0.378528	4.73976	0.542225	4.43987	0.877537	2.71574	0.599869	2.80097	0.881975	1.98895
0.609066	4.985	0.381651	4.74036	0.539313	4.39781	0.879322	2.70463	0.601709	2.78667	0.883298	2.02638
0.612354	4.99836	0.384774	4.74087	0.53643	4.35388	0.8811	2.69358	0.603541	2.77258	0.884645	2.06349
0.615652	5.01094	0.387897	4.74133	0.533576	4.30797	0.882871	2.68257	0.605363	2.75875	0.886017	2.10027
0.618957	5.02278	0.391021	4.74166	0.530754	4.26007	0.884635	2.67158	0.607176	2.7452	0.887412	2.13673
0.62227	5.03392	0.394145	4.74188	0.527963	4.21005	0.886391	2.66074	0.60898	2.73195	0.888832	2.17294
0.62559	5.04431	0.397269	4.74204	0.525207	4.15798	0.888141	2.64994	0.610775	2.71901	0.890275	2.2087
0.628916	5.05407	0.400393	4.74207	0.522485	4.10374	0.889883	2.63921	0.612562	2.70638	0.891742	2.24408
0.632249	5.06314	0.403517	4.74203	0.519799	4.04728	0.891618	2.62866	0.614341	2.69406	0.893232	2.27918
0.635587	5.07151	0.406642	4.74191	0.517152	3.98872	0.893346	2.61816	0.616112	2.68204	0.894745	2.31387
0.638931	5.07932	0.409765	4.74164	0.514544	3.92786	0.895068	2.60778	0.617875	2.67034	0.896281	2.34815
0.64228	5.08653	0.412889	4.7413	0.511977	3.86477	0.896782	2.59751	0.619631	2.65905	0.897839	2.38202
0.645633	5.09315	0.416013	4.74087	0.509451	3.79948	0.89849	2.58741	0.621379	2.64812	0.89942	2.41547
0.648991	5.09925	0.419136	4.74034	0.50697	3.73199	0.900192	2.57754	0.62312	2.63753	0.901022	2.44851
0.652352	5.10479	0.422259	4.73972	0.504534	3.66225	0.901887	2.56779	0.624854	2.62731	0.902646	2.48114
0.655717	5.10973	0.425381	4.73899	0.502145	3.59032	0.903575	2.5582	0.626582	2.61749	0.904291	2.51336
0.659085	5.11417	0.428503	4.73816	0.499803	3.51637	0.905257	2.54885	0.628303	2.60802	0.905957	2.5451
0.662455	5.11815	0.431624	4.73723	0.497512	3.44035	0.906933	2.53972	0.630018	2.59899	0.907645	2.57631
0.665829	5.12159	0.434745	4.73619	0.49527	3.36227	0.908604	2.53075	0.631727	2.59044	0.909352	2.60713
0.669204	5.12456	0.437865	4.7351	0.493081	3.28235	0.910268	2.52202	0.633431	2.58222	0.91108	2.63752
0.672581	5.12708	0.440984	4.73389	0.490946	3.2006	0.911927	2.51356	0.63513	2.57439	0.912827	2.66736
0.675959	5.12911	0.444102	4.7325	0.488864	3.11718	0.91358	2.50535	0.636823	2.56705	0.914594	2.69679
0.679339	5.13065	0.447219	4.73108	0.486838	3.03227	0.915228	2.49746	0.638512	2.56012	0.916381	2.72569
0.682719	5.13173	0.450336	4.72955	0.484869	2.94583	0.916871	2.48979	0.640196	2.5536	0.918186	2.75412
0.686101	5.13242	0.453451	4.7279	0.482957	2.85819	0.918508	2.48243	0.641877	2.54754	0.920009	2.78207
0.689482	5.13261	0.456565	4.72614	0.481103	2.76941	0.920141	2.47538	0.643553	2.54192	0.921851	2.80945
0.692863	5.1324	0.459678	4.72428	0.479308	2.67968	0.92177	2.46865	0.645226	2.53678	0.923711	2.83635
0.696245	5.13172	0.46279	4.72231	0.477572	2.58919	0.923394	2.46228	0.646896	2.53209	0.925589	2.8628
0.699625	5.1306	0.4659	4.72019	0.475896	2.49803	0.925014	2.45619	0.648562	2.52783	0.927483	2.88876
0.703005	5.12917	0.469009	4.71799	0.474281	2.40643	0.926631	2.45051	0.650226	2.52399	0.929395	2.91412
0.706383	5.1272	0.472117	4.71564	0.472726	2.31458	0.928243	2.44523	0.651888	2.52062	0.931323	2.93897
0.70976	5.12483	0.475223	4.71323	0.471231	2.22267	0.929852	2.44031	0.653547	2.51774	0.933267	2.96341
0.713136	5.12208	0.478327	4.71068	0.469797	2.13083	0.931459	2.43573	0.655205	2.51532	0.935228	2.98729
0.716509	5.11885	0.48143	4.708	0.468423	2.03923	0.933062	2.43163	0.656862	2.51338	0.937203	3.01062
0.719881	5.11521	0.48453	4.70521	0.46711	1.94801	0.934663	2.42797	0.658517	2.5119	0.939194	3.03342
0.723249	5.11116	0.487629	4.70226	0.465857	1.85733	0.936261	2.42474	0.660171	2.51079	0.9412	3.05575
0.726615	5.10665	0.490726	4.69924	0.464663	1.76733	0.937857	2.42194	0.661825	2.51019	0.943221	3.07758
0.729978	5.10176	0.493821	4.69607	0.463528	1.67818	0.939452	2.41955	0.663479	2.51014	0.945255	3.09885
0.733337	5.09646	0.496914	4.69272	0.462452	1.59	0.941045	2.41774	0.665133	2.51048	0.947304	3.11959
0.736693	5.09071	0.500004	4.68929	0.461433	1.50281	0.942638	2.41642	0.666787	2.51127	0.949366	3.13985
0.740045	5.08446	0.503093	4.68576	0.460471	1.41678	0.944229	2.41555	0.668442	2.51255	0.951441	3.15961
0.743392	5.07782	0.506178	4.68202	0.459566	1.33205	0.945821	2.41517	0.670097	2.51428	0.953529	3.17882
0.746735	5.07077	0.509262	4.67819	0.458716	1.24855	0.947412	2.41534	0.671754	2.51649	0.955629	3.19758
0.750074	5.06325	0.512342	4.6742	0.457921	1.16638	0.949003	2.4161	0.673413	2.51914	0.957742	3.21577
0.753407	5.0553	0.51542	4.67003	0.457179	1.08574	0.950595	2.41746	0.675074	2.52223	0.959867	3.23341
0.756735	5.04682	0.518496	4.66577	0.45649	1.0066	0.952188	2.41933	0.676736	2.5258	0.962003	3.25062
0.760057	5.03792	0.521568	4.66136	0.455853	0.928909	0.953783	2.42172	0.678402	2.52981	0.96415	3.26736
0.763373	5.0286	0.524638	4.65678	0.455266	0.852762	0.955379	2.42478	0.68007	2.5343	0.966308	3.28349
0.766682	5.01871	0.527704	4.652	0.45473	0.778152	0.956978	2.42848	0.681741	2.53924	0.968476	3.29918
0.769985	5.00838	0.530767	4.64712	0.454241	0.705168	0.958579	2.43277	0.683415	2.54456	0.970655	3.31442
0.773281	4.99757	0.533827	4.64214	0.4538	0.633777	0.960183	2.43766	0.685094	2.55043	0.972843	3.32909
0.77657	4.98626	0.536884	4.63691	0.453406	0.563916	0.961791	2.44321	0.686776	2.55667	0.975041	3.34331
0.779851	4.97449	0.539937	4.6315	0.453057	0.495664	0.963402	2.44945	0.688462	2.56337	0.977248	3.35705
0.783125	4.96213	0.542986	4.626	0.452753	0.428972	0.965018	2.45641	0.690153	2.5705	0.979464	3.37024
0.78639	4.94922	0.546032	4.62034	0.452492	0.363848	0.966639	2.46398	0.691849	2.57806	0.981689	3.383
0.789646	4.93588	0.549074	4.61446	0.452274	0.300306	0.968265	2.47227	0.69355	2.58608	0.983922	3.39533
0.792893	4.92196	0.552112	4.60836	0.452096	0.23827	0.969897	2.48133	0.695257	2.59454	0.986163	3.40714
0.796131	4.90749	0.555146	4.60215	0.45196	0.177692	0.971534	2.49104	0.696969	2.60344	0.988411	3.41844
0.799359	4.89248	0.558176	4.59573	0.451862	0.118684	0.973179	2.50149	0.698687	2.6127	0.990667	3.42931
0.802578	4.8769	0.561202	4.58916	0.451803	0.0611604	0.97483	2.51267	0.700412	2.62241	0.99293	3.43972
0.805785	4.86077	0.564223	4.5824	0.451782	0.00504927	0.97649	2.52463	0.702142	2.63254	0.995199	3.44964
0.808982	4.84401	0.567239	4.57545	0.451797	-0.0495824	0.978157	2.5374	0.70388	2.6431	0.997475	3.45911
0.812168	4.82667	0.570251	4.56829	0.451847	-0.102809	0.979833	2.55093	0.705625	2.65408	0.999757	3.46814
0.815342	4.80878	0.573259	4.56099	0.451932	-0.154675	0.981518	2.56525	0.707377	2.66547	1.00204	3.47256
0.818504	4.7903	0.576261	4.55345	0.452051	-0.205168	0.983213	2.58034	0.709137	2.67723		
0.821654	4.77117	0.579258	4.5457	0.452202	-0.254363	0.984918	2.59622	0.710905	2.68942		
0.824791	4.75146	0.582251	4.53783	0.452361	-0.296098	0.986634	2.61297	0.712681	2.70205		
0.827914	4.73114	0.585237	4.5297	0.452514	-0.330837	0.988361	2.63051	0.714465	2.71504		
0.831024	4.71015	0.588219	4.52134	0.452654	-0.359154	0.9901	2.64881	0.716258	2.72842		
0.83412	4.68853	0.591195	4.51281	0.452772	-0.381092	0.991851	2.668	0.71806	2.74221		
0.837202	4.66632	0.594165	4.50414	0.452864	-0.397044	0.993615	2.68806	0.719871	2.75641		
0.840269	4.64346	0.59713	4.4952	0.452951	-0.411745	0.995393	2.70887	0.721692	2.77096		
0.84332	4.61991	0.600088	4.48601	0.453014	-0.421675	0.997184	2.73051	0.723522	2.78585		
0.846356	4.59581	0.60304	4.47671	0.453115	-0.437062	0.99899	2.75303	0.725363	2.80117		
0.849376	4.57112	0.605987	4.46719	0.453258	-0.458043	1.00081	2.76451	0.727213	2.81691		
0.852379	4.54573	0.608926	4.4574	0.453449	-0.483868			0.729074	2.83296		
0.855365	4.51967	0.61186	4.44738	0.453693	-0.514532			0.730946	2.84938		
0.858334	4.49307	0.614786	4.43725	0.453999	-0.549701			0.732829	2.86613		
0.861286	4.46584	0.617706	4.42689	0.454374	-0.588885			0.734722	2.88331		
0.864219	4.43798	0.620619	4.41628	0.454775	-0.626862			0.736628	2.90081		
0.867133	4.4096	0.623525	4.40548	0.4552	-0.663614			0.738545	2.91862		
0.870029	4.38066	0.626424	4.39449	0.455649	-0.699081			0.740473	2.9368		
0.872905	4.35106	0.629316	4.3833	0.456121	-0.733336			0.742414	2.95526		
0.875762	4.32098	0.6322	4.3719	0.456616	-0.766363			0.744367	2.97412		
0.878598	4.29041	0.635076	4.3603	0.457131	-0.798154			0.746333	2.99329		
0.881415	4.25927	0.637945	4.34854	0.457667	-0.828758			0.748311	3.01272		
0.884211	4.22775	0.640806	4.33661	0.458223	-0.858044			0.750303	3.03253		
0.886985	4.19578	0.643659	4.32447	0.458798	-0.8861			0.752307	3.05259		
0.889739	4.16333	0.646504	4.31214	0.459391	-0.912972			0.754325	3.07292		
0.892471	4.13048	0.649341	4.29966	0.460001	-0.938527			0.756356	3.0936		
0.895181	4.09737	0.652169	4.28699	0.460627	-0.96275			0.758401	3.11451		
0.89787	4.06394	0.654989	4.27413	0.461269	-0.985686			0.76046	3.13568		
0.900536	4.03018	0.657801	4.26123	0.461926	-1.0073			0.762532	3.15709		
0.90318	3.99621	0.660604	4.24815	0.462597	-1.02764			0.764619	3.17878		
0.905802	3.96204	0.663398	4.23488	0.46328	-1.04656			0.766721	3.2007		
0.9084	3.92775	0.666184	4.22146	0.463975	-1.06411			0.768837	3.2228		
0.910977	3.89331	0.66896	4.20801	0.464682	-1.08023			0.770967	3.24514		
0.91353	3.85879	0.671728	4.19446	0.465399	-1.09492			0.773113	3.26765		
0.916061	3.82429	0.674487	4.18069	0.466125	-1.10812			0.775273	3.29035		
0.918569	3.78979	0.677237	4.16691	0.466859	-1.11979			0.777448	3.31325		
0.921055	3.7554	0.679977	4.15314	0.4676	-1.12993			0.779638	3.3363		
0.923517	3.72111	0.682709	4.13921	0.468348	-1.13847			0.781844	3.35948		
0.925958	3.68698	0.685431	4.1252	0.4691	-1.14538			0.784065	3.38277		
0.928376	3.65303	0.688144	4.1112	0.469857	-1.15059			0.786301	3.40623		
0.930771	3.61938	0.690848	4.09716	0.470616	-1.15413			0.788553	3.42976		
0.933144	3.58604	0.693543	4.08315	0.471378	-1.15585			0.79082	3.45334		
0.935496	3.55295	0.696228	4.06915	0.472139	-1.15578			0.793103	3.47704		
0.937826	3.52034	0.698905	4.05511	0.4729	-1.15388			0.795402	3.5008		
0.940134	3.48815	0.701571	4.04104	0.47366	-1.14997			0.797716	3.52454		
0.942422	3.45635	0.704229	4.02712	0.474416	-1.14414			0.800046	3.54832		
0.944689	3.42508	0.706878	4.01322	0.475167	-1.13625			0.802391	3.57213		
0.946935	3.39437	0.709517	3.99938	0.475913	-1.1263			0.804752	3.59589		
0.949161	3.3642	0.712147	3.98568	0.476651	-1.11423			0.807129	3.61963		
0.951368	3.33461	0.714769	3.97199	0.477381	-1.0999			0.809522	3.64336		
0.953555	3.30568	0.717381	3.95847	0.478101	-1.08342			0.81193	3.66703		
0.955723	3.27734	0.719984	3.94508	0.478808	-1.06461			0.814353	3.69057		
0.957873	3.24975	0.722579	3.93175	0.479503	-1.04345			0.816792	3.714		
0.960005	3.2228	0.725165	3.91862	0.480183	-1.01993			0.819247	3.73741		
0.96212	3.19649	0.727742	3.90568	0.480847	-0.994024			0.821717	3.76067		
0.964217	3.171	0.730311	3.89289	0.481493	-0.965691			0.824202	3.78374		
0.966298	3.14624	0.732872	3.88033	0.48212	-0.934848			0.826702	3.80673		
0.968362	3.12221	0.735424	3.86789	0.482725	-0.901559			0.829218	3.82946		
0.970412	3.09891	0.737968	3.85566	0.483307	-0.865856			0.831748	3.85206		
0.972446	3.07638	0.740504	3.84375	0.483866	-0.827651			0.834293	3.8745		
0.974465	3.05465	0.743033	3.83199	0.484398	-0.787004			0.836853	3.89664		
0.97647	3.03369	0.745553	3.82042	0.484903	-0.744048			0.839428	3.91864		
0.978462	3.01347	0.748066	3.80919	0.485378	-0.698747			0.842017	3.94042		
0.980441	2.99399	0.750572	3.79819	0.485823	-0.651185			0.84462	3.96187		
0.982407	2.97529	0.753071	3.78741	0.486236	-0.601457			0.847237	3.98311		
0.984361	2.95739	0.755563	3.77694	0.486616	-0.549663			0.849868	4.00414		
0.986304	2.94026	0.758047	3.76668	0.486961	-0.495954			0.852513	4.0248		
0.988235	2.92382	0.760526	3.75674	0.487269	-0.44046			0.855171	4.04523		
0.990156	2.90815	0.762997	3.74716	0.487541	-0.383348			0.857843	4.06544		
0.992067	2.89326	0.765463	3.73776	0.487774	-0.324857			0.860528	4.08529		
0.993969	2.87904	0.767922	3.72866	0.487969	-0.265159			0.863226	4.10479		
0.995861	2.8655	0.770376	3.71991	0.488124	-0.204392			0.865936	4.12402		
0.997744	2.85273	0.772824	3.71139	0.488238	-0.14283			0.868659	4.14301		
0.99962	2.84065	0.775266	3.7032	0.488312	-0.0807165			0.871395	4.16167		
1.00149	2.83479	0.777703	3.69527	0.488345	-0.0495504			0.874143	4.17996		
		0.780135	3.68768					0.876903	4.19791		
		0.782562	3.68036					0.879674	4.21558		
		0.784984	3.67334					0.882457	4.23296		
		0.787402	3.66667					0.885252	4.24994		
		0.789816	3.66022					0.888057	4.26661		
		0.792225	3.65405					0.890873	4.28303		
		0.79463	3.64822					0.8937	4.29906		
		0.797032	3.64266					0.896538	4.31479		
		0.79943	3.6374					0.899386	4.33021		
		0.801825	3.63238					0.902243	4.34528		
		0.804216	3.6276					0.905111	4.36001		
		0.806604	3.62318					0.907988	4.37442		
		0.80899	3.61901					0.910875	4.38862		
		0.811373	3.61506					0.913771	4.40245		
		0.813753	3.61137					0.916676	4.41594		
		0.816131	3.60798					0.919589	4.42917		
		0.818507	3.60483					0.922512	4.44209		
		0.820881	3.60185					0.925442	4.45472		
		0.823253	3.59913					0.928381	4.46704		
		0.825623	3.59667					0.931328	4.47911		
		0.827992	3.59446					0.934283	4.49084		
		0.830359	3.59243					0.937245	4.50235		
		0.832725	3.59063					0.940215	4.51359		
		0.83509	3.58906					0.943192	4.52455		
		0.837454	3.5876					0.946177	4.53526		
		0.839817	3.58641					0.949168	4.54569		
		0.84218	3.58544					0.952166	4.55587		
		0.844542	3.58465					0.955171	4.56578		
		0.846903	3.584					0.958182	4.5755		
		0.849264	3.58352					0.9612	4.58502		
		0.851625	3.58328					0.964224	4.59424		
		0.853985	3.58316					0.967253	4.60325		
		0.856346	3.58315					0.970289	4.61205		
		0.858707	3.58335					0.97333	4.62065		
		0.861067	3.58371					0.976377	4.62904		
		0.863429	3.5842					0.979429	4.63717		
		0.86579	3.58481					0.982487	4.64512		
		0.868152	3.58558					0.98555	4.65287		
		0.870515	3.58648					0.988618	4.66048		
		0.872878	3.58745					0.991691	4.66791		
		0.875241	3.58861					0.994768	4.67509		
		0.877606	3.58991					0.997851	4.6821		
		0.879972	3.59129					1.00094	4.68558		
		0.882338	3.59276								
		0.884705	3.59432								
		0.887074	3.59598								
		0.889443	3.59774								
		0.891814	3.59961								
		0.894186	3.60157								
		0.89656	3.60359								
		0.898935	3.60574								
		0.901311	3.60796								
		0.903688	3.61015								
		0.906068	3.61249								
		0.908448	3.61496								
		0.910831	3.61738								
		0.913215	3.61989								
		0.9156	3.62254								
		0.917988	3.62516								
		0.920377	3.62782								
		0.922768	3.63054								
		0.925161	3.63331								
		0.927555	3.63619								
		0.929952	3.63908								
		0.93235	3.64192								
		0.93475	3.6449								
		0.937153	3.64789								
		0.939557	3.65089								
		0.941963	3.65394								
		0.944371	3.65697								
		0.946782	3.66009								
		0.949194	3.6632								
		0.951608	3.66631								
		0.954025	3.66947								
		0.956443	3.67266								
		0.958864	3.67591								
		0.961287	3.67909								
		0.963711	3.68228								
		0.966138	3.68554								
		0.968568	3.68877								
		0.970999	3.69204								
		0.973432	3.69528								
		0.975868	3.69851								
		0.978305	3.70183								
		0.980745	3.7051								
		0.983187	3.70834								
		0.985632	3.71167								
		0.988078	3.71494								
		0.990526	3.71818								
		0.992977	3.72145								
		0.99543	3.7247								
		0.997885	3.72798								
		1.00034	3.72966								
