Sym0		Asym0		Sym1		Sym2		Sym3		Sym4		Sym5		Sym6		Asym1		Asym2		Asym3		Asym4		Asym5		Asym6		Asym7	
379  Points		428  Points		380  Points		368  Points		323  Points		303  Points		271  Points		220  Points		378  Points		376  Points		349  Points		302  Points		273  Points		216  Points		146  Points	
Freq (MHz)	Vgr (m/ms)	Freq (MHz)	Vgr (m/ms)	Freq (MHz)	Vgr (m/ms)	Freq (MHz)	Vgr (m/ms)	Freq (MHz)	Vgr (m/ms)	Freq (MHz)	Vgr (m/ms)	Freq (MHz)	Vgr (m/ms)	Freq (MHz)	Vgr (m/ms)	Freq (MHz)	Vgr (m/ms)	Freq (MHz)	Vgr (m/ms)	Freq (MHz)	Vgr (m/ms)	Freq (MHz)	Vgr (m/ms)	Freq (MHz)	Vgr (m/ms)	Freq (MHz)	Vgr (m/ms)	Freq (MHz)	Vgr (m/ms)
0.27935	-0.346156	0.000793309	0.406289	1.40321	2.20075	0.292707	0.303066	0.559022	0.0124399	0.838524	-0.00544842	0.877955	0.0307345	1.11804	0.00698903	0.139779	0.125003	0.419263	0.00229957	0.585298	0.0145102	0.698773	0.0104844	0.97828	0.00251456	1.1706	0.0151487	1.25779	0.00395193
0.278759	-0.44296	0.00148718	0.467121	1.39946	2.2005	0.293224	0.435458	0.559043	0.017315	0.838515	-0.00792953	0.878008	0.0447668	1.11805	0.0094497	0.139993	0.188236	0.419267	0.00442765	0.585323	0.0269278	0.698791	0.016557	0.978284	0.00454869	1.17063	0.0212404	1.2578	0.00696675
0.277837	-0.602206	0.00238883	0.586542	1.3957	2.20002	0.294194	0.664697	0.559081	0.0270502	0.838497	-0.0128969	0.878108	0.0728122	1.11807	0.0142938	0.140422	0.313495	0.419278	0.00870725	0.58539	0.0516766	0.698829	0.0286466	0.978295	0.00860835	1.17067	0.0334495	1.25781	0.01304
0.276702	-0.70126	0.0034906	0.701147	1.39194	2.19954	0.295495	0.829083	0.559136	0.0368021	0.838471	-0.0176937	0.878256	0.100676	1.1181	0.0191536	0.141064	0.435878	0.419296	0.0130572	0.585499	0.0763519	0.698888	0.040755	0.978314	0.0127041	1.17074	0.045673	1.25784	0.0191201
0.275442	-0.757428	0.0047837	0.810331	1.38819	2.19908	0.297026	0.944236	0.559207	0.0465875	0.838437	-0.0222115	0.878452	0.128239	1.11814	0.0240451	0.141911	0.554427	0.419323	0.0174859	0.585651	0.101004	0.698968	0.0529012	0.978339	0.0168101	1.17083	0.0578638	1.25788	0.025214
0.274115	-0.785641	0.00625841	0.913627	1.38443	2.1986	0.29872	1.02678	0.559295	0.056378	0.838395	-0.0264808	0.878694	0.15551	1.11818	0.0289378	0.142957	0.668282	0.419356	0.0220103	0.585844	0.125486	0.699069	0.0650609	0.978371	0.0208749	1.17094	0.0700509	1.25793	0.0313356
0.272758	-0.79595	0.00790433	1.01078	1.38068	2.19812	0.300533	1.08844	0.559399	0.0662404	0.838346	-0.0303768	0.878983	0.182443	1.11823	0.0338331	0.144194	0.776769	0.419398	0.0266641	0.586079	0.149813	0.699191	0.0772478	0.97841	0.0249808	1.17107	0.0822305	1.25798	0.0374506
0.271396	-0.794594	0.00971087	1.1017	1.37692	2.19761	0.302438	1.13661	0.559521	0.0761231	0.838291	-0.0338977	0.879317	0.208949	1.1183	0.0386717	0.145611	0.879414	0.419447	0.0314529	0.586356	0.174017	0.699333	0.089489	0.978456	0.0291071	1.17122	0.0943334	1.25805	0.0435523
0.270044	-0.785383	0.0116674	1.18643	1.37317	2.19707	0.304415	1.17588	0.559659	0.0860462	0.83823	-0.0369777	0.879697	0.234972	1.11837	0.0435823	0.147197	0.975942	0.419505	0.03645	0.586674	0.197973	0.699496	0.101777	0.978509	0.0332124	1.17139	0.106406	1.25813	0.0496895
0.268714	-0.770612	0.0137633	1.26508	1.36942	2.19656	0.306454	1.20898	0.559815	0.0960502	0.838165	-0.0396095	0.88012	0.260524	1.11844	0.0485135	0.148944	1.06637	0.419572	0.0416776	0.587032	0.221745	0.699681	0.114097	0.97857	0.0373375	1.17158	0.118482	1.25822	0.0558357
0.267412	-0.751779	0.0159884	1.33787	1.36567	2.19603	0.308545	1.23766	0.559988	0.106092	0.838095	-0.0417779	0.880587	0.285569	1.11853	0.0534238	0.150588	1.14018	0.419647	0.0471189	0.587431	0.245271	0.699886	0.126479	0.978637	0.0415022	1.1718	0.130501	1.25832	0.062
0.266146	-0.729897	0.018333	1.40504	1.36192	2.19546	0.310682	1.26315	0.560177	0.11621	0.838022	-0.0433912	0.881095	0.310032	1.11863	0.0583542	0.152073	1.19936	0.419733	0.0528018	0.58787	0.268491	0.700113	0.138927	0.978711	0.0456843	1.17203	0.142467	1.25844	0.0682002
0.264919	-0.705571	0.0207875	1.46695	1.35817	2.19488	0.312859	1.28621	0.560384	0.126356	0.837947	-0.0445131	0.881646	0.33395	1.11873	0.0632629	0.153356	1.24575	0.419828	0.0587203	0.588348	0.291408	0.700361	0.151441	0.978793	0.0498392	1.17228	0.154392	1.25856	0.0744107
0.263736	-0.679265	0.0233436	1.52392	1.35442	2.19434	0.315075	1.30726	0.560609	0.136619	0.83787	-0.0451474	0.882236	0.357334	1.11884	0.0681902	0.154404	1.28092	0.419933	0.0649863	0.588865	0.314029	0.70063	0.164027	0.978882	0.0540636	1.17256	0.166231	1.25869	0.0806415
0.262599	-0.65129	0.0259927	1.57626	1.35067	2.19376	0.317325	1.3267	0.560851	0.146994	0.837793	-0.04524	0.882866	0.380148	1.11896	0.0731546	0.155193	1.30595	0.42005	0.0715757	0.589421	0.336369	0.700921	0.176697	0.978978	0.0583031	1.17285	0.178026	1.25883	0.086913
0.261511	-0.621833	0.0287276	1.62437	1.34693	2.19316	0.319606	1.34485	0.561111	0.157407	0.837716	-0.0448061	0.883535	0.402376	1.11909	0.0781314	0.155706	1.32146	0.420178	0.0784406	0.590014	0.358268	0.701233	0.189469	0.979081	0.0625109	1.17316	0.189792	1.25899	0.093204
0.260475	-0.591083	0.031541	1.66853	1.34318	2.19257	0.321918	1.36184	0.561389	0.167896	0.83764	-0.0438765	0.88424	0.424054	1.11923	0.0831328	0.156454	1.34308	0.420318	0.0856709	0.590644	0.379783	0.701568	0.202324	0.979191	0.0667793	1.1735	0.201439	1.25915	0.099534
0.259492	-0.559173	0.0344267	1.70907	1.33944	2.19194	0.324258	1.3778	0.561684	0.178535	0.837566	-0.0424505	0.884983	0.445186	1.11938	0.0881216	0.15728	1.36607	0.42047	0.0932606	0.591311	0.400961	0.701924	0.215282	0.979309	0.0711067	1.17385	0.213034	1.25933	0.10588
0.258565	-0.526118	0.0373786	1.74631	1.33569	2.19131	0.326624	1.39289	0.561999	0.18929	0.837495	-0.040589	0.885761	0.465786	1.11953	0.0930853	0.158426	1.39628	0.420636	0.101259	0.592014	0.421714	0.702303	0.228322	0.979434	0.0754284	1.17423	0.224587	1.25951	0.112259
0.257695	-0.492011	0.0403914	1.78049	1.33195	2.19067	0.329015	1.40715	0.562331	0.200093	0.837427	-0.0382277	0.886574	0.485877	1.1197	0.0981224	0.15991	1.43255	0.420816	0.109643	0.592752	0.441987	0.702704	0.241466	0.979567	0.0797387	1.17462	0.235994	1.25971	0.118702
0.256885	-0.456914	0.0434601	1.81191	1.32821	2.19001	0.33143	1.42069	0.562682	0.21105	0.837364	-0.0354242	0.887421	0.505447	1.11987	0.103183	0.161755	1.47391	0.421011	0.118425	0.593524	0.46186	0.703128	0.254755	0.979706	0.0841502	1.17503	0.247355	1.25992	0.12515
0.256135	-0.420827	0.0465803	1.84082	1.32447	2.18936	0.333868	1.43355	0.563052	0.222132	0.837306	-0.0322312	0.8883	0.524529	1.12005	0.108228	0.163983	1.51913	0.421221	0.127632	0.594329	0.481301	0.703574	0.268148	0.979854	0.0885782	1.17546	0.258626	1.26014	0.13167
0.255447	-0.383812	0.0497477	1.86738	1.32073	2.18869	0.336327	1.44576	0.563441	0.233339	0.837254	-0.0286307	0.889212	0.543134	1.12024	0.113303	0.166621	1.56696	0.421447	0.137257	0.595168	0.50019	0.704044	0.281687	0.980009	0.0929773	1.17592	0.269778	1.26037	0.138212
0.254824	-0.345872	0.0529586	1.89183	1.317	2.18802	0.338806	1.45737	0.563849	0.244674	0.837208	-0.0246486	0.890155	0.561278	1.12043	0.118379	0.169336	1.61071	0.42169	0.147346	0.596038	0.518654	0.704537	0.295333	0.980172	0.0974424	1.17639	0.280878	1.26061	0.144796
0.254266	-0.306945	0.0562095	1.91438	1.31326	2.18731	0.341305	1.4684	0.564276	0.25614	0.83717	-0.0202748	0.891129	0.578995	1.12064	0.123515	0.172122	1.6506	0.42195	0.157866	0.596939	0.53664	0.705053	0.309067	0.980342	0.101978	1.17687	0.291874	1.26086	0.151464
0.253775	-0.267036	0.0594975	1.93515	1.30953	2.18657	0.343497	1.47755	0.564724	0.267743	0.837139	-0.0156125	0.892133	0.596293	1.12086	0.128651	0.174974	1.68692	0.422229	0.168818	0.597871	0.554105	0.705592	0.32298	0.98052	0.106529	1.17738	0.302724	1.26113	0.158177
0.253354	-0.226156	0.0628193	1.95433	1.30579	2.18588	0.345377	1.48505	0.565191	0.279498	0.837116	-0.010621	0.893166	0.613185	1.12108	0.133784	0.177884	1.72003	0.422527	0.180259	0.598832	0.571083	0.706156	0.337063	0.980706	0.111114	1.17791	0.313467	1.2614	0.164918
0.253003	-0.18432	0.0661728	1.97203	1.30206	2.18514	0.346938	1.49111	0.565678	0.291432	0.837103	-0.00528063	0.894228	0.629699	1.12131	0.138976	0.180849	1.75017	0.422844	0.192185	0.599821	0.587522	0.706744	0.351241	0.980899	0.115703	1.17845	0.32412	1.26169	0.171714
0.252724	-0.141441	0.0695551	1.98836	1.29833	2.1844	0.348177	1.49568	0.566186	0.303478	0.837098	0.000324282	0.895317	0.645827	1.12156	0.144159	0.183862	1.77753	0.423183	0.204586	0.600839	0.603437	0.707356	0.365606	0.981101	0.120361	1.17902	0.334656	1.26199	0.178558
0.25252	-0.0974674	0.0729643	2.0035	1.2946	2.18365	0.34909	1.49896	0.566715	0.315684	0.837104	0.00614872	0.896433	0.661618	1.12181	0.149386	0.18692	1.80238	0.423543	0.21744	0.601882	0.618865	0.707992	0.380099	0.981311	0.125098	1.1796	0.345081	1.2623	0.185499
0.252391	-0.0524167	0.0763983	2.01749	1.29087	2.18283	0.349675	1.501	0.567265	0.328088	0.837119	0.0122265	0.897577	0.677105	1.12207	0.154643	0.190018	1.82493	0.423926	0.230768	0.602952	0.63375	0.708654	0.394725	0.981528	0.129805	1.18019	0.355345	1.26262	0.192512
0.252341	-0.00614112	0.0798554	2.03044	1.28714	2.18207	0.350518	1.50392	0.567836	0.340638	0.837146	0.0185634	0.898746	0.692234	1.12233	0.159893	0.193153	1.84536	0.424278	0.242784	0.604047	0.648106	0.709341	0.409552	0.981754	0.134576	1.18081	0.365474	1.26296	0.199541
0.25237	0.0414079	0.0833336	2.04241	1.28342	2.18129	0.351437	1.50714	0.568428	0.353359	0.837183	0.025109	0.899941	0.707016	1.12261	0.165195	0.196321	1.86384	0.424593	0.253323	0.605166	0.661963	0.710053	0.424538	0.981988	0.139413	1.18144	0.37552	1.2633	0.206667
0.252482	0.0902661	0.0868315	2.05354	1.27969	2.18046	0.352689	1.51127	0.569043	0.366297	0.837231	0.0318244	0.901161	0.721537	1.1229	0.170537	0.19952	1.88054	0.424863	0.26229	0.606308	0.675254	0.710791	0.439652	0.98223	0.14426	1.18209	0.385397	1.26366	0.213862
0.252679	0.140566	0.0903478	2.06385	1.27597	2.17962	0.354277	1.51633	0.569679	0.379359	0.837292	0.0387556	0.902406	0.735786	1.12319	0.175897	0.202745	1.89558	0.425084	0.269421	0.607473	0.688031	0.711554	0.4549	0.982481	0.149186	1.18276	0.395123	1.26403	0.221134
0.252962	0.192389	0.0938809	2.07339	1.27225	2.17879	0.356204	1.52233	0.570338	0.392608	0.837364	0.0458707	0.903674	0.749736	1.1235	0.181294	0.205994	1.90904	0.425249	0.274849	0.608658	0.700277	0.712344	0.470355	0.98274	0.15415	1.18344	0.404733	1.26442	0.228498
0.253283	0.238878	0.0974298	2.08226	1.26853	2.17795	0.358475	1.52894	0.57102	0.406106	0.837448	0.0531062	0.904967	0.7634	1.12381	0.186702	0.209265	1.92112	0.425357	0.278286	0.609864	0.712018	0.713161	0.485974	0.983007	0.159125	1.18414	0.414172	1.26482	0.23592
0.253611	0.279558	0.100993	2.09047	1.26481	2.17707	0.361093	1.53616	0.571726	0.419733	0.837545	0.0605205	0.906282	0.776862	1.12414	0.192133	0.212556	1.9319	0.425515	0.283247	0.61109	0.723243	0.714004	0.501738	0.983283	0.164184	1.18486	0.423456	1.26522	0.243399
0.253922	0.314021	0.10457	2.0981	1.26109	2.17618	0.363722	1.54296	0.572454	0.433553	0.837655	0.0680448	0.90762	0.790043	1.12447	0.19761	0.215864	1.94144	0.425689	0.288836	0.612335	0.733931	0.714875	0.517667	0.983568	0.169289	1.18559	0.432615	1.26565	0.250991
0.254194	0.341695	0.10816	2.10518	1.25738	2.17527	0.366363	1.5493	0.573206	0.447576	0.837778	0.0757272	0.90898	0.802973	1.12481	0.203117	0.219187	1.94983	0.425932	0.296385	0.613597	0.744104	0.715773	0.533741	0.983861	0.174424	1.18633	0.441587	1.26608	0.258685
0.254409	0.362379	0.111297	2.11096	1.25366	2.17438	0.369014	1.55526	0.573983	0.461817	0.837914	0.0835401	0.910363	0.815711	1.12516	0.208684	0.222524	1.95718	0.426248	0.306199	0.614876	0.753803	0.716698	0.549979	0.984164	0.179616	1.1871	0.450368	1.26653	0.266458
0.254553	0.375867	0.113978	2.1156	1.24995	2.17346	0.371675	1.5608	0.574679	0.474365	0.838063	0.0914282	0.911767	0.828186	1.12552	0.214245	0.225872	1.96355	0.426644	0.318308	0.616172	0.76305	0.717651	0.566361	0.984475	0.184864	1.18787	0.459017	1.26699	0.274328
0.254769	0.395354	0.1162	2.11921	1.24624	2.17255	0.374345	1.56593	0.575288	0.485174	0.838226	0.0994668	0.913191	0.840448	1.1259	0.219859	0.229231	1.96893	0.427129	0.332819	0.617483	0.771762	0.718632	0.582908	0.984795	0.19016	1.18866	0.467526	1.26747	0.28227
0.255017	0.416793	0.117959	2.12194	1.24253	2.17158	0.377024	1.57066	0.575802	0.494198	0.838403	0.107559	0.914637	0.85253	1.12628	0.225516	0.232598	1.97344	0.427711	0.349968	0.618808	0.779964	0.719642	0.599597	0.985124	0.195489	1.18947	0.475815	1.26796	0.290291
0.255375	0.446542	0.119253	2.12395	1.23882	2.17059	0.37971	1.575	0.576215	0.501419	0.838593	0.115757	0.916103	0.864375	1.12667	0.231198	0.235971	1.97716	0.428324	0.367612	0.620147	0.787763	0.72068	0.616385	0.985463	0.200887	1.19029	0.483912	1.26846	0.298473
0.255863	0.484897	0.120083	2.12519	1.23511	2.1696	0.382403	1.57897	0.576522	0.506678	0.838798	0.124046	0.91759	0.875995	1.12707	0.236927	0.239351	1.98007	0.428967	0.385687	0.621324	0.794224	0.721747	0.633312	0.985811	0.206359	1.19112	0.491874	1.26898	0.306727
0.256508	0.532473	0.121276	2.12686	1.23141	2.1686	0.385103	1.58256	0.576721	0.510086	0.839017	0.13239	0.919096	0.887474	1.12747	0.242691	0.242735	1.9822	0.429641	0.404227	0.622335	0.799432	0.722844	0.650389	0.986168	0.211856	1.19197	0.499626	1.26951	0.315065
0.257343	0.59013	0.122574	2.12869	1.22771	2.16759	0.387809	1.58578	0.577008	0.515119	0.83925	0.140845	0.920621	0.898731	1.12789	0.248523	0.246121	1.98364	0.430348	0.423277	0.623176	0.803608	0.723969	0.667582	0.986534	0.217401	1.19283	0.507208	1.27005	0.323569
0.258408	0.658814	0.124341	2.13112	1.22401	2.16657	0.39052	1.58863	0.577324	0.520489	0.839498	0.149337	0.922165	0.909795	1.12832	0.25437	0.24951	1.98445	0.431087	0.442799	0.623844	0.806762	0.725124	0.684884	0.98691	0.222984	1.1937	0.514573	1.27061	0.33216
0.259593	0.730203	0.126578	2.13395	1.22031	2.16551	0.393235	1.59117	0.577759	0.52782	0.83976	0.157902	0.923728	0.920656	1.12876	0.260244	0.2529	1.98458	0.43186	0.462805	0.624337	0.809012	0.726308	0.70228	0.987296	0.22864	1.19459	0.52175	1.27119	0.34086
0.260902	0.80437	0.129287	2.13731	1.21661	2.16444	0.395955	1.59331	0.578317	0.537251	0.840037	0.166552	0.92531	0.93136	1.12921	0.266173	0.256289	1.98406	0.432668	0.483269	0.624653	0.81035	0.727523	0.719739	0.987691	0.234381	1.19548	0.528738	1.27178	0.349657
0.262341	0.881379	0.132471	2.14098	1.21291	2.16336	0.398677	1.59512	0.579006	0.548737	0.840329	0.175248	0.92691	0.941872	1.12967	0.272152	0.259676	1.98299	0.433511	0.504179	0.625108	0.812333	0.728767	0.737263	0.988096	0.240168	1.19639	0.535533	1.27238	0.358585
0.263913	0.961078	0.136131	2.14488	1.20922	2.16225	0.401403	1.59661	0.579833	0.562345	0.840636	0.183973	0.928527	0.952189	1.13014	0.278167	0.263062	1.98134	0.43439	0.525529	0.625604	0.814549	0.729875	0.752647	0.988512	0.245986	1.19731	0.542129	1.273	0.36765
0.265623	1.04321	0.139797	2.1485	1.20553	2.16114	0.404131	1.59776	0.580807	0.578115	0.840958	0.192758	0.930162	0.962362	1.13062	0.284255	0.266444	1.97913	0.435306	0.547315	0.626281	0.81728	0.730838	0.765769	0.988937	0.251865	1.19824	0.548512	1.27364	0.376805
0.267476	1.12745	0.143469	2.15179	1.20184	2.15999	0.40686	1.59858	0.581808	0.594078	0.841294	0.201599	0.931814	0.97237	1.13111	0.290363	0.269822	1.97641	0.436259	0.569566	0.62714	0.82068	0.731647	0.776677	0.989372	0.257803	1.19919	0.554715	1.27429	0.386077
0.269474	1.21327	0.147147	2.15483	1.19815	2.15885	0.409591	1.59905	0.582836	0.610292	0.841646	0.210491	0.933483	0.982172	1.13161	0.296514	0.273195	1.97316	0.437251	0.592237	0.628184	0.824622	0.732295	0.785302	0.989817	0.263799	1.20014	0.560684	1.27495	0.395522
0.27162	1.30007	0.150829	2.15762	1.19446	2.15769	0.412322	1.59929	0.583892	0.626694	0.842013	0.219424	0.935169	0.991809	1.13213	0.30275	0.276561	1.96943	0.438282	0.615302	0.629415	0.82895	0.732776	0.791473	0.990273	0.269848	1.2011	0.566433	1.27564	0.405064
0.273915	1.38698	0.154517	2.16019	1.19078	2.15648	0.415053	1.59919	0.584977	0.643283	0.842396	0.228375	0.936871	1.0013	1.13265	0.309032	0.279922	1.96525	0.439353	0.638813	0.630834	0.83361	0.733086	0.795522	0.990739	0.275942	1.20207	0.571987	1.27634	0.414739
0.276358	1.47321	0.158208	2.1625	1.1871	2.1553	0.417784	1.59877	0.586089	0.660057	0.842793	0.237364	0.938589	1.01058	1.13318	0.315342	0.283274	1.96062	0.440464	0.662701	0.632262	0.837952	0.733534	0.801513	0.991215	0.282126	1.20306	0.57734	1.27706	0.424558
0.278947	1.55796	0.161903	2.16458	1.18342	2.15406	0.420514	1.59807	0.587231	0.677018	0.843152	0.245284	0.940323	1.01971	1.13373	0.321712	0.286618	1.95555	0.441617	0.686963	0.633696	0.841949	0.734025	0.80788	0.991703	0.288365	1.20405	0.582473	1.27779	0.434476
0.281679	1.64029	0.165601	2.16649	1.17974	2.15282	0.423243	1.59709	0.588402	0.694195	0.843468	0.252029	0.942072	1.0287	1.13428	0.328138	0.289954	1.95004	0.442811	0.711629	0.635138	0.84568	0.734699	0.816479	0.9922	0.294654	1.20505	0.587416	1.27854	0.444532
0.284549	1.7194	0.169303	2.16818	1.17607	2.15157	0.425969	1.5959	0.589602	0.711543	0.843735	0.257529	0.943836	1.0375	1.13485	0.334614	0.293279	1.94416	0.444047	0.736621	0.636585	0.849125	0.735561	0.827351	0.992709	0.30098	1.20605	0.592103	1.27931	0.454741
0.287552	1.79464	0.173007	2.16965	1.17239	2.15025	0.428694	1.5944	0.590832	0.729069	0.843951	0.262061	0.945616	1.04614	1.13542	0.34119	0.296594	1.93788	0.445327	0.76193	0.638038	0.852271	0.736619	0.840563	0.993228	0.30738	1.20707	0.596586	1.28009	0.465067
0.290679	1.8655	0.176714	2.17097	1.16872	2.14897	0.431415	1.59263	0.592092	0.746745	0.844112	0.265343	0.94741	1.05463	1.13601	0.34778	0.299898	1.93121	0.44665	0.787615	0.639496	0.855236	0.737881	0.856077	0.993759	0.313865	1.20809	0.600909	1.2809	0.475508
0.293924	1.9316	0.180422	2.17216	1.16505	2.14766	0.434134	1.59066	0.593383	0.764621	0.844216	0.267314	0.949218	1.06295	1.13661	0.354398	0.30319	1.92425	0.448017	0.813611	0.640959	0.857957	0.739359	0.873799	0.9943	0.320399	1.20912	0.604976	1.28172	0.486112
0.297277	1.99282	0.184133	2.17316	1.16138	2.14632	0.436848	1.58844	0.594704	0.782658	0.844366	0.270315	0.95104	1.07109	1.13722	0.361135	0.306471	1.91697	0.449429	0.839856	0.642427	0.860432	0.740866	0.891512	0.994853	0.326966	1.21016	0.608838	1.28256	0.496798
0.300731	2.04905	0.187845	2.17399	1.15772	2.14495	0.439559	1.586	0.596056	0.800807	0.844532	0.27368	0.95264	1.0781	1.13784	0.367925	0.309738	1.90933	0.450886	0.866349	0.643898	0.862783	0.742404	0.909158	0.995417	0.3336	1.2112	0.612476	1.28341	0.507646
0.304276	2.10038	0.191559	2.17466	1.15406	2.14356	0.442266	1.58338	0.597439	0.819105	0.844761	0.278142	0.954011	1.08393	1.13848	0.374756	0.312992	1.90143	0.452388	0.893121	0.645374	0.86498	0.743971	0.92674	0.995993	0.340308	1.21225	0.615916	1.28429	0.518634
0.307905	2.14706	0.195273	2.17518	1.1504	2.14216	0.444968	1.58053	0.598854	0.83757	0.845056	0.283766	0.955151	1.08869	1.13912	0.381672	0.316233	1.89327	0.453936	0.920156	0.646853	0.867008	0.745569	0.944259	0.99658	0.347099	1.2133	0.619204	1.28518	0.529715
0.311609	2.18925	0.198988	2.17559	1.14674	2.14071	0.447664	1.57752	0.6003	0.85615	0.84542	0.290587	0.956055	1.0925	1.13978	0.388633	0.319459	1.88486	0.455531	0.947323	0.648335	0.868919	0.747197	0.961685	0.997101	0.353021	1.21436	0.622251	1.2861	0.540922
0.315382	2.22731	0.202704	2.17586	1.14309	2.1393	0.450356	1.57435	0.601778	0.874848	0.845859	0.298667	0.956723	1.09511	1.14045	0.395683	0.322671	1.87626	0.457172	0.974679	0.64982	0.870741	0.748854	0.978971	0.997552	0.35816	1.21543	0.625066	1.28703	0.552254
0.319217	2.26153	0.20642	2.17597	1.13943	2.13783	0.453042	1.57103	0.603288	0.893638	0.846377	0.307941	0.95715	1.09678	1.14113	0.402789	0.325868	1.8675	0.45886	1.00219	0.651309	0.872457	0.750541	0.996156	0.99793	0.362374	1.2165	0.627725	1.28799	0.563714
0.323107	2.2922	0.210136	2.17599	1.13578	2.13633	0.455722	1.56758	0.604831	0.912472	0.84691	0.317221	0.957767	1.09936	1.14183	0.409944	0.32905	1.85854	0.460595	1.02978	0.6528	0.87415	0.752256	1.0132	0.998232	0.365766	1.21757	0.630194	1.28896	0.575245
0.327046	2.31967	0.213853	2.17587	1.13214	2.13482	0.458396	1.56399	0.606405	0.931453	0.84746	0.326565	0.958438	1.10206	1.14253	0.417197	0.332216	1.84942	0.462377	1.05751	0.654295	0.875802	0.754001	1.03008	0.998456	0.368302	1.21865	0.632471	1.28995	0.586917
0.33103	2.34427	0.217568	2.17563	1.12849	2.13327	0.461064	1.56031	0.608012	0.950476	0.848026	0.335973	0.959354	1.10558	1.14325	0.424522	0.335366	1.84021	0.464207	1.08527	0.655792	0.877401	0.755775	1.04678	0.9986	0.369838	1.21973	0.63455	1.29096	0.598686
0.335054	2.36625	0.221284	2.17529	1.12485	2.13171	0.463725	1.55655	0.609652	0.969552	0.848608	0.34535	0.960516	1.11007	1.14398	0.43193	0.338501	1.83097	0.466084	1.11301	0.657292	0.879006	0.757577	1.06333	0.998808	0.372123	1.22082	0.636478	1.292	0.610524
0.339112	2.38588	0.224998	2.17485	1.12121	2.13016	0.466381	1.55272	0.611324	0.988684	0.849206	0.354775	0.961928	1.11539	1.14473	0.439381	0.34162	1.82164	0.468009	1.14078	0.658794	0.880644	0.759407	1.07969	0.999036	0.374688	1.22191	0.63823	1.29305	0.6225
0.343203	2.40337	0.228712	2.17428	1.11758	2.12853	0.469029	1.54883	0.613029	1.00778	0.84982	0.364253	0.963592	1.12152	1.14539	0.445959	0.344723	1.81227	0.469981	1.1685	0.6603	0.882298	0.761265	1.09582	0.999348	0.3781	1.223	0.639814	1.29412	0.634568
0.347322	2.41892	0.232425	2.17357	1.11394	2.12688	0.471671	1.5449	0.614766	1.0269	0.85045	0.373728	0.965513	1.12844	1.14596	0.451595	0.347811	1.80298	0.472	1.1961	0.661808	0.883992	0.76315	1.11171	0.999747	0.382459	1.22409	0.64125	1.29522	0.646694
0.351465	2.4328	0.236136	2.17281	1.11031	2.12526	0.474306	1.54098	0.616536	1.04605	0.851096	0.383262	0.967446	1.13518	1.14643	0.456273	0.350882	1.79372	0.474066	1.22361	0.663319	0.885768	0.765062	1.12743	1.00024	0.387803	1.22519	0.642513	1.29633	0.658877
0.355631	2.44515	0.239847	2.17193	1.10668	2.12357	0.476934	1.53711	0.618339	1.06516	0.851759	0.392827	0.969391	1.14176	1.14681	0.460014	0.353937	1.78451	0.476179	1.25096	0.664833	0.887584	0.767001	1.1429	1.00082	0.394066	1.22629	0.643676	1.29747	0.671109
0.359817	2.45606	0.243555	2.17094	1.10306	2.12185	0.479556	1.53322	0.620174	1.08421	0.852438	0.402406	0.971346	1.14815	1.14709	0.462737	0.356977	1.77545	0.478339	1.27812	0.666351	0.889544	0.768965	1.15807	1.0015	0.401303	1.22739	0.644703	1.29862	0.683442
0.36402	2.46573	0.247262	2.16988	1.09943	2.12014	0.482171	1.52942	0.622042	1.10321	0.853133	0.412025	0.973313	1.15441	1.14727	0.464532	0.360002	1.76652	0.480545	1.30505	0.667872	0.891577	0.770956	1.17305	1.00219	0.408635	1.22835	0.645434	1.2998	0.695851
0.368239	2.47428	0.250967	2.16874	1.09582	2.1184	0.48478	1.52566	0.623943	1.12212	0.853845	0.421693	0.975289	1.16051	1.14754	0.467179	0.363011	1.75776	0.482797	1.33172	0.669396	0.893707	0.772972	1.18775	1.00289	0.416015	1.22917	0.646043	1.301	0.708289
0.372471	2.48171	0.254669	2.16745	1.0922	2.11659	0.487382	1.52202	0.625875	1.14095	0.854574	0.431386	0.977276	1.16641	1.14782	0.469921	0.366005	1.74919	0.485094	1.35809	0.670924	0.89601	0.775013	1.20216	1.00361	0.423481	1.22984	0.64651	1.30222	0.720722
0.376716	2.48821	0.25837	2.1661	1.08859	2.11476	0.489979	1.51853	0.62784	1.15968	0.855319	0.441123	0.979273	1.17214	1.14821	0.473684	0.368985	1.74086	0.487435	1.38409	0.672457	0.8984	0.777078	1.21629	1.00434	0.43099	1.23038	0.646772	1.30346	0.733209
0.38097	2.49387	0.262068	2.16468	1.08498	2.11297	0.492569	1.51514	0.629836	1.17827	0.85608	0.450882	0.98128	1.17777	1.14871	0.478584	0.371952	1.73279	0.489821	1.40978	0.673993	0.900957	0.779167	1.23014	1.00508	0.438583	1.23078	0.647027	1.30472	0.74574
0.385234	2.49868	0.265764	2.16313	1.08137	2.11112	0.495154	1.51196	0.631864	1.19673	0.856859	0.460682	0.983296	1.18318	1.14932	0.484431	0.374904	1.72504	0.492251	1.43503	0.675534	0.903721	0.78128	1.24372	1.00584	0.446248	1.23103	0.647179	1.30584	0.756602
0.389505	2.50273	0.269457	2.16149	1.07777	2.10921	0.497733	1.50898	0.633924	1.21502	0.857654	0.470503	0.985321	1.18842	1.15005	0.491402	0.377844	1.71761	0.494723	1.45986	0.67708	0.906619	0.783416	1.257	1.00661	0.453949	1.23139	0.647303	1.30681	0.765941
0.393782	2.50612	0.273146	2.15981	1.07416	2.1073	0.500308	1.50619	0.636014	1.23312	0.858466	0.480397	0.987355	1.19352	1.1509	0.499529	0.380771	1.71046	0.497237	1.48424	0.678631	0.909678	0.785574	1.26996	1.00739	0.46173	1.23179	0.647466	1.30762	0.773657
0.398065	2.5088	0.276834	2.15803	1.07057	2.10535	0.502878	1.50365	0.638136	1.25105	0.859295	0.490327	0.989398	1.19845	1.15176	0.507708	0.383686	1.70373	0.499792	1.50814	0.680187	0.91291	0.787753	1.28263	1.00818	0.469583	1.23232	0.647752	1.30826	0.779673
0.402352	2.51085	0.280518	2.15616	1.06697	2.10337	0.505444	1.50138	0.640287	1.26877	0.860141	0.500244	0.991449	1.20321	1.15263	0.515976	0.38659	1.69739	0.502388	1.53151	0.681749	0.916351	0.789955	1.29503	1.00899	0.477532	1.233	0.648008	1.30874	0.784243
0.406641	2.51234	0.284198	2.15423	1.06338	2.10139	0.508006	1.49945	0.642469	1.28624	0.861003	0.510247	0.993508	1.20775	1.15352	0.52432	0.389484	1.6914	0.505024	1.55433	0.683317	0.919991	0.792177	1.30708	1.00981	0.485531	1.23383	0.648248	1.30904	0.787117
0.410933	2.51324	0.287876	2.15221	1.0598	2.09935	0.510566	1.4978	0.644681	1.30348	0.861883	0.520325	0.995574	1.21216	1.15442	0.532732	0.392367	1.68584	0.507697	1.57661	0.684891	0.923823	0.794419	1.3188	1.01065	0.493616	1.23479	0.648542	1.30949	0.791136
0.415226	2.51357	0.29155	2.15009	1.05621	2.09732	0.513122	1.49651	0.646922	1.32049	0.862781	0.530409	0.997648	1.2164	1.15534	0.541271	0.395242	1.68071	0.510409	1.5983	0.686472	0.927905	0.796681	1.33026	1.0115	0.501743	1.2359	0.648772	1.30997	0.795595
0.419518	2.51336	0.29522	2.14791	1.05263	2.09523	0.515677	1.49562	0.649191	1.3372	0.863695	0.540496	0.999729	1.22048	1.15627	0.549904	0.398108	1.67607	0.513157	1.61939	0.688061	0.932144	0.798963	1.34141	1.01236	0.509924	1.23701	0.648981	1.31063	0.80168
0.42381	2.51267	0.298886	2.14565	1.04906	2.09308	0.518231	1.49508	0.651489	1.35363	0.864627	0.550677	1.00182	1.2244	1.15722	0.558616	0.400967	1.67186	0.51594	1.63987	0.689656	0.936585	0.801263	1.35222	1.01324	0.518223	1.23812	0.649116	1.31148	0.809345
0.428101	2.51143	0.302548	2.14331	1.04548	2.09097	0.520784	1.49503	0.653815	1.3698	0.865576	0.560905	1.00391	1.22813	1.15818	0.567429	0.403819	1.66809	0.518758	1.65971	0.69126	0.941281	0.803582	1.36272	1.01413	0.526613	1.23922	0.649183	1.31251	0.818568
0.432388	2.50966	0.306207	2.14094	1.04191	2.08878	0.523337	1.49544	0.656168	1.38565	0.866543	0.571188	1.00601	1.23166	1.15915	0.576354	0.406664	1.6648	0.521609	1.67894	0.692871	0.946198	0.805918	1.37293	1.01504	0.535017	1.24033	0.649217	1.31374	0.829419
0.436673	2.50735	0.309861	2.13842	1.03835	2.08656	0.525892	1.49629	0.658548	1.40116	0.867527	0.581498	1.00812	1.23504	1.16015	0.585366	0.409505	1.66199	0.524493	1.69753	0.694492	0.951349	0.808271	1.38283	1.01596	0.543521	1.24144	0.649265	1.31516	0.841786
0.440953	2.50456	0.313511	2.13589	1.03479	2.08436	0.528448	1.49771	0.660954	1.41635	0.868529	0.591853	1.01023	1.23828	1.16115	0.594453	0.412341	1.65965	0.527407	1.7154	0.696121	0.956711	0.810641	1.39242	1.0169	0.552107	1.24255	0.64932	1.31661	0.854128
0.445227	2.50124	0.317157	2.13329	1.03123	2.08206	0.531007	1.49965	0.663385	1.43121	0.869549	0.602292	1.01235	1.24132	1.16218	0.60367	0.415174	1.65777	0.530352	1.73266	0.697759	0.9623	0.813027	1.40171	1.01785	0.560732	1.24366	0.649316	1.31808	0.866397
0.449496	2.49736	0.320798	2.13057	1.02768	2.07975	0.53357	1.50217	0.665842	1.44573	0.870586	0.612742	1.01447	1.24414	1.16322	0.612952	0.418004	1.65637	0.533325	1.74928	0.699408	0.968098	0.815429	1.41065	1.01881	0.569471	1.24477	0.649283	1.31957	0.878566
0.453758	2.49297	0.324434	2.12782	1.02413	2.07742	0.536138	1.50532	0.668323	1.45992	0.871641	0.623291	1.0166	1.24685	1.16427	0.622359	0.420831	1.65545	0.536327	1.7652	0.701066	0.974153	0.817845	1.41933	1.01979	0.578297	1.24588	0.649298	1.32108	0.890686
0.458011	2.48796	0.328065	2.12502	1.02058	2.07506	0.538712	1.50913	0.670829	1.47374	0.872715	0.633888	1.01873	1.24938	1.16534	0.631891	0.423658	1.65496	0.539355	1.78046	0.702735	0.980462	0.820277	1.42773	1.02079	0.587167	1.24699	0.649367	1.32261	0.90272
0.462256	2.48236	0.331692	2.12213	1.01704	2.07268	0.541293	1.5136	0.673357	1.48714	0.873807	0.64448	1.02086	1.25173	1.16643	0.641485	0.426484	1.65493	0.542408	1.79506	0.704415	0.98699	0.822722	1.43577	1.0218	0.596121	1.24809	0.649402	1.32417	0.914648
0.46649	2.47618	0.335314	2.11917	1.0135	2.07022	0.543882	1.51874	0.675908	1.50019	0.874916	0.655192	1.023	1.25389	1.16753	0.651173	0.429311	1.65538	0.545486	1.80898	0.706106	0.993751	0.825181	1.44353	1.02282	0.605179	1.2492	0.64945	1.32574	0.926493
0.470713	2.46938	0.338931	2.11618	1.00997	2.06777	0.54648	1.52465	0.678481	1.5129	0.876044	0.665964	1.02515	1.25587	1.16865	0.660999	0.432138	1.65622	0.548587	1.82226	0.707809	1.00075	0.827653	1.45103	1.02386	0.614288	1.25031	0.649598	1.32733	0.938234
0.474925	2.4619	0.342542	2.11313	1.00644	2.06528	0.54909	1.53136	0.681076	1.52523	0.877191	0.676767	1.02729	1.25773	1.16979	0.670927	0.434968	1.65751	0.55171	1.83487	0.709524	1.008	0.830137	1.45825	1.02492	0.623454	1.25142	0.649765	1.32894	0.949861
0.479122	2.4537	0.346148	2.11	1.00291	2.06273	0.551711	1.53889	0.683691	1.53716	0.878356	0.687646	1.02944	1.2594	1.17094	0.680904	0.4378	1.65924	0.554854	1.84684	0.711252	1.01546	0.832633	1.46514	1.02599	0.632742	1.25253	0.649941	1.33057	0.961401
0.483306	2.44483	0.349749	2.10682	0.999391	2.06015	0.554346	1.54726	0.686326	1.54872	0.87954	0.698595	1.0316	1.26086	1.17212	0.691031	0.440635	1.66134	0.558018	1.85818	0.712993	1.02318	0.835141	1.47174	1.02708	0.642121	1.25364	0.650215	1.33223	0.972772
0.487473	2.4352	0.353344	2.10362	0.995875	2.05754	0.556996	1.55653	0.688981	1.55989	0.880742	0.709579	1.03375	1.26217	1.17331	0.701294	0.443474	1.66382	0.561201	1.86886	0.714747	1.03116	0.83766	1.47807	1.02819	0.651515	1.25475	0.650537	1.3339	0.983998
0.491623	2.42478	0.356934	2.10032	0.992364	2.05491	0.559662	1.56673	0.691654	1.57064	0.881963	0.720642	1.03591	1.26332	1.17451	0.711594	0.446318	1.66669	0.564402	1.87894	0.716515	1.03936	0.84019	1.48415	1.02931	0.661041	1.25586	0.650884	1.33559	0.995152
0.495755	2.41356	0.360518	2.097	0.988856	2.05226	0.562347	1.57793	0.694346	1.58103	0.883204	0.731806	1.03807	1.26427	1.17574	0.722006	0.449167	1.66996	0.567619	1.88837	0.718297	1.04779	0.84273	1.48994	1.03044	0.670663	1.25698	0.651336	1.3373	1.00614
0.499867	2.40149	0.364097	2.09364	0.985354	2.04955	0.565052	1.59009	0.697054	1.59102	0.884463	0.74299	1.04023	1.26512	1.17698	0.732535	0.452022	1.67354	0.570852	1.8972	0.720094	1.05646	0.845279	1.49544	1.0316	0.680333	1.25809	0.651841	1.33902	1.017
0.503958	2.38852	0.367669	2.09022	0.981856	2.04679	0.567778	1.60326	0.69978	1.60063	0.885741	0.754246	1.04239	1.26576	1.17824	0.743154	0.454883	1.67747	0.574099	1.90543	0.721906	1.06541	0.847838	1.50069	1.03277	0.690089	1.2592	0.652434	1.34077	1.02771
0.508026	2.37467	0.371236	2.08678	0.978363	2.04401	0.570528	1.61755	0.702522	1.60986	0.887039	0.7656	1.04455	1.2662	1.17952	0.75388	0.457752	1.68172	0.57736	1.91304	0.723733	1.07459	0.850405	1.50567	1.03396	0.699919	1.26032	0.653133	1.34253	1.03827
0.512069	2.35988	0.374797	2.0833	0.974874	2.04122	0.573303	1.63293	0.705279	1.61871	0.888357	0.777034	1.04671	1.26655	1.18081	0.76469	0.460628	1.68626	0.580633	1.92009	0.725576	1.08401	0.85298	1.51039	1.03516	0.709848	1.26143	0.653853	1.34432	1.04869
0.516086	2.34416	0.378352	2.07976	0.971391	2.03837	0.576106	1.64941	0.708051	1.62716	0.889693	0.788508	1.04887	1.26672	1.18213	0.775605	0.463511	1.69107	0.583918	1.92656	0.727436	1.09367	0.855564	1.51486	1.03638	0.719858	1.26255	0.654678	1.34612	1.05894
0.520076	2.32745	0.381901	2.0762	0.967912	2.03545	0.578937	1.66702	0.710836	1.63523	0.89105	0.800063	1.05104	1.26671	1.18346	0.786633	0.466404	1.6962	0.587214	1.93248	0.729312	1.10358	0.858155	1.51907	1.03762	0.729969	1.26367	0.655616	1.34793	1.06905
0.524036	2.30975	0.385444	2.07262	0.964438	2.03252	0.5818	1.68577	0.713636	1.64297	0.892426	0.811691	1.0532	1.26652	1.18481	0.797718	0.469305	1.70161	0.590519	1.93783	0.731205	1.11373	0.860752	1.52303	1.03887	0.740132	1.26479	0.656612	1.34977	1.079
0.527965	2.29111	0.38898	2.06901	0.96097	2.02957	0.584695	1.70563	0.716448	1.65031	0.893822	0.823354	1.05536	1.26621	1.18619	0.808894	0.472216	1.70723	0.593833	1.94261	0.733116	1.1241	0.863357	1.52675	1.04015	0.750382	1.26591	0.657698	1.35162	1.0888
0.531861	2.27152	0.392511	2.0654	0.957506	2.02658	0.587626	1.72664	0.719273	1.65726	0.895238	0.835159	1.05753	1.26578	1.18758	0.820207	0.475136	1.71307	0.597154	1.94686	0.735044	1.13473	0.865967	1.53021	1.04144	0.760737	1.26704	0.65889	1.35349	1.09843
0.535724	2.25102	0.396035	2.06175	0.954047	2.02352	0.590593	1.74876	0.722109	1.66386	0.896675	0.847035	1.05969	1.26519	1.18899	0.831528	0.478067	1.71911	0.600483	1.95059	0.736992	1.14562	0.868583	1.53343	1.04274	0.771146	1.26816	0.660168	1.35537	1.10789
0.53955	2.22962	0.399553	2.05809	0.950594	2.02043	0.593599	1.77191	0.724956	1.67011	0.898132	0.858915	1.06185	1.26443	1.19042	0.842976	0.481008	1.72539	0.603817	1.95382	0.738957	1.15675	0.871205	1.53644	1.04407	0.781643	1.26929	0.661518	1.35727	1.11721
0.543339	2.20741	0.403065	2.05444	0.947146	2.01734	0.596645	1.79606	0.727813	1.67598	0.899609	0.870922	1.06401	1.26353	1.19187	0.854519	0.48396	1.73186	0.607156	1.95648	0.740943	1.16811	0.873831	1.53921	1.04541	0.792215	1.27042	0.662998	1.35919	1.12635
0.54709	2.18445	0.40657	2.05072	0.943704	2.01419	0.599733	1.8211	0.730681	1.68152	0.901106	0.883053	1.06616	1.26252	1.19334	0.866078	0.486924	1.73848	0.610499	1.95868	0.742947	1.17973	0.876462	1.54177	1.04678	0.802886	1.27156	0.664574	1.36112	1.13532
0.550801	2.16087	0.410069	2.04704	0.940267	2.01099	0.602865	1.84699	0.733557	1.68673	0.902625	0.895185	1.06832	1.26136	1.19483	0.877738	0.489898	1.74522	0.613846	1.9604	0.744972	1.19158	0.879098	1.54407	1.04816	0.813669	1.27269	0.666228	1.36306	1.14413
0.554471	2.13673	0.413562	2.04337	0.936835	2.00774	0.606042	1.87362	0.736442	1.6916	0.904164	0.907411	1.07047	1.2601	1.19633	0.889449	0.492885	1.75215	0.617195	1.9616	0.747017	1.20363	0.881736	1.54615	1.04956	0.824477	1.27383	0.667984	1.36503	1.15278
0.558099	2.11216	0.417049	2.03968	0.933409	2.00447	0.609265	1.9008	0.739335	1.6961	0.905724	0.919744	1.07262	1.2587	1.19786	0.901247	0.495883	1.75924	0.620546	1.96232	0.749083	1.21597	0.884379	1.54802	1.05097	0.835359	1.27497	0.669852	1.367	1.16125
0.561685	2.08731	0.420529	2.03598	0.929988	2.00121	0.612535	1.92847	0.742235	1.70031	0.907305	0.932101	1.07477	1.25716	1.19941	0.913088	0.498894	1.7664	0.623898	1.96259	0.751171	1.22854	0.887024	1.5497	1.05241	0.846371	1.27612	0.671808	1.36899	1.1696
0.565229	2.06234	0.424003	2.03233	0.926573	1.99783	0.615852	1.95648	0.745142	1.7042	0.908908	0.944563	1.07692	1.25556	1.20098	0.924951	0.501917	1.77367	0.62725	1.96242	0.75328	1.24133	0.889672	1.55116	1.05386	0.857417	1.27727	0.673807	1.371	1.17777
0.568729	2.03739	0.427471	2.02871	0.923164	1.99443	0.619217	1.98457	0.748056	1.70776	0.910532	0.957107	1.07906	1.25383	1.20257	0.936918	0.504952	1.78104	0.630601	1.9618	0.755411	1.25435	0.892322	1.55242	1.05534	0.868573	1.27842	0.675952	1.37301	1.18576
0.572188	2.0126	0.430932	2.02508	0.919761	1.99103	0.62263	2.01269	0.750976	1.71103	0.912177	0.969724	1.0812	1.252	1.20418	0.948906	0.508	1.78851	0.633951	1.96072	0.757564	1.26761	0.894974	1.55348	1.05683	0.879784	1.27958	0.678231	1.37505	1.19359
0.575604	1.98813	0.434388	2.02146	0.916364	1.98757	0.626092	2.04068	0.7539	1.71399	0.913844	0.98244	1.08334	1.2501	1.20581	0.960904	0.511061	1.79599	0.637298	1.95922	0.75974	1.28107	0.897628	1.55435	1.05834	0.891054	1.28074	0.680547	1.37709	1.20125
0.578978	1.96413	0.437837	2.01789	0.912972	1.98406	0.629601	2.0683	0.75683	1.71665	0.915533	0.995173	1.08547	1.24807	1.20746	0.972939	0.514134	1.80356	0.640643	1.95733	0.76194	1.29477	0.900284	1.55503	1.05987	0.902414	1.2819	0.682943	1.37915	1.20873
0.582312	1.94078	0.44128	2.01434	0.909587	1.98051	0.633156	2.09547	0.759764	1.71906	0.917243	1.00798	1.0876	1.246	1.20914	0.984991	0.517221	1.81122	0.643984	1.95499	0.764163	1.30868	0.90294	1.5555	1.06142	0.91382	1.28307	0.685472	1.38122	1.21609
0.585607	1.91811	0.444717	2.01081	0.906208	1.97693	0.636758	2.12206	0.762702	1.72116	0.918976	1.02091	1.08973	1.24385	1.21083	0.997084	0.520321	1.81885	0.64732	1.95224	0.76641	1.32278	0.905597	1.55586	1.063	0.925311	1.28424	0.688098	1.3833	1.2233
0.588864	1.89625	0.448148	2.00733	0.902834	1.97331	0.640405	2.14789	0.765643	1.72299	0.92073	1.03388	1.09185	1.2416	1.21254	1.00917	0.523434	1.82651	0.650652	1.94916	0.768681	1.33714	0.908254	1.556	1.06459	0.936875	1.28542	0.690804	1.3854	1.23028
0.592084	1.87539	0.451574	2.00393	0.899467	1.96965	0.644095	2.17291	0.768587	1.72458	0.922507	1.04692	1.09397	1.23936	1.21428	1.02124	0.52656	1.83421	0.653978	1.94568	0.770977	1.35165	0.910911	1.55595	1.0662	0.948476	1.2866	0.693612	1.38751	1.23714
0.59527	1.85555	0.454993	2.00052	0.896107	1.96598	0.647827	2.19702	0.771533	1.72594	0.924306	1.06	1.09608	1.23703	1.21603	1.03332	0.529699	1.84189	0.657298	1.94183	0.773298	1.36633	0.913569	1.55577	1.06783	0.960126	1.28779	0.696501	1.38962	1.24385
0.598422	1.83672	0.458407	1.99718	0.892752	1.96222	0.651599	2.22016	0.774482	1.72702	0.926128	1.07314	1.09819	1.23463	1.21781	1.04539	0.532851	1.84957	0.660611	1.93764	0.775644	1.38123	0.916225	1.55541	1.06947	0.971893	1.28898	0.699462	1.39175	1.2504
0.601543	1.81904	0.461815	1.9939	0.889404	1.95843	0.65541	2.24222	0.777432	1.72787	0.927972	1.08636	1.1003	1.23222	1.2196	1.05746	0.536016	1.85728	0.663916	1.93311	0.778016	1.39626	0.918881	1.55491	1.07114	0.983689	1.29018	0.702521	1.3939	1.2568
0.604635	1.80249	0.465217	1.99065	0.886063	1.95463	0.659257	2.26319	0.780384	1.72851	0.929838	1.09963	1.1024	1.22978	1.22142	1.0695	0.539195	1.86491	0.667213	1.92827	0.780413	1.41148	0.921536	1.55429	1.07283	0.995498	1.29138	0.705691	1.39605	1.26303
0.6077	1.78707	0.468614	1.98744	0.882728	1.9508	0.66314	2.28308	0.783336	1.72892	0.931728	1.11297	1.1045	1.22735	1.22325	1.08146	0.542386	1.87254	0.670502	1.9231	0.782837	1.42686	0.92419	1.55349	1.07454	1.00738	1.29259	0.708948	1.39821	1.26908
0.610739	1.77279	0.472005	1.98432	0.8794	1.94691	0.667056	2.30188	0.786289	1.72913	0.93364	1.12633	1.10659	1.22487	1.22511	1.09339	0.545591	1.88012	0.673782	1.91763	0.785287	1.44238	0.926843	1.55256	1.07628	1.01929	1.2938	0.712278	1.40038	1.27205
0.613755	1.75962	0.475392	1.98128	0.876078	1.94297	0.671002	2.31957	0.789242	1.72914	0.935575	1.13973	1.10868	1.22239	1.22699	1.10532	0.548808	1.88766	0.677052	1.9119	0.787763	1.458	0.929493	1.55154	1.07803	1.03125	1.29502	0.715676		
0.61675	1.74756	0.478773	1.9783	0.872763	1.93899	0.674978	2.33615	0.792195	1.72902	0.937533	1.15321	1.11077	1.21997	1.22889	1.11714	0.552038	1.89515	0.680312	1.9059	0.790267	1.47373	0.932142	1.55038	1.0798	1.04323	1.29625	0.719171		
0.619724	1.7366	0.482149	1.97536	0.869455	1.935	0.678982	2.35169	0.795148	1.72868	0.939514	1.16666	1.11285	1.2175	1.2308	1.1289	0.555281	1.90257	0.683562	1.89962	0.792797	1.48959	0.934789	1.54906	1.08159	1.05526	1.29748	0.722775		
0.622681	1.72664	0.48552	1.9725	0.866154	1.93097	0.683011	2.36617	0.7981	1.72817	0.941518	1.18017	1.11493	1.21505	1.23274	1.14062	0.558537	1.90997	0.686801	1.89317	0.795355	1.5055	0.937433	1.54768	1.0834	1.06731	1.29872	0.726465		
0.625622	1.71763	0.488886	1.96973	0.86286	1.92688	0.687064	2.37967	0.801051	1.72755	0.943545	1.19373	1.117	1.21268	1.2347	1.15221	0.561805	1.91722	0.690029	1.88651	0.797939	1.5215	0.940075	1.54622	1.08524	1.07937	1.29996	0.730229		
0.628548	1.70963	0.492248	1.96699	0.859572	1.92279	0.691139	2.3922	0.804001	1.72677	0.945595	1.20729	1.11907	1.21032	1.23668	1.16374	0.565085	1.92444	0.693245	1.87959	0.800551	1.53752	0.942714	1.54463	1.08709	1.09144	1.30121	0.73403		
0.631461	1.70251	0.495605	1.96435	0.856292	1.91863	0.695235	2.40379	0.806949	1.72585	0.947668	1.22088	1.12113	1.208	1.23868	1.17519	0.568378	1.93161	0.696449	1.87254	0.803191	1.5536	0.945351	1.54293	1.08896	1.10353	1.30247	0.737942		
0.634363	1.69619	0.498957	1.96179	0.853019	1.91445	0.69935	2.41451	0.809895	1.72484	0.949765	1.23445	1.12319	1.20572	1.24069	1.18652	0.571683	1.93863	0.69964	1.86537	0.805858	1.5697	0.947985	1.54121	1.09086	1.11565	1.30373	0.741972		
0.637255	1.69068	0.502306	1.95927	0.849753	1.91024	0.703482	2.42435	0.81284	1.72374	0.951885	1.24801	1.12525	1.20353	1.24273	1.19776	0.575	1.94561	0.70282	1.85803	0.808552	1.58579	0.950615	1.53943	1.09277	1.12774	1.305	0.74603		
0.640138	1.68597	0.50565	1.95687	0.846494	1.90598	0.70763	2.43342	0.815783	1.72255	0.954028	1.26157	1.12731	1.20141	1.24478	1.20885	0.578329	1.9525	0.705987	1.85059	0.811275	1.60185	0.953243	1.53751	1.09471	1.13983	1.30628	0.750163		
0.643014	1.68195	0.50899	1.95455	0.843243	1.90171	0.711794	2.4417	0.818724	1.7213	0.956194	1.27516	1.12936	1.19933	1.24686	1.21982	0.581669	1.95923	0.709141	1.84303	0.814024	1.61787	0.955867	1.5356	1.09667	1.15187	1.30756	0.754427		
0.645883	1.67857	0.512326	1.95225	0.839999	1.89739	0.71597	2.44925	0.821663	1.71999	0.958383	1.2887	1.1314	1.19736	1.24895	1.23069	0.585021	1.9659	0.712282	1.83538	0.816801	1.63383	0.958488	1.53362	1.09864	1.16393	1.30886	0.758757		
0.648747	1.67584	0.515658	1.95008	0.836762	1.89303	0.720159	2.45615	0.824599	1.71863	0.960596	1.30219	1.13344	1.19548	1.25106	1.24138	0.588384	1.97249	0.71541	1.82772	0.819604	1.6497	0.961105	1.53161	1.10064	1.17596	1.31016	0.763119		
0.651607	1.67363	0.518986	1.948	0.833533	1.88869	0.72436	2.46232	0.827533	1.71723	0.962831	1.31571	1.13548	1.19368	1.25319	1.25196	0.591758	1.97894	0.718525	1.82002	0.822435	1.6655	0.963719	1.52958	1.10266	1.18795	1.31146	0.76756		
0.654464	1.672	0.522312	1.94597	0.830311	1.88428	0.72857	2.46788	0.830464	1.71586	0.96509	1.32913	1.13752	1.192	1.25534	1.26242	0.595143	1.98532	0.721627	1.8123	0.825293	1.68114	0.96633	1.52751	1.1047	1.19992	1.31278	0.772101		
0.657318	1.67088	0.525633	1.94403	0.827097	1.87981	0.732789	2.47283	0.833394	1.71449	0.967371	1.34249	1.13956	1.19042	1.2575	1.27266	0.598539	1.99158	0.724715	1.8046	0.828178	1.69666	0.968937	1.52546	1.10676	1.21185	1.3141	0.776755		
0.660171	1.67022	0.528952	1.94213	0.82389	1.87537	0.737016	2.47719	0.83632	1.71312	0.969675	1.35586	1.14159	1.18898	1.25968	1.28276	0.601946	1.99768	0.72779	1.79692	0.831088	1.71201	0.97154	1.52341	1.10884	1.22369	1.31543	0.781434		
0.663023	1.66999	0.532267	1.94034	0.820691	1.87089	0.74125	2.48101	0.839245	1.71182	0.972002	1.36913	1.14362	1.18764	1.26188	1.29274	0.605362	2.00373	0.730853	1.7893	0.834025	1.72717	0.97414	1.52133	1.11094	1.23549	1.31677	0.786157		
0.665875	1.67015	0.535579	1.93864	0.8175	1.86634	0.745491	2.48429	0.842167	1.71058	0.974352	1.3823	1.14564	1.18641	1.2641	1.30249	0.60879	2.00963	0.733902	1.78171	0.836988	1.74218	0.976736	1.51928	1.11306	1.24725	1.31812	0.791026		
0.668728	1.67073	0.538889	1.93699	0.814316	1.8618	0.749736	2.48707	0.845088	1.70943	0.976724	1.39538	1.14767	1.18533	1.26633	1.3121	0.612227	2.01543	0.736938	1.7742	0.839976	1.75693	0.979329	1.51729	1.1152	1.25888	1.31947	0.795936		
0.671581	1.6716	0.542195	1.93542	0.811141	1.85725	0.753985	2.48932	0.848006	1.70836	0.979118	1.40843	1.14969	1.18436	1.26858	1.32155	0.615674	2.02112	0.739962	1.76686	0.842989	1.77145	0.981919	1.5153	1.11736	1.27048	1.32083	0.800898		
0.674437	1.67281	0.545499	1.93396	0.807973	1.85267	0.758238	2.49107	0.850923	1.7074	0.981534	1.42132	1.15172	1.18353	1.27085	1.33079	0.61913	2.02668	0.742973	1.7596	0.846027	1.78574	0.984505	1.51335	1.11954	1.28198	1.32221	0.805979		
0.677295	1.67435	0.548801	1.93254	0.804813	1.84808	0.762494	2.49235	0.853838	1.7066	0.983973	1.43411	1.15374	1.18287	1.27313	1.33984	0.622596	2.03216	0.745972	1.75244	0.849088	1.79972	0.987088	1.51148	1.12174	1.29336	1.32359	0.811088		
0.680156	1.67617	0.5521	1.93119	0.80166	1.84343	0.766751	2.49317	0.856752	1.70599	0.986433	1.44683	1.15576	1.18239	1.27542	1.3487	0.626071	2.03747	0.748959	1.74546	0.852174	1.81343	0.989668	1.50964	1.12396	1.30468	1.32498	0.816274		
0.68302	1.67822	0.555397	1.92992	0.798516	1.83876	0.77101	2.49352	0.859665	1.70553	0.988914	1.45934	1.15777	1.18202	1.27773	1.3574	0.629555	2.04269	0.751934	1.73865	0.855282	1.82684	0.992244	1.50789	1.12619	1.31589	1.32638	0.821559		
0.685888	1.68049	0.558692	1.9287	0.79538	1.83413	0.775268	2.49342	0.862578	1.7053	0.991417	1.47176	1.15979	1.18181	1.28006	1.3659	0.633048	2.04781	0.754898	1.732	0.858414	1.83996	0.994818	1.50624	1.12845	1.32696	1.32778	0.826894		
0.68876	1.68304	0.561985	1.92756	0.792251	1.82946	0.779527	2.49287	0.86549	1.70528	0.993941	1.48406	1.16181	1.18176	1.2824	1.3742	0.63655	2.05281	0.75785	1.72552	0.861567	1.85274	0.997389	1.50464	1.13073	1.33792	1.3292	0.832317		
0.691637	1.68578	0.565276	1.9265	0.789131	1.82475	0.783783	2.49186	0.868402	1.70548	0.996486	1.49619	1.16383	1.18186	1.28475	1.38231	0.64006	2.05773	0.760791	1.71927	0.864742	1.86516	0.999958	1.50313	1.13302	1.34878	1.33063	0.837813		
0.694518	1.68866	0.568565	1.9255	0.786019	1.82005	0.788038	2.49036	0.871315	1.70602	0.999052	1.50816	1.16585	1.18213	1.28712	1.39021	0.643578	2.06251	0.763722	1.71321	0.867938	1.87726	1.00252	1.50178	1.13533	1.35948	1.33206	0.843347		
0.697405	1.69174	0.571853	1.92457	0.782914	1.81534	0.792289	2.4884	0.874229	1.70687	1.00164	1.51997	1.16787	1.18257	1.2895	1.39787	0.647105	2.06712	0.766643	1.70736	0.871154	1.88897	1.00509	1.50052	1.13766	1.37002	1.33351	0.848962		
0.700297	1.69498	0.575139	1.92367	0.779818	1.81063	0.796537	2.486	0.877145	1.70801	1.00424	1.53157	1.16989	1.18317	1.2919	1.40535	0.650639	2.07169	0.769554	1.70175	0.87439	1.90033	1.00765	1.49937	1.14001	1.38047	1.33496	0.854647		
0.703194	1.6984	0.578423	1.92285	0.77673	1.80592	0.800781	2.48313	0.880063	1.70951	1.00687	1.54303	1.17191	1.18396	1.2943	1.41268	0.654181	2.07617	0.772456	1.69634	0.877645	1.91134	1.01021	1.49839	1.14238	1.39076	1.33643	0.860399		
0.706098	1.70197	0.581707	1.9221	0.77365	1.8012	0.805019	2.47974	0.882984	1.71144	1.00951	1.55427	1.17393	1.18494	1.29672	1.41975	0.65773	2.08049	0.775348	1.69119	0.880918	1.92191	1.01277	1.4975	1.14476	1.40086	1.3379	0.866247		
0.709008	1.70561	0.584989	1.92138	0.770578	1.79646	0.809251	2.47585	0.885909	1.71373	1.01218	1.56531	1.17596	1.18605	1.29915	1.4266	0.661287	2.08472	0.778232	1.68629	0.884209	1.93212	1.01532	1.49677	1.14717	1.4108	1.33938	0.872173		
0.711924	1.70938	0.588269	1.92075	0.767514	1.79176	0.813475	2.47146	0.888838	1.71649	1.01486	1.57618	1.17798	1.18732	1.30159	1.4333	0.664851	2.08885	0.781108	1.68162	0.887518	1.94193	1.01788	1.49625	1.14958	1.42063	1.34088	0.878138		
0.714846	1.71327	0.591549	1.92015	0.764457	1.78705	0.817692	2.46654	0.891772	1.71972	1.01756	1.58682	1.18001	1.18882	1.30405	1.43978	0.668422	2.09289	0.783976	1.67714	0.890842	1.95136	1.02043	1.49587	1.15202	1.43025	1.34238	0.884184		
0.717776	1.71726	0.594828	1.91957	0.76141	1.78233	0.8219	2.46108	0.894712	1.72344	1.02028	1.59724	1.18204	1.1905	1.30651	1.44602	0.672	2.09683	0.786837	1.67296	0.894183	1.96034	1.02299	1.49562	1.15447	1.43967	1.3439	0.890303		
0.720712	1.72133	0.598106	1.91907	0.75837	1.77767	0.826098	2.45507	0.897659	1.72772	1.02302	1.60744	1.18408	1.1923	1.30899	1.45208	0.675584	2.10063	0.78969	1.66904	0.897538	1.96892	1.02554	1.49558	1.15693	1.44893	1.34543	0.896457		
0.723655	1.72547	0.601383	1.91863	0.755338	1.77299	0.830286	2.44847	0.900613	1.73258	1.02577	1.61742	1.18612	1.19431	1.31147	1.45793	0.679175	2.10438	0.792538	1.66531	0.900908	1.97714	1.0281	1.49575	1.15942	1.45799	1.34696	0.902722		
0.726606	1.72971	0.604659	1.91822	0.752314	1.76832	0.834462	2.44124	0.903576	1.73805	1.02854	1.62715	1.18816	1.19649	1.31397	1.46358	0.682772	2.10803	0.795378	1.66184	0.904291	1.9849	1.03065	1.49608	1.16191	1.46688	1.34851	0.909042		
0.729563	1.73402	0.607935	1.91787	0.749298	1.7637	0.838624	2.43342	0.90655	1.74412	1.03133	1.63663	1.1902	1.19889	1.31647	1.46903	0.686375	2.11155	0.798214	1.65865	0.907688	1.99225	1.03321	1.49662	1.16443	1.4756	1.35007	0.915421		
0.732528	1.73838	0.61121	1.91757	0.74629	1.7591	0.842773	2.42493	0.909534	1.75084	1.03413	1.64592	1.19225	1.20144	1.31898	1.47423	0.689984	2.11504	0.801044	1.6557	0.911096	1.99917	1.03576	1.49739	1.16695	1.4841	1.35164	0.921892		
0.735501	1.74279	0.614485	1.91729	0.743289	1.75454	0.846907	2.41576	0.91253	1.75829	1.03695	1.65496	1.19431	1.20415	1.32151	1.47928	0.693599	2.1184	0.803869	1.65295	0.914516	2.0057	1.03832	1.49836	1.1695	1.49241	1.35322	0.928439		
0.738481	1.74725	0.617759	1.91703	0.740297	1.74999	0.851025	2.40591	0.915539	1.7665	1.03978	1.66368	1.19636	1.20704	1.32404	1.48413	0.69722	2.12166	0.80669	1.65046	0.917947	2.01181	1.04088	1.49955	1.17205	1.5005	1.35481	0.935024		
0.741469	1.75177	0.621032	1.91681	0.737312	1.74549	0.855125	2.39533	0.918564	1.77543	1.04263	1.6722	1.19843	1.21013	1.32657	1.48875	0.700846	2.12486	0.809506	1.64819	0.921388	2.01749	1.04344	1.50099	1.17462	1.50838	1.35641	0.94169		
0.744465	1.75632	0.624306	1.91666	0.734335	1.74106	0.859206	2.38403	0.921604	1.78513	1.0455	1.68048	1.2005	1.21341	1.32912	1.49319	0.704478	2.12795	0.812319	1.64613	0.924838	2.02275	1.04601	1.50263	1.1772	1.51606	1.35802	0.948458		
0.747468	1.76089	0.627579	1.91653	0.731365	1.73666	0.863268	2.37197	0.924661	1.79564	1.04837	1.68845	1.20257	1.21685	1.33167	1.49743	0.708114	2.13098	0.815129	1.64433	0.928297	2.02761	1.04858	1.50451	1.1798	1.52356	1.35965	0.955278		
0.750479	1.76552	0.630852	1.9164	0.728403	1.73231	0.867308	2.35911	0.927737	1.80699	1.05126	1.69619	1.20465	1.22045	1.33424	1.50149	0.711756	2.13392	0.817936	1.64275	0.931764	2.03205	1.05115	1.50665	1.18241	1.5308	1.36129	0.962155		
0.753498	1.77016	0.634125	1.91637	0.725448	1.72807	0.871326	2.34546	0.930833	1.81917	1.05417	1.70368	1.20674	1.22423	1.3368	1.50532	0.715403	2.13678	0.82074	1.64137	0.935238	2.03606	1.05372	1.50902	1.18503	1.53786	1.36293	0.96909		
0.756525	1.7748	0.637398	1.91632	0.7225	1.72386	0.875319	2.33106	0.933951	1.83222	1.05708	1.71089	1.20884	1.22823	1.33938	1.50897	0.719055	2.13961	0.823542	1.64018	0.938718	2.03971	1.0563	1.51167	1.18766	1.54473	1.3646	0.976117		
0.75956	1.77947	0.64067	1.9163	0.71956	1.71971	0.879288	2.31587	0.937091	1.84618	1.06001	1.71783	1.21094	1.2324	1.34196	1.51246	0.722711	2.14232	0.826342	1.63922	0.942204	2.0429	1.05889	1.5146	1.19031	1.55132	1.36627	0.98319		
0.762603	1.78419	0.643943	1.91632	0.716627	1.71569	0.88323	2.29985	0.940257	1.86095	1.06295	1.72453	1.21305	1.23668	1.34454	1.51573	0.726372	2.14495	0.829141	1.63846	0.945696	2.0457	1.06147	1.51773	1.19296	1.55775	1.36795	0.990348		
0.765655	1.78891	0.647216	1.91632	0.7137	1.71173	0.887143	2.28303	0.943448	1.87654	1.0659	1.73091	1.21516	1.24117	1.34713	1.51882	0.730038	2.1475	0.831939	1.63789	0.949192	2.04812	1.06407	1.52116	1.19563	1.56396	1.36965	0.99761		
0.768714	1.79358	0.650489	1.91639	0.71078	1.70789	0.891028	2.26545	0.946666	1.89297	1.06886	1.73704	1.21728	1.24586	1.34973	1.52175	0.733707	2.15001	0.834736	1.63748	0.952692	2.05007	1.06667	1.52488	1.1983	1.56988	1.37136	1.00492		
0.771781	1.7983	0.653762	1.91649	0.707866	1.70417	0.894881	2.24716	0.949913	1.91023	1.07183	1.74295	1.21942	1.25071	1.35233	1.52449	0.737381	2.15244	0.837532	1.63725	0.956194	2.05167	1.06928	1.52885	1.20099	1.57566	1.37308	1.01226		
0.774856	1.80305	0.657035	1.9166	0.704959	1.70052	0.898703	2.22818	0.953191	1.9282	1.07482	1.74857	1.22156	1.25574	1.35494	1.527	0.741059	2.1548	0.840328	1.63726	0.959699	2.05287	1.07189	1.53309	1.20368	1.58124	1.37482	1.01971		
0.777939	1.80777	0.660308	1.91674	0.702058	1.69706	0.902492	2.20856	0.956499	1.94687	1.07781	1.75391	1.22371	1.26088	1.35755	1.52937	0.744741	2.15713	0.843124	1.63738	0.963206	2.05365	1.07451	1.53763	1.20639	1.58654	1.37657	1.02724		
0.781031	1.81249	0.663582	1.91688	0.699162	1.69372	0.906247	2.18836	0.959841	1.96624	1.08081	1.75897	1.22586	1.26621	1.36016	1.53158	0.748427	2.15934	0.845921	1.63766	0.966714	2.05404	1.07714	1.54243	1.2091	1.59163	1.37833	1.03478		
0.78413	1.8172	0.666855	1.91701	0.696273	1.69052	0.909967	2.16761	0.963215	1.9861	1.08381	1.76379	1.22803	1.27175	1.36278	1.53361	0.752117	2.16154	0.848718	1.63814	0.970222	2.05406	1.07978	1.54753	1.21183	1.59653	1.3801	1.04242		
0.787238	1.8219	0.670129	1.9172	0.693388	1.68751	0.913651	2.14643	0.966624	2.00644	1.08683	1.76833	1.23021	1.27743	1.3654	1.53549	0.75581	2.16365	0.851516	1.63876	0.97373	2.05369	1.08243	1.55292	1.21456	1.60124	1.38189	1.05017		
0.790353	1.82661	0.673404	1.91738	0.690509	1.68464	0.917298	2.12491	0.970069	2.02722	1.08985	1.77262	1.23239	1.28327	1.36802	1.53718	0.759507	2.1657	0.854315	1.6395	0.977237	2.05292	1.08509	1.55862	1.21729	1.6057	1.38369	1.05795		
0.793477	1.83128	0.676679	1.91757	0.687634	1.68202	0.920909	2.10314	0.973549	2.04826	1.09289	1.77668	1.23459	1.28929	1.37065	1.53867	0.763208	2.16772	0.857116	1.64039	0.980742	2.05176	1.08775	1.5646	1.22004	1.60997	1.3855	1.06576		
0.796608	1.83594	0.679954	1.91779	0.684764	1.6796	0.924482	2.08123	0.977065	2.06948	1.09592	1.78047	1.2368	1.29545	1.37328	1.54007	0.766911	2.16968	0.859918	1.64146	0.984245	2.05022	1.09043	1.57084	1.22279	1.61403	1.38733	1.07367		
0.799748	1.84059	0.683229	1.91805	0.681897	1.67738	0.928017	2.05929	0.980617	2.09081	1.09897	1.78398	1.23902	1.30179	1.37591	1.54129	0.770619	2.17156	0.862723	1.64264	0.987745	2.04834	1.09312	1.57736	1.22555	1.61785	1.38917	1.08167		
0.802895	1.84524	0.686505	1.91828	0.679034	1.67541	0.931516	2.0374	0.984206	2.11208	1.10202	1.78725	1.24124	1.30823	1.37854	1.54234	0.774329	2.1734	0.865529	1.64391	0.991241	2.04606	1.09582	1.58421	1.22832	1.62153	1.39102	1.08973		
0.80605	1.84988	0.689781	1.91851	0.676175	1.6737	0.934976	2.01568	0.987831	2.13325	1.10507	1.79031	1.24348	1.31486	1.38118	1.54326	0.778042	2.17519	0.868338	1.64532	0.994733	2.04344	1.09853	1.59132	1.23109	1.62494	1.39289	1.09778		
0.809214	1.85447	0.693058	1.91878	0.673317	1.67232	0.9384	1.9942	0.991493	2.15416	1.10813	1.79311	1.24574	1.32167	1.38382	1.544	0.781758	2.17692	0.871149	1.64686	0.998221	2.04046	1.10125	1.59871	1.23387	1.62817	1.39477	1.10595		
0.812385	1.85905	0.696335	1.91905	0.670462	1.67124	0.941788	1.97307	0.995189	2.17471	1.1112	1.79565	1.248	1.32861	1.38645	1.54462	0.785478	2.17865	0.873963	1.6485	1.0017	2.03708	1.10399	1.60643	1.23665	1.63123	1.39667	1.11422		
0.815563	1.8636	0.699613	1.91933	0.667609	1.67043	0.94514	1.95244	0.998921	2.19489	1.11426	1.79798	1.25027	1.33569	1.38909	1.54512	0.7892	2.18029	0.87678	1.65028	1.00518	2.03338	1.10674	1.61438	1.23944	1.63407	1.39858	1.1225		
0.81875	1.86813	0.702891	1.91963	0.664757	1.67005	0.948457	1.93231	1.00269	2.21458	1.11734	1.80007	1.25256	1.34289	1.39173	1.54546	0.792925	2.18188	0.879599	1.65213	1.00865	2.02933	1.10951	1.62262	1.24223	1.63672	1.4005	1.12664		
0.821944	1.87266	0.706169	1.9199	0.661905	1.67003	0.95174	1.91278	1.00648	2.23364	1.12041	1.80192	1.25486	1.35026	1.39437	1.54566	0.796652	2.18345	0.882423	1.65407	1.01211	2.02495	1.11228	1.63114	1.24503	1.6392				
0.825146	1.87712	0.709449	1.92019	0.659053	1.67042	0.95499	1.89395	1.01032	2.25209	1.12349	1.80358	1.25717	1.35779	1.39701	1.54573	0.800383	2.18495	0.885249	1.65613	1.01556	2.02026	1.11508	1.63992	1.24783	1.64145				
0.828356	1.88158	0.712728	1.92049	0.656199	1.67127	0.958209	1.8758	1.01418	2.26988	1.12657	1.80501	1.2595	1.36542	1.39965	1.54567	0.804116	2.18641	0.888079	1.65824	1.01901	2.01522	1.11788	1.64895	1.25064	1.64357				
0.831573	1.886	0.716008	1.9208	0.653344	1.67259	0.961397	1.8584	1.01807	2.28698	1.12966	1.80621	1.26184	1.3732	1.40229	1.54561	0.807851	2.18785	0.890913	1.66047	1.02245	2.00991	1.12071	1.6582	1.25345	1.6455				
0.834798	1.89038	0.719289	1.9211	0.650486	1.67444	0.964556	1.84178	1.02199	2.30327	1.13274	1.80728	1.26419	1.38111			0.811588	2.18925	0.893751	1.6628	1.02588	2.00426	1.12355	1.66774	1.25626	1.6472				
0.83803	1.89474	0.72257	1.92138	0.647625	1.67683	0.967688	1.82598	1.02594	2.31881	1.13583	1.80809	1.26655	1.38912			0.815328	2.1906	0.896593	1.66516	1.02929	1.9983	1.12641	1.67753	1.25907	1.6488				
0.84127	1.89908	0.725852	1.9217	0.644759	1.67981	0.970793	1.81096	1.02991	2.33361	1.13892	1.80872	1.26893	1.39727			0.819071	2.19193	0.899439	1.66762	1.0327	1.99208	1.12928	1.6875	1.26189	1.65022				
0.844517	1.90339	0.729134	1.92205	0.641887	1.68343	0.973874	1.79673	1.03391	2.3476	1.14201	1.80921	1.27133	1.40556			0.822815	2.19321	0.902289	1.67014	1.0361	1.98559	1.13217	1.69769	1.26471	1.65148				
0.847771	1.90765	0.732417	1.92235	0.639009	1.68776	0.97693	1.78334	1.03793	2.36082	1.1451	1.80949	1.27373	1.41391			0.826562	2.19444	0.905143	1.67271	1.03948	1.97888	1.13508	1.70807	1.26753	1.65258				
0.851032	1.91192	0.7357	1.92265	0.636122	1.69276	0.979965	1.77073	1.04197	2.37324	1.14819	1.8096	1.27616	1.42239			0.830311	2.19567	0.908002	1.67538	1.04286	1.97187	1.138	1.71865	1.27036	1.65347				
0.854301	1.91612	0.738984	1.92296	0.633227	1.69856	0.982979	1.75888	1.04603	2.38493	1.15128	1.80959	1.27859	1.43099			0.834062	2.19685	0.910866	1.67811	1.04622	1.96466	1.14095	1.72942	1.27318	1.65428				
0.857577	1.92024	0.742268	1.92327	0.630321	1.7052	0.985973	1.74779	1.05012	2.39589	1.15437	1.8094	1.28104	1.43969			0.837814	2.19796	0.913734	1.68087	1.04957	1.95721	1.14391	1.74034	1.27601	1.65494				
0.86086	1.92437	0.745553	1.92361	0.627403	1.71266	0.988948	1.73745	1.05422	2.4061	1.15746	1.80906	1.28351	1.44846			0.841569	2.19907	0.916607	1.6837	1.0529	1.94956	1.14689	1.7514	1.27883	1.65545				
0.86415	1.92851	0.748839	1.92393	0.624471	1.72103	0.991907	1.72779	1.05833	2.41563	1.16055	1.80864	1.28599	1.45734			0.845326	2.20016	0.919485	1.68657	1.05623	1.94177	1.14989	1.7626	1.28166	1.65583				
0.867447	1.93256	0.752125	1.92422	0.621524	1.7304	0.99485	1.71881	1.06247	2.42448	1.16364	1.80806	1.28849	1.46629			0.849084	2.20119	0.922368	1.6895	1.05954	1.93379	1.15291	1.77389	1.28449	1.65606				
0.870751	1.93656	0.755411	1.92452	0.61856	1.74078	0.997778	1.71052	1.06662	2.43265	1.16672	1.80737	1.291	1.47529			0.852844	2.20224	0.925256	1.69247	1.06283	1.92562	1.15595	1.78526	1.28732	1.6562				
0.874062	1.94058	0.758698	1.92485	0.615578	1.75219	1.00069	1.70284	1.07078	2.4402	1.16981	1.80659	1.29353	1.4844			0.856606	2.20322	0.928149	1.69548	1.06611	1.91733	1.15901	1.79677	1.29015	1.65624				
0.87738	1.94451	0.761986	1.92514	0.612576	1.76467	1.00359	1.69572	1.07495	2.44717	1.1729	1.80574	1.29607	1.4936			0.86037	2.20418	0.931047	1.69853	1.06938	1.90894	1.16209	1.80831	1.29297	1.65613				
0.880704	1.94842	0.765274	1.92544	0.609551	1.77825	1.00648	1.68913	1.07914	2.4535	1.17598	1.80481	1.29863	1.50278			0.864135	2.20512	0.93395	1.70163	1.07263	1.90047	1.16519	1.81984	1.2958	1.65593				
0.884035	1.95232	0.768562	1.92578	0.606502	1.79296	1.00936	1.68314	1.08333	2.45926	1.17906	1.80379	1.3012	1.51204			0.867902	2.20603	0.936859	1.70476	1.07587	1.89191	1.1683	1.83145	1.29863	1.65567				
0.887372	1.95614	0.771851	1.92607	0.603427	1.80883	1.01223	1.67764	1.08754	2.46453	1.18214	1.80276	1.30379	1.52141			0.87167	2.20691	0.939773	1.70794	1.0791	1.88326	1.17144	1.84304	1.30146	1.65526				
0.890716	1.95993	0.775141	1.92634	0.600323	1.82583	1.01509	1.6726	1.09175	2.46926	1.18522	1.80168	1.3064	1.53073			0.87544	2.20776	0.942693	1.71113	1.0823	1.87457	1.1746	1.8546	1.30428	1.65478				
0.894067	1.96368	0.778431	1.92663	0.59719	1.84398	1.01795	1.66803	1.09597	2.47346	1.18829	1.80056	1.30902	1.5401			0.879211	2.20858	0.945618	1.71437	1.0855	1.86587	1.17778	1.86616	1.30711	1.65426				
0.897423	1.96742	0.781722	1.92693	0.594025	1.86321	1.02079	1.66386	1.1002	2.47714	1.19137	1.79944	1.31166	1.54952			0.882983	2.2094	0.948548	1.71763	1.08868	1.85715	1.18097	1.87761	1.30993	1.65363				
0.900787	1.97111	0.785013	1.9272	0.590826	1.88347	1.02363	1.66011	1.10443	2.48037	1.19444	1.79832	1.31431	1.55894			0.886757	2.21018	0.951485	1.7209	1.09184	1.84846	1.18419	1.889	1.31276	1.65294				
0.904156	1.97472	0.788304	1.92749	0.587592	1.90473	1.02646	1.65674	1.10867	2.48313	1.19751	1.79727	1.31698	1.56838			0.890533	2.21094	0.954426	1.72418	1.09499	1.83981	1.18743	1.90032	1.31558	1.65223				
0.907532	1.97835	0.791597	1.92779	0.58432	1.92688	1.02929	1.65373	1.11291	2.48544	1.20058	1.79622	1.31967	1.57777			0.894309	2.21169	0.957374	1.72752	1.09813	1.83118	1.19068	1.91149	1.3184	1.65143				
0.910913	1.98193	0.794889	1.92804	0.58101	1.94984	1.03211	1.65105	1.11716	2.48733	1.20365	1.79523	1.32237	1.58717			0.898087	2.21241	0.960327	1.73089	1.10125	1.82263	1.19396	1.92256	1.32122	1.65061				
0.914301	1.98542	0.798182	1.92828	0.57766	1.97346	1.03493	1.64869	1.12141	2.48875	1.20671	1.79433	1.32509	1.59661			0.901866	2.21311	0.963286	1.73422	1.10435	1.81414	1.19725	1.93345	1.32404	1.64976				
0.917695	1.9889	0.801475	1.92856	0.57427	1.99769	1.03774	1.64661	1.12566	2.4897	1.20977	1.79348	1.32783	1.60597			0.905646	2.2138	0.96625	1.73761	1.10744	1.80575	1.20056	1.94418	1.32686	1.64884				
0.921095	1.99237	0.804769	1.92882	0.570837	2.0223	1.04055	1.64483	1.12991	2.49027	1.21284	1.7928	1.33058	1.61529			0.909428	2.21445	0.969221	1.74101	1.11052	1.7975	1.20389	1.95472	1.32967	1.64795				
0.9245	1.99578	0.808064	1.92908	0.567362	2.04714	1.04336	1.64335	1.13417	2.49043	1.2159	1.79222	1.33334	1.62463			0.91321	2.21506	0.972197	1.74442	1.11358	1.78936	1.20724	1.96506	1.33248	1.64704				
0.927911	1.99916	0.811358	1.92933	0.563845	2.07213	1.04617	1.64208	1.13842	2.49014	1.21896	1.79177	1.33613	1.63385			0.916993	2.2157	0.975179	1.74788	1.11663	1.78132	1.2106	1.97522	1.3353	1.64609				
0.931329	2.00249	0.814654	1.92958	0.560284	2.09709	1.04897	1.64105	1.14267	2.48944	1.22202	1.79155	1.33892	1.64304			0.920778	2.2163	0.978167	1.75129	1.11967	1.77346	1.21398	1.98509	1.33811	1.64518				
0.934751	2.00576	0.817949	1.92983	0.556682	2.12183	1.05177	1.64022	1.14692	2.48828	1.22508	1.79147	1.34174	1.65218			0.924563	2.21685	0.981161	1.75472	1.12269	1.76576	1.21738	1.99477	1.34092	1.64426				
0.93818	2.00904	0.821245	1.93004	0.553037	2.14622	1.05457	1.63962	1.15117	2.48671	1.22814	1.79161	1.34457	1.66121			0.92835	2.21743	0.984161	1.75823	1.1257	1.75822	1.2208	2.00418	1.34372	1.64337				
0.941613	2.01225	0.824541	1.93028	0.549351	2.17019	1.05737	1.63926	1.15542	2.48475	1.2312	1.79203	1.34741	1.67018			0.932137	2.21797	0.987167	1.76169	1.12869	1.75087	1.22423	2.01332	1.34653	1.64252				
0.945053	2.01541	0.827838	1.93049	0.545624	2.19355	1.06017	1.63905	1.15966	2.48229	1.23426	1.7927	1.35027	1.67906			0.935926	2.21849	0.990178	1.76512	1.13168	1.74369	1.22767	2.02219	1.34933	1.64169				
0.948497	2.01857	0.831135	1.93071	0.541859	2.2162	1.06297	1.63897	1.16389	2.47941	1.23732	1.79365	1.35315	1.68787			0.939715	2.21899	0.993196	1.7686	1.13465	1.73673	1.23113	2.03077	1.35214	1.64091				
0.951947	2.02166	0.834433	1.93092	0.538055	2.23809	1.06577	1.63912	1.16813	2.47606	1.24038	1.7949	1.35604	1.69651			0.943505	2.21949	0.996219	1.77211	1.13761	1.72994	1.23461	2.03905	1.35494	1.64017				
0.955403	2.02472	0.837731	1.93112	0.534214	2.25916	1.06857	1.63941	1.17235	2.47221	1.24345	1.79652	1.35894	1.70507			0.947296	2.21999	0.999248	1.77559	1.14056	1.72335	1.2381	2.04703	1.35774	1.63953				
0.958863	2.02774	0.841029	1.93137	0.530338	2.27933	1.07137	1.63983	1.17657	2.46794	1.24652	1.79847	1.36186	1.71353			0.951088	2.22043	1.00228	1.7791	1.1435	1.717	1.2416	2.0547	1.36054	1.63893				
0.962329	2.03074	0.844328	1.93156	0.526429	2.29855	1.07417	1.64042	1.18078	2.46311	1.24959	1.80084	1.3648	1.72181			0.95488	2.22086	1.00533	1.78259	1.14642	1.71085	1.24512	2.06204	1.36334	1.63838				
0.965799	2.03369	0.847626	1.93172	0.522487	2.31682	1.07697	1.64108	1.18498	2.45778	1.25267	1.80367	1.36774	1.73001			0.958673	2.22129	1.00837	1.78609	1.14934	1.70489	1.24864	2.06905	1.36613	1.63792				
0.969275	2.03659	0.850926	1.93192	0.518515	2.33411	1.07977	1.64194	1.18918	2.45193	1.25575	1.8069	1.3707	1.73807			0.962467	2.2217	1.01143	1.78958	1.15225	1.69919	1.25218	2.07577	1.36893	1.63756				
0.972756	2.03946	0.854225	1.93211	0.514515	2.35042	1.08258	1.64289	1.19336	2.44548	1.25884	1.81063	1.37368	1.74594			0.966262	2.22208	1.01449	1.79306	1.15514	1.69371	1.25573	2.08214	1.37173	1.63736				
0.976241	2.04229	0.857525	1.9323	0.510487	2.36578	1.08539	1.64393	1.19753	2.43851	1.26194	1.8149	1.37667	1.75368			0.970057	2.22249	1.01755	1.79659	1.15803	1.6884	1.2593	2.08816	1.37452	1.63722				
0.979731	2.04513	0.860825	1.93246	0.506434	2.38021	1.08819	1.6451	1.20169	2.43094	1.26504	1.8197	1.37967	1.76126			0.973853	2.22285	1.02062	1.80009	1.16091	1.68337	1.26287	2.09387	1.37732	1.63715				
0.983227	2.04788	0.864126	1.93263	0.502357	2.39372	1.09101	1.64636	1.20583	2.42273	1.26815	1.82504	1.38268	1.76864			0.97765	2.22319	1.0237	1.80354	1.16378	1.67856	1.26645	2.0992	1.38012	1.63728				
0.986726	2.05062	0.867426	1.93281	0.498258	2.40631	1.09382	1.6477	1.20996	2.41392	1.27128	1.83103	1.38571	1.77589			0.981447	2.22354	1.02678	1.80703	1.16664	1.67392	1.27004	2.10419	1.38291	1.63752				
0.990231	2.05332	0.870727	1.93296	0.494138	2.41808	1.09663	1.64912	1.21408	2.40447	1.27441	1.83764	1.38875	1.78296			0.985245	2.22387	1.02987	1.81054	1.1695	1.6695	1.27363	2.10885	1.38571	1.63789				
0.99374	2.05593	0.874029	1.9331	0.489998	2.42897	1.09945	1.65066	1.21818	2.39429	1.27755	1.84491	1.3918	1.78983			0.989043	2.22419	1.03297	1.81403	1.17235	1.66531	1.27724	2.11316	1.38851	1.63842				
0.997253	2.05858	0.87733	1.93326	0.485841	2.43906	1.10227	1.65227	1.22226	2.38345	1.28071	1.85287	1.39486	1.79655			0.992842	2.22448	1.03607	1.81751	1.17519	1.66133	1.28085	2.11711	1.39131	1.63908				
1.00077	2.0612	0.880632	1.9334	0.481668	2.4484	1.10509	1.65394	1.22632	2.3719	1.28388	1.86153	1.39794	1.80306			0.996641	2.22474	1.03917	1.82095	1.17802	1.65757	1.28447	2.12069	1.39411	1.63994				
1.00429	2.06371	0.883934	1.93353	0.477478	2.457	1.10792	1.6557	1.23036	2.35963	1.28707	1.8709	1.40102	1.80627			1.00044	2.22503	1.04229	1.82443	1.18085	1.65399	1.2881	2.12391	1.39691	1.64096				
1.00782	2.06624	0.887236	1.93369	0.473275	2.46491	1.11075	1.65751	1.23438	2.34665	1.29027	1.88104					1.00424	2.2253	1.04541	1.82791	1.18367	1.65062	1.29173	2.12682	1.39971	1.64215				
1.01135	2.06874	0.890539	1.9338	0.469059	2.47212	1.11358	1.65938	1.23837	2.33289	1.29349	1.89195					1.00804	2.22552	1.04853	1.83138	1.18649	1.64748	1.29536	2.12935	1.40252	1.64279				
1.01489	2.07117	0.893842	1.93395	0.464831	2.47868	1.11642	1.66133	1.24234	2.31842	1.29673	1.90363					1.01184	2.22573	1.05166	1.83482	1.1893	1.64449	1.299	2.13152						
1.01843	2.07362	0.897145	1.93406	0.460593	2.48463	1.11926	1.66333	1.24629	2.30321	1.3	1.91607					1.01564	2.22596	1.0548	1.83824	1.1921	1.64172	1.30264	2.13335						
1.02197	2.07599	0.900448	1.93417	0.456345	2.48996	1.1221	1.66535	1.25021	2.28727	1.30328	1.92925					1.01945	2.22616	1.05794	1.84168	1.19491	1.63913	1.30629	2.13479						
1.02552	2.07835	0.903751	1.93432	0.452088	2.49474	1.12494	1.66744	1.2541	2.27064	1.30659	1.9432					1.02325	2.22633	1.06109	1.84514	1.1977	1.63669	1.30993	2.13591						
1.02907	2.08068	0.907055	1.9344	0.447824	2.49898	1.12779	1.6696	1.25797	2.25332	1.30992	1.95789					1.02705	2.22654	1.06424	1.84857	1.2005	1.63445	1.31358	2.13665						
1.03262	2.08296	0.910358	1.9345	0.443552	2.50263	1.13065	1.67177	1.2618	2.23534	1.31327	1.97324					1.03085	2.2267	1.0674	1.85195	1.20329	1.63237	1.31723	2.13703						
1.03618	2.08521	0.913662	1.93461	0.439275	2.50572	1.1335	1.674	1.2656	2.21675	1.31666	1.98928					1.03466	2.22684	1.07057	1.85535	1.20607	1.63047	1.32088	2.13709						
1.03975	2.08742	0.916966	1.93472	0.434994	2.50831	1.13637	1.67632	1.26937	2.19765	1.32007	2.00593					1.03846	2.22698	1.07374	1.85875	1.20885	1.62874	1.32453	2.13675						
1.04331	2.08964	0.920271	1.93481	0.430708	2.5104	1.13923	1.67859	1.27311	2.17807	1.32351	2.02311					1.04226	2.22708	1.07692	1.86215	1.21164	1.62716	1.32818	2.13605						
1.04688	2.0918	0.923575	1.93489	0.426419	2.51198	1.1421	1.68093	1.27681	2.15804	1.32698	2.0408					1.04607	2.22719	1.0801	1.86556	1.21441	1.62573	1.33183	2.13503						
1.05046	2.09393	0.926879	1.93499	0.422128	2.51302	1.14497	1.68331	1.28048	2.13765	1.33048	2.0589					1.04987	2.22731	1.08329	1.86893	1.21719	1.62442	1.33547	2.13361						
1.05404	2.09605	0.930184	1.93507	0.417835	2.51351	1.14785	1.68571	1.28411	2.11703	1.33401	2.0773					1.05367	2.22736	1.08648	1.87229	1.21996	1.62327	1.33911	2.13186						
1.05762	2.09813	0.933489	1.93514	0.413543	2.51349	1.15073	1.68818	1.28771	2.09623	1.33757	2.09596					1.05748	2.22742	1.08968	1.87564	1.22273	1.62229	1.34275	2.12977						
1.0612	2.10016	0.936794	1.93521	0.40925	2.51296	1.15361	1.69062	1.29127	2.07533	1.34117	2.1148					1.06128	2.22752	1.09289	1.87898	1.2255	1.62143	1.34639	2.12733						
1.06479	2.10217	0.940099	1.93527	0.404959	2.51183	1.1565	1.69311	1.2948	2.05445	1.3448	2.13372					1.06509	2.22753	1.0961	1.88233	1.22827	1.62069	1.35002	2.12454						
1.06838	2.10416	0.943404	1.93537	0.400671	2.51012	1.1594	1.69562	1.29829	2.03368	1.34846	2.15259					1.06889	2.22754	1.09932	1.88567	1.23104	1.62011	1.35365	2.12134						
1.07198	2.10612	0.946709	1.93545	0.396386	2.50783	1.1623	1.69818	1.30175	2.01305	1.35215	2.17131					1.07269	2.22754	1.10254	1.88901	1.2338	1.6196	1.35727	2.11783						
1.07558	2.10806	0.950015	1.93548	0.392105	2.50486	1.1652	1.70073	1.30517	1.99273	1.35587	2.18986					1.0765	2.22754	1.10577	1.89233	1.23657	1.61922	1.36088	2.11403						
1.07918	2.10995	0.95332	1.93557	0.38783	2.50122	1.1681	1.7033	1.30855	1.97276	1.35963	2.20814					1.0803	2.22751	1.10901	1.89565	1.23934	1.61897	1.36449	2.10984						
1.08278	2.11183	0.956626	1.93561	0.383562	2.49689	1.17102	1.70592	1.3119	1.95315	1.36342	2.22604					1.08411	2.22747	1.11225	1.89896	1.2421	1.61881	1.36809	2.10527						
1.08639	2.1137	0.959932	1.93566	0.379301	2.49176	1.17393	1.70853	1.31522	1.93406	1.36723	2.24354					1.08791	2.22741	1.11549	1.90222	1.24486	1.6188	1.37168	2.10041						
1.09	2.1155	0.963238	1.93575	0.375051	2.48579	1.17685	1.71116	1.31851	1.91554	1.37108	2.26052					1.09171	2.22733	1.11874	1.90552	1.24763	1.61885	1.37526	2.09526						
1.09362	2.1173	0.966544	1.93576	0.370811	2.47891	1.17978	1.71378	1.32177	1.89759	1.37495	2.27696					1.09552	2.22725	1.122	1.90884	1.25039	1.619	1.37883	2.08971						
1.09723	2.11909	0.96985	1.9358	0.366584	2.47103	1.18271	1.71645	1.32499	1.88025	1.37886	2.29286					1.09932	2.22712	1.12526	1.91211	1.25316	1.61926	1.3824	2.08388						
1.10085	2.12083	0.973156	1.93588	0.362371	2.46207	1.18564	1.71915	1.32819	1.8636	1.38279	2.30814					1.10313	2.22699	1.12853	1.91539	1.25592	1.61961	1.38595	2.07774						
1.10448	2.12253	0.976462	1.93592	0.358174	2.45197	1.18858	1.72179	1.33136	1.8476	1.38674	2.32275					1.10693	2.22687	1.13181	1.91867	1.25869	1.62006	1.38949	2.07126						
1.1081	2.12421	0.979768	1.93594	0.353996	2.44049	1.19152	1.72451	1.3345	1.83226	1.39072	2.33667					1.11073	2.22668	1.13509	1.92195	1.26146	1.62056	1.39303	2.06453						
1.11173	2.12589	0.983074	1.93598	0.349838	2.42755	1.19447	1.72723	1.33762	1.81766	1.39472	2.34998					1.11453	2.22649	1.13837	1.92523	1.26423	1.62116	1.39655	2.05748						
1.11537	2.12754	0.986381	1.936	0.345704	2.41307	1.19742	1.72992	1.34071	1.80377	1.39875	2.36261					1.11834	2.22628	1.14166	1.92851	1.267	1.62186	1.40005	2.05387						
1.119	2.12917	0.989687	1.93604	0.341596	2.39674	1.20038	1.73266	1.34378	1.79054	1.40279	2.36874					1.12214	2.22601	1.14496	1.93176	1.26977	1.62258								
1.12264	2.13075	0.992993	1.93609	0.337517	2.37843	1.20334	1.73536	1.34682	1.77798							1.12594	2.22576	1.14826	1.93502	1.27254	1.6234								
1.12628	2.13232	0.9963	1.93609	0.333472	2.35792	1.2063	1.7381	1.34985	1.7661							1.12974	2.22551	1.15157	1.9383	1.27531	1.62434								
1.12992	2.13391	0.999606	1.93611	0.329464	2.33497	1.20927	1.74087	1.35286	1.7549							1.13354	2.2252	1.15488	1.94157	1.27809	1.62527								
1.13357	2.13541	1.00291	1.93616	0.325497	2.3093	1.21225	1.74361	1.35584	1.74431							1.13734	2.22482	1.1582	1.94485	1.28086	1.6263								
1.13722	2.13691	1.00622	1.93618	0.321576	2.28056	1.21523	1.74635	1.35881	1.73435							1.14114	2.22448	1.16152	1.94813	1.28364	1.62743								
1.14087	2.1384	1.00953	1.93619	0.317707	2.24852	1.21821	1.74911	1.36177	1.72497							1.14494	2.2241	1.16485	1.95144	1.28642	1.62855								
1.14452	2.13986	1.01283	1.93623	0.313896	2.21286	1.2212	1.75188	1.36471	1.71613							1.14874	2.22362	1.16819	1.95471	1.2892	1.62976								
1.14818	2.1413	1.01614	1.93625	0.310149	2.17323	1.2242	1.75463	1.36763	1.70788							1.15253	2.22317	1.17153	1.95801	1.29199	1.63102								
1.15183	2.1427	1.01945	1.93626	0.306473	2.12931	1.2272	1.75736	1.37054	1.70013							1.15633	2.2227	1.17488	1.96133	1.29477	1.63233								
1.15549	2.14411	1.02275	1.93626	0.302876	2.08084	1.2302	1.76012	1.37344	1.69285							1.16013	2.22218	1.17823	1.96467	1.29756	1.63372								
1.15916	2.1455	1.02606	1.93626	0.299365	2.02761	1.23321	1.76293	1.37632	1.68608							1.16392	2.22158	1.18159	1.96804	1.30035	1.63513								
1.16282	2.14684	1.02937	1.9363	0.29595	1.96942	1.23622	1.76569	1.3792	1.67976							1.16771	2.22097	1.18495	1.97136	1.30315	1.63658								
1.16649	2.14816	1.03267	1.93631	0.292638	1.90629	1.23924	1.76843	1.38206	1.67381							1.17151	2.22033	1.18832	1.97473	1.30594	1.63808								
1.17016	2.14948	1.03598	1.93632	0.289439	1.83827	1.24226	1.77117	1.38491	1.6683							1.1753	2.21961	1.1917	1.97817	1.30874	1.63963								
1.17383	2.15078	1.03929	1.93632	0.28636	1.76562	1.24529	1.77396	1.38776	1.66319							1.17909	2.2189	1.19508	1.9816	1.31154	1.64125								
1.17751	2.15205	1.04259	1.93633	0.283408	1.68878	1.24832	1.77672	1.39059	1.65841							1.18288	2.21809	1.19846	1.98501	1.31435	1.64286								
1.18118	2.15331	1.0459	1.93633	0.280591	1.60834	1.25136	1.77946	1.39342	1.65401							1.18667	2.21721	1.20186	1.98848	1.31716	1.64453								
1.18486	2.15455	1.04921	1.93633	0.277915	1.52501	1.2544	1.78222	1.39624	1.64992							1.19045	2.21635	1.20526	1.99201	1.31997	1.64626								
1.18854	2.15576	1.05252	1.93633	0.275382	1.43956	1.25745	1.78496	1.39906	1.64611							1.19424	2.21538	1.20866	1.99558	1.32278	1.64796								
1.19222	2.15696	1.05582	1.93633	0.272998	1.35292	1.2605	1.78773	1.40187	1.6443							1.19802	2.21435	1.21207	1.99918	1.3256	1.64974								
1.19591	2.15814	1.05913	1.93636	0.270761	1.26598	1.26355	1.79047									1.2018	2.21324	1.21549	2.00278	1.32841	1.65156								
1.1996	2.15929	1.06244	1.93634	0.268673	1.1795	1.26661	1.79321									1.20558	2.2121	1.21891	2.00644	1.33124	1.65337								
1.20328	2.16046	1.06574	1.93634	0.266733	1.0942	1.26968	1.79593									1.20935	2.21088	1.22234	2.01018	1.33406	1.65523								
1.20697	2.16159	1.06905	1.93636	0.264936	1.01075	1.27275	1.79866									1.21313	2.20956	1.22578	2.01394	1.33689	1.65715								
1.21067	2.16269	1.07236	1.93635	0.26328	0.929536	1.27582	1.80138									1.2169	2.20815	1.22922	2.01778	1.33972	1.65907								
1.21436	2.16379	1.07566	1.93634	0.261761	0.850851	1.2789	1.80411									1.22067	2.20671	1.23267	2.02167	1.34256	1.66099								
1.21806	2.16487	1.07897	1.93633	0.260374	0.774943	1.28198	1.8068									1.22444	2.20518	1.23613	2.0256	1.3454	1.66298								
1.22176	2.16591	1.08228	1.93633	0.259114	0.701866	1.28507	1.80951									1.2282	2.20352	1.23959	2.02961	1.34824	1.66496								
1.22546	2.16695	1.08558	1.93633	0.257977	0.631601	1.28816	1.81223									1.23197	2.20176	1.24306	2.03372	1.35108	1.66697								
1.22916	2.168	1.08889	1.93633	0.256957	0.564053	1.29126	1.81492									1.23572	2.19995	1.24654	2.03787	1.35393	1.66903								
1.23286	2.16899	1.0922	1.93633	0.25605	0.499152	1.29436	1.81762									1.23948	2.19806	1.25002	2.04209	1.35678	1.67105								
1.23657	2.16998	1.09551	1.93633	0.255252	0.43676	1.29747	1.82031									1.24323	2.19603	1.25351	2.04639	1.35964	1.67311								
1.24027	2.171	1.09881	1.9363	0.254558	0.376663	1.30058	1.82298									1.24698	2.1939	1.25701	2.05078	1.3625	1.67522								
1.24398	2.17194	1.10212	1.93628	0.253965	0.318742	1.3037	1.82565									1.25073	2.19166	1.26052	2.05526	1.36536	1.67733								
1.24769	2.17288	1.10543	1.9363	0.253469	0.26282	1.30682	1.82828									1.25447	2.18936	1.26403	2.05979	1.36823	1.67944								
1.2514	2.17384	1.10873	1.93632	0.253068	0.208729	1.30994	1.83093									1.2582	2.18697	1.26755	2.06437	1.3711	1.68158								
1.25512	2.17476	1.11204	1.93629	0.252757	0.156382	1.31307	1.83358									1.26194	2.18445	1.27108	2.06908	1.37397	1.68376								
1.25883	2.17565	1.11535	1.93625	0.252533	0.105604	1.3162	1.83624									1.26566	2.18186	1.27462	2.07388	1.37685	1.6859								
1.26255	2.17652	1.11865	1.93626	0.252396	0.0562923	1.31934	1.83887									1.26939	2.17917	1.27817	2.07869	1.37973	1.68809								
1.26627	2.17743	1.12196	1.93626	0.252341	0.00836548	1.32248	1.84148									1.27311	2.1764	1.28172	2.08358	1.38261	1.6903								
1.26999	2.17828	1.12527	1.93626	0.252367	-0.0382768	1.32563	1.84409									1.27682	2.17359	1.28528	2.08852	1.3855	1.69248								
1.27371	2.17911	1.12857	1.93627	0.252472	-0.0837121	1.32878	1.84669									1.28053	2.1707	1.28885	2.09351	1.38839	1.69469								
1.27743	2.17996	1.13188	1.93623	0.252653	-0.128033	1.33194	1.8493									1.28424	2.16774	1.29243	2.09853	1.39129	1.69691								
1.28115	2.18079	1.13519	1.93622	0.252909	-0.17124	1.3351	1.85187									1.28794	2.16477	1.29602	2.10356	1.39419	1.69916								
1.28488	2.1816	1.13849	1.93621	0.253238	-0.213394	1.33827	1.85445									1.29163	2.16181	1.29962	2.1086	1.39709	1.7014								
1.2886	2.18238	1.1418	1.93621	0.253638	-0.254557	1.34143	1.85701									1.29532	2.1588	1.30322	2.11364	1.4	1.70252								
1.29233	2.18314	1.14511	1.93621	0.254108	-0.294728	1.34461	1.85956									1.299	2.15585	1.30684	2.11866										
1.29606	2.18392	1.14841	1.93617	0.254645	-0.333969	1.34779	1.86214									1.30268	2.15289	1.31046	2.12368										
1.29979	2.18469	1.15172	1.93616	0.255167	-0.36743	1.35097	1.86466									1.30636	2.14995	1.31409	2.1286										
1.30352	2.18541	1.15503	1.93618	0.255651	-0.395337	1.35415	1.86719									1.31003	2.14709	1.31773	2.13341										
1.30726	2.18614	1.15833	1.93616	0.256078	-0.418077	1.35735	1.86973									1.31369	2.1443	1.32138	2.1382										
1.31099	2.18688	1.16164	1.93615	0.256432	-0.435717	1.36054	1.87223									1.31735	2.1416	1.32503	2.14289										
1.31473	2.18759	1.16495	1.93615	0.256702	-0.44855	1.36374	1.87472									1.32101	2.13898	1.3287	2.14743										
1.31846	2.18828	1.16825	1.93611	0.256957	-0.460432	1.36694	1.87721									1.32466	2.1365	1.33237	2.15187										
1.3222	2.18897	1.17156	1.93613	0.257138	-0.468518	1.37015	1.87972									1.3283	2.13411	1.33605	2.15619										
1.32594	2.18963	1.17487	1.93614	0.257428	-0.480912	1.37337	1.88218									1.33195	2.13187	1.33973	2.16036										
1.32968	2.19026	1.17817	1.93611	0.257833	-0.497782	1.37658	1.88465									1.33559	2.12978	1.34343	2.16437										
1.33342	2.19092	1.18148	1.93609	0.258367	-0.518756	1.3798	1.88712									1.33922	2.12778	1.34713	2.16823										
1.33716	2.19156	1.18479	1.93606	0.259041	-0.543486	1.38303	1.88953									1.34285	2.12595	1.35083	2.17192										
1.34091	2.19219	1.18809	1.93607	0.259871	-0.571811	1.38626	1.89195									1.34648	2.12425	1.35454	2.17547										
1.34465	2.19281	1.1914	1.93607	0.260875	-0.603297	1.38949	1.89439									1.35011	2.1227	1.35826	2.17882										
1.3484	2.19337	1.19471	1.93605	0.261932	-0.633556	1.39273	1.89682									1.35373	2.12133	1.36199	2.18205										
1.35214	2.19396	1.19801	1.93606	0.263039	-0.662459	1.39597	1.89924									1.35736	2.12006	1.36572	2.18515										
1.35589	2.19456	1.20132	1.93604	0.264194	-0.689785	1.39921	1.90163									1.36098	2.11893	1.36945	2.18803										
1.35964	2.19515	1.20463	1.93603	0.265395	-0.715364	1.40246	1.9028									1.36459	2.11793	1.37319	2.19077										
1.36339	2.19568	1.20793	1.93602	0.266638	-0.738801											1.36821	2.11703	1.37693	2.19337										
1.36714	2.19623	1.21124	1.93599	0.267919	-0.759557											1.37182	2.1163	1.38068	2.19585										
1.37089	2.19678	1.21454	1.936	0.269232	-0.77696											1.37544	2.11568	1.38443	2.19821										
1.37464	2.19728	1.21785	1.93601	0.270572	-0.789779											1.37905	2.11516	1.38819	2.20038										
1.37839	2.19777	1.22116	1.93598	0.27193	-0.796219											1.38266	2.11475	1.39195	2.20245										
1.38215	2.1983	1.22446	1.93597	0.273292	-0.793558											1.38627	2.11441	1.39571	2.20445										
1.3859	2.19881	1.22777	1.93596	0.27464	-0.777186											1.38988	2.11419	1.39948	2.20628										
1.38966	2.19928	1.23108	1.93599	0.275947	-0.739473											1.3935	2.11407	1.40325	2.20716										
1.39341	2.19973	1.23438	1.93597	0.277166	-0.668527											1.39711	2.11402												
1.39717	2.2002	1.23769	1.93593	0.27823	-0.547755											1.40072	2.114												
1.40093	2.20047	1.24099	1.93595	0.279037	-0.361771																								
		1.2443	1.93595	0.279466	-0.250978																								
		1.24761	1.93592																										
		1.25091	1.93591																										
		1.25422	1.93593																										
		1.25753	1.93591																										
		1.26083	1.9359																										
		1.26414	1.9359																										
		1.26744	1.93587																										
		1.27075	1.93588																										
		1.27406	1.93589																										
		1.27736	1.93586																										
		1.28067	1.93588																										
		1.28398	1.93589																										
		1.28728	1.93586																										
		1.29059	1.93585																										
		1.29389	1.93584																										
		1.2972	1.93584																										
		1.30051	1.93583																										
		1.30381	1.93583																										
		1.30712	1.93583																										
		1.31042	1.93583																										
		1.31373	1.93583																										
		1.31704	1.9358																										
		1.32034	1.93582																										
		1.32365	1.93583																										
		1.32695	1.9358																										
		1.33026	1.93582																										
		1.33357	1.93579																										
		1.33687	1.93578																										
		1.34018	1.93581																										
		1.34348	1.93579																										
		1.34679	1.93578																										
		1.3501	1.93581																										
		1.3534	1.93579																										
		1.35671	1.93578																										
		1.36001	1.93578																										
		1.36332	1.93577																										
		1.36663	1.93577																										
		1.36993	1.93577																										
		1.37324	1.93577																										
		1.37654	1.93577																										
		1.37985	1.93577																										
		1.38316	1.93577																										
		1.38646	1.93577																										
		1.38977	1.93577																										
		1.39307	1.93577																										
		1.39638	1.93574																										
		1.39969	1.93576																										
		1.40299	1.93578																										
