Sym0		Asym0		Sym1		Sym2		Sym3		Sym4		Sym5		Sym6		Asym1		Asym2		Asym3		Asym4		Asym5		Asym6		Asym7	
379  Points		430  Points		380  Points		368  Points		323  Points		303  Points		271  Points		220  Points		378  Points		375  Points		350  Points		303  Points		273  Points		216  Points		146  Points	
Freq (MHz)	Vgr (m/ms)	Freq (MHz)	Vgr (m/ms)	Freq (MHz)	Vgr (m/ms)	Freq (MHz)	Vgr (m/ms)	Freq (MHz)	Vgr (m/ms)	Freq (MHz)	Vgr (m/ms)	Freq (MHz)	Vgr (m/ms)	Freq (MHz)	Vgr (m/ms)	Freq (MHz)	Vgr (m/ms)	Freq (MHz)	Vgr (m/ms)	Freq (MHz)	Vgr (m/ms)	Freq (MHz)	Vgr (m/ms)	Freq (MHz)	Vgr (m/ms)	Freq (MHz)	Vgr (m/ms)	Freq (MHz)	Vgr (m/ms)
0.279354	-0.343943	6.22729e-005	0.161498	1.40273	2.20071	0.292684	0.302065	0.559022	0.012366	0.838524	-0.00547763	0.877889	0.0304893	1.11804	0.00693777	0.139779	0.124647	0.419263	0.00225634	0.585254	0.0143701	0.698773	0.0104367	0.97828	0.00253953	1.17051	0.0149895	1.25779	0.00387336
0.278767	-0.441241	0.000338083	0.22528	1.39897	2.20046	0.2932	0.434639	0.559043	0.0172177	0.838515	-0.00795833	0.877941	0.0445482	1.11805	0.0093827	0.139992	0.187791	0.419267	0.00437856	0.585278	0.0267615	0.69879	0.0164463	0.978284	0.00452286	1.17054	0.0211115	1.25779	0.00690445
0.277847	-0.601348	0.00083175	0.351567	1.39521	2.20002	0.294168	0.664176	0.559081	0.0269443	0.838497	-0.0129244	0.878041	0.0725497	1.11807	0.0142415	0.140421	0.312908	0.419278	0.00864057	0.585345	0.0514936	0.698829	0.0285325	0.978295	0.00855391	1.17058	0.0333494	1.25781	0.0129646
0.276713	-0.700946	0.00153891	0.474707	1.39146	2.19956	0.295468	0.828726	0.559135	0.0366791	0.838471	-0.0177807	0.878189	0.100388	1.1181	0.0190688	0.141061	0.435192	0.419296	0.0129553	0.585454	0.0761974	0.698888	0.0406343	0.978313	0.0126544	1.17065	0.0455689	1.25784	0.0190185
0.275453	-0.7574	0.00245318	0.593719	1.3877	2.19908	0.296999	0.943958	0.559206	0.0464302	0.838436	-0.0223555	0.878384	0.128022	1.11813	0.0239571	0.141907	0.553607	0.419322	0.0173137	0.585605	0.100783	0.698968	0.0527052	0.978338	0.0167079	1.17074	0.0577514	1.25788	0.025122
0.274126	-0.785812	0.00356685	0.70788	1.38395	2.19861	0.298692	1.02648	0.559294	0.056214	0.838394	-0.0266148	0.878626	0.155313	1.11818	0.0288436	0.142952	0.667315	0.419355	0.0218212	0.585798	0.125255	0.699068	0.0648383	0.97837	0.0207913	1.17085	0.0699218	1.25793	0.0312007
0.272769	-0.796273	0.00487105	0.816607	1.38019	2.19811	0.300505	1.08808	0.559398	0.0660013	0.838345	-0.0305529	0.878914	0.182223	1.11823	0.0336645	0.144186	0.775696	0.419397	0.0264411	0.586033	0.149625	0.699189	0.0770337	0.978409	0.0248728	1.17098	0.0820683	1.25798	0.037292
0.271406	-0.795035	0.0063561	0.919422	1.37644	2.1976	0.302409	1.13621	0.559519	0.0758574	0.83829	-0.0340959	0.879248	0.208685	1.11829	0.0385399	0.145601	0.878251	0.419446	0.0312242	0.58631	0.17379	0.699331	0.0892302	0.978455	0.0289503	1.17113	0.0941667	1.25805	0.0434082
0.270053	-0.785873	0.00801148	1.01611	1.37269	2.19709	0.304386	1.17539	0.559657	0.0857892	0.838229	-0.0372204	0.879627	0.234743	1.11836	0.0434624	0.147186	0.974724	0.419503	0.0362097	0.586627	0.197731	0.699494	0.10149	0.978508	0.0330818	1.1713	0.106293	1.25813	0.0495124
0.268722	-0.771139	0.00982676	1.1066	1.36893	2.19655	0.306424	1.20843	0.559812	0.0957487	0.838163	-0.0398791	0.88005	0.260303	1.11844	0.0483554	0.148931	1.0651	0.419569	0.0413523	0.586985	0.221472	0.699678	0.113817	0.978568	0.0371974	1.17149	0.118351	1.25822	0.0556544
0.267419	-0.752379	0.0117912	1.19089	1.36518	2.19604	0.308513	1.23713	0.559984	0.105764	0.838093	-0.0420395	0.880516	0.285301	1.11853	0.0532512	0.150572	1.13883	0.419644	0.0467474	0.587383	0.244998	0.699883	0.126151	0.978635	0.041343	1.17171	0.130334	1.25832	0.0618104
0.266152	-0.730583	0.0138944	1.26909	1.36143	2.1955	0.310649	1.26258	0.560173	0.115827	0.838019	-0.0436985	0.881025	0.309795	1.11863	0.0581525	0.152056	1.198	0.419729	0.0523999	0.587822	0.268218	0.700109	0.138562	0.97871	0.045487	1.17194	0.142292	1.25843	0.0679941
0.264924	-0.706305	0.016126	1.34144	1.35768	2.19493	0.312826	1.28557	0.56038	0.125989	0.837943	-0.04485	0.881574	0.333711	1.11873	0.0630651	0.153337	1.2444	0.419823	0.0583194	0.5883	0.291136	0.700356	0.151067	0.978791	0.0496276	1.17219	0.154198	1.25855	0.0741715
0.263739	-0.680032	0.0184763	1.40826	1.35394	2.19434	0.31504	1.3066	0.560604	0.136221	0.837866	-0.0454817	0.882164	0.357094	1.11884	0.0679999	0.154385	1.27943	0.419928	0.0645255	0.588816	0.313759	0.700625	0.163634	0.978879	0.0538233	1.17246	0.166064	1.25869	0.080398
0.262601	-0.652122	0.0209361	1.46984	1.35019	2.19378	0.317289	1.326	0.560845	0.146535	0.837788	-0.045569	0.882794	0.379904	1.11896	0.0729177	0.155173	1.30442	0.420044	0.0710571	0.589371	0.33604	0.700915	0.176265	0.978975	0.0580674	1.17276	0.177848	1.25883	0.086661
0.261512	-0.622735	0.0234968	1.52648	1.34644	2.19321	0.319569	1.34408	0.561104	0.156949	0.83771	-0.0451864	0.883462	0.402124	1.11909	0.0778629	0.155685	1.31999	0.420171	0.0779301	0.589964	0.357947	0.701227	0.189022	0.979077	0.0622843	1.17307	0.189595	1.25898	0.0929349
0.260474	-0.592064	0.02615	1.57853	1.3427	2.19257	0.32188	1.36104	0.561381	0.167439	0.837634	-0.0442976	0.884167	0.423786	1.11923	0.0828632	0.156432	1.34167	0.42031	0.0851147	0.590594	0.379475	0.70156	0.201846	0.979187	0.066509	1.17341	0.201264	1.25915	0.0992307
0.25949	-0.560187	0.0288885	1.62635	1.33895	2.19198	0.324218	1.37701	0.561676	0.178019	0.837559	-0.0428912	0.88491	0.444887	1.11937	0.0878499	0.157257	1.36465	0.420462	0.0926748	0.59126	0.400619	0.701916	0.214744	0.979305	0.0708109	1.17376	0.212842	1.25932	0.10557
0.258561	-0.527197	0.0317051	1.67026	1.33521	2.19134	0.326583	1.39206	0.561989	0.188719	0.837487	-0.041007	0.885687	0.465486	1.11953	0.0928093	0.158402	1.39476	0.420627	0.100676	0.591962	0.421365	0.702294	0.227787	0.979429	0.0751437	1.17413	0.224361	1.25951	0.111936
0.257689	-0.493159	0.0345935	1.71059	1.33147	2.19069	0.328973	1.4063	0.562321	0.199534	0.837419	-0.0386624	0.886499	0.485575	1.11969	0.0978379	0.159885	1.431	0.420805	0.109004	0.592699	0.441625	0.702694	0.240937	0.979561	0.079476	1.17453	0.235823	1.2597	0.118353
0.256876	-0.458136	0.0375478	1.74761	1.32773	2.19008	0.331387	1.41981	0.562671	0.210454	0.837355	-0.0358921	0.887346	0.50514	1.11986	0.102881	0.161727	1.47239	0.420999	0.117735	0.593471	0.461469	0.703117	0.254175	0.979701	0.0838077	1.17494	0.247172	1.25991	0.124811
0.256124	-0.422137	0.0405627	1.7816	1.32399	2.1894	0.333823	1.43266	0.56304	0.221524	0.837296	-0.0327037	0.888225	0.524215	1.12004	0.107892	0.163954	1.5176	0.421208	0.126904	0.594276	0.480918	0.703562	0.267528	0.979847	0.0881999	1.17537	0.258418	1.26013	0.131289
0.255434	-0.385175	0.0436332	1.81288	1.32025	2.18873	0.33628	1.44485	0.563427	0.232707	0.837243	-0.0291123	0.889136	0.542804	1.12023	0.112961	0.166588	1.56539	0.421432	0.136512	0.595113	0.49982	0.704031	0.28105	0.980002	0.0926513	1.17582	0.269582	1.26036	0.137808
0.254808	-0.347278	0.0467549	1.84164	1.31651	2.18807	0.338758	1.45641	0.563834	0.243993	0.837197	-0.0251486	0.890079	0.560915	1.12043	0.118024	0.1693	1.60912	0.421674	0.146569	0.595983	0.51825	0.704522	0.29466	0.980164	0.0970971	1.17629	0.280643	1.2606	0.144409
0.254248	-0.308438	0.0499236	1.86807	1.31278	2.18736	0.341255	1.46742	0.564261	0.255423	0.837158	-0.0208113	0.891052	0.578631	1.12063	0.123135	0.172084	1.649	0.421933	0.157024	0.596883	0.536229	0.705037	0.308386	0.980334	0.101594	1.17678	0.291624	1.26085	0.151049
0.253755	-0.268641	0.0531355	1.89242	1.30904	2.18664	0.343446	1.47657	0.564707	0.267017	0.837126	-0.0160984	0.892055	0.595924	1.12085	0.128281	0.174933	1.68531	0.42221	0.16797	0.597814	0.55368	0.705576	0.322283	0.980511	0.10613	1.17729	0.302505	1.26112	0.157705
0.253331	-0.227858	0.0563874	1.91486	1.30531	2.18592	0.345324	1.48407	0.565173	0.278754	0.837103	-0.0111294	0.893088	0.612808	1.12107	0.133374	0.177841	1.71842	0.422507	0.179399	0.598775	0.570631	0.706138	0.336334	0.980696	0.110684	1.17781	0.313249	1.26139	0.164457
0.252977	-0.186096	0.059676	1.93553	1.30157	2.18518	0.346884	1.48999	0.565659	0.290651	0.837088	-0.00583405	0.894148	0.629305	1.1213	0.138546	0.180802	1.74853	0.422823	0.191301	0.599763	0.587075	0.706724	0.350509	0.980889	0.115274	1.17836	0.323905	1.26168	0.171274
0.252695	-0.143303	0.0629985	1.9546	1.29784	2.18443	0.348122	1.49464	0.566166	0.302685	0.837083	-0.000257318	0.895237	0.645401	1.12154	0.143751	0.183813	1.7759	0.42316	0.203654	0.60078	0.603004	0.707335	0.364808	0.98109	0.119934	1.17892	0.334445	1.26198	0.178099
0.252487	-0.0994373	0.0663522	1.97224	1.29411	2.18368	0.349034	1.49788	0.566693	0.314868	0.837087	0.00557267	0.896353	0.661187	1.12179	0.148963	0.186868	1.80073	0.423519	0.216475	0.601823	0.618396	0.70797	0.379291	0.981299	0.124611	1.1795	0.344816	1.26229	0.185002
0.252355	-0.0544798	0.069735	1.98852	1.29038	2.18292	0.349619	1.49991	0.567241	0.327225	0.837102	0.0116616	0.897495	0.676667	1.12205	0.154187	0.189964	1.82326	0.423899	0.229798	0.602892	0.633271	0.708631	0.393897	0.981515	0.129324	1.1801	0.355098	1.26261	0.191999
0.252301	-0.00832856	0.0731443	2.00357	1.28666	2.18214	0.350462	1.50294	0.567811	0.339744	0.837127	0.0179587	0.898664	0.691779	1.12232	0.159435	0.193096	1.84372	0.42425	0.241752	0.603986	0.647608	0.709316	0.408685	0.98174	0.134107	1.18071	0.365263	1.26294	0.198999
0.252327	0.0390956	0.0765785	2.0175	1.28293	2.18133	0.35138	1.50609	0.568402	0.352465	0.837163	0.0244868	0.899858	0.706527	1.1226	0.164732	0.196261	1.86219	0.424563	0.252249	0.605104	0.661425	0.710027	0.423653	0.981973	0.138906	1.18134	0.375255	1.26329	0.206128
0.252435	0.0878278	0.0800354	2.03039	1.27921	2.18051	0.352631	1.51016	0.569014	0.365341	0.83721	0.0312291	0.901077	0.721044	1.12288	0.170063	0.199456	1.87884	0.424833	0.261201	0.606245	0.67476	0.710763	0.438734	0.982215	0.143739	1.18199	0.385148	1.26365	0.213328
0.252627	0.138	0.0835136	2.04236	1.27548	2.17967	0.354218	1.51527	0.569649	0.378402	0.83727	0.038152	0.902321	0.735285	1.12318	0.175403	0.202679	1.89389	0.425052	0.268309	0.607409	0.687503	0.711525	0.453976	0.982464	0.148637	1.18266	0.394908	1.26402	0.220549
0.252906	0.18969	0.0870114	2.05343	1.27176	2.17887	0.356144	1.52124	0.570307	0.391649	0.837341	0.0451889	0.903589	0.749218	1.12348	0.180759	0.205925	1.90739	0.425218	0.273703	0.608594	0.699743	0.712314	0.469419	0.982723	0.153605	1.18334	0.40446	1.2644	0.227872
0.253222	0.236003	0.0905273	2.06368	1.26804	2.178	0.358413	1.52785	0.570987	0.405082	0.837424	0.0524536	0.90488	0.76291	1.1238	0.186148	0.209194	1.91946	0.425325	0.277193	0.609799	0.71147	0.713128	0.485014	0.982989	0.158589	1.18404	0.413908	1.26479	0.235274
0.253547	0.276577	0.0940602	2.07323	1.26432	2.17713	0.361029	1.53503	0.571691	0.418702	0.83752	0.0598643	0.906195	0.776304	1.12412	0.191602	0.212481	1.9302	0.425482	0.28219	0.611024	0.722668	0.71397	0.50073	0.983264	0.163606	1.18476	0.423211	1.2652	0.242776
0.253855	0.310878	0.0976088	2.08205	1.2606	2.17625	0.363656	1.54181	0.572417	0.432509	0.837629	0.0673813	0.907532	0.789473	1.12445	0.197063	0.215786	1.93975	0.425656	0.287724	0.612267	0.733365	0.714839	0.516626	0.983548	0.168687	1.18549	0.432344	1.26562	0.25035
0.254124	0.338531	0.101172	2.09023	1.25689	2.17536	0.366295	1.54814	0.573168	0.446505	0.83775	0.0750492	0.908891	0.802442	1.12479	0.202538	0.219107	1.94817	0.425898	0.295251	0.613529	0.743555	0.715735	0.532693	0.98384	0.173835	1.18623	0.441325	1.26606	0.258008
0.254337	0.359122	0.104748	2.09785	1.25317	2.17445	0.368944	1.55406	0.573942	0.460693	0.837885	0.0828332	0.910273	0.815133	1.12514	0.208102	0.222441	1.95548	0.426212	0.305034	0.614807	0.753225	0.716658	0.54892	0.984142	0.178994	1.18699	0.450127	1.26651	0.265773
0.25448	0.372535	0.108337	2.10492	1.24946	2.1735	0.371603	1.55959	0.574637	0.473264	0.838033	0.0907253	0.911675	0.827577	1.1255	0.213659	0.225786	1.96183	0.426607	0.317169	0.616101	0.762414	0.71761	0.56528	0.984452	0.184235	1.18777	0.458754	1.26697	0.273628
0.254694	0.391999	0.111474	2.11069	1.24575	2.17259	0.374271	1.5647	0.575245	0.484078	0.838195	0.0987101	0.913099	0.839837	1.12587	0.219264	0.229142	1.96726	0.42709	0.331638	0.617411	0.771135	0.718589	0.58178	0.984771	0.189517	1.18856	0.467219	1.26744	0.281537
0.25494	0.413338	0.114155	2.1153	1.24204	2.17163	0.376947	1.56943	0.575757	0.493079	0.83837	0.106818	0.914544	0.851915	1.12625	0.224902	0.232506	1.97177	0.42767	0.348727	0.618735	0.779355	0.719597	0.59844	0.985099	0.19482	1.18937	0.475545	1.26793	0.289556
0.255295	0.442956	0.116376	2.11887	1.23833	2.17064	0.379632	1.57374	0.576169	0.500235	0.83856	0.114987	0.916009	0.863752	1.12664	0.230545	0.235876	1.97545	0.428281	0.366341	0.620073	0.787128	0.720633	0.615232	0.985436	0.200227	1.19019	0.483654	1.26843	0.297733
0.255779	0.481153	0.118135	2.12163	1.23463	2.16966	0.382323	1.57769	0.576476	0.50544	0.838763	0.123278	0.917494	0.875357	1.12704	0.236261	0.239253	1.97838	0.428922	0.384402	0.621249	0.793552	0.721698	0.632164	0.985783	0.205655	1.19102	0.491577	1.26894	0.305977
0.25642	0.528647	0.11943	2.12363	1.23092	2.16869	0.38502	1.58131	0.576674	0.508925	0.838981	0.131627	0.918999	0.886804	1.12745	0.242059	0.242634	1.98052	0.429594	0.402903	0.62226	0.798794	0.722792	0.649192	0.986139	0.211125	1.19187	0.499376	1.26947	0.314295
0.257248	0.586073	0.120259	2.12489	1.22722	2.16766	0.387724	1.58451	0.576961	0.513975	0.839213	0.140031	0.920523	0.898062	1.12787	0.247837	0.246018	1.98196	0.430298	0.421934	0.6231	0.802876	0.723916	0.666349	0.986504	0.216681	1.19272	0.506927	1.27002	0.32276
0.258306	0.654459	0.121452	2.1266	1.22352	2.16661	0.390433	1.58732	0.577276	0.519266	0.839459	0.148544	0.922067	0.909127	1.12829	0.253636	0.249404	1.98274	0.431035	0.441447	0.623767	0.806028	0.725068	0.683639	0.986879	0.222283	1.1936	0.514292	1.27058	0.331333
0.259484	0.725576	0.122749	2.12834	1.21982	2.16555	0.393146	1.5898	0.57771	0.526644	0.83972	0.157088	0.923629	0.91999	1.12873	0.259539	0.25279	1.98289	0.431806	0.461385	0.62426	0.808255	0.726251	0.701011	0.987263	0.227917	1.19448	0.521469	1.27115	0.339999
0.260785	0.799482	0.124516	2.13073	1.21612	2.16449	0.395863	1.59198	0.578267	0.53603	0.839996	0.165697	0.925209	0.930635	1.12918	0.265465	0.256176	1.9824	0.432611	0.481816	0.624575	0.809717	0.727463	0.718484	0.987657	0.233612	1.19538	0.528458	1.27174	0.348789
0.262215	0.876206	0.126753	2.13365	1.21243	2.16342	0.398583	1.5938	0.578954	0.547462	0.840286	0.174373	0.926807	0.941155	1.12964	0.271435	0.259561	1.98129	0.433452	0.502709	0.62503	0.811729	0.728705	0.736037	0.988061	0.239371	1.19629	0.535255	1.27234	0.357702
0.263778	0.955608	0.129462	2.13698	1.20873	2.16232	0.401307	1.59525	0.579779	0.561087	0.840591	0.18312	0.928424	0.951487	1.13011	0.277434	0.262944	1.97966	0.434328	0.52402	0.625526	0.813766	0.729812	0.751356	0.988475	0.245193	1.19721	0.541855	1.27296	0.366738
0.265479	1.0375	0.132645	2.1406	1.20504	2.16119	0.404032	1.59637	0.580751	0.576833	0.840911	0.191886	0.930057	0.961627	1.13059	0.28349	0.266323	1.97748	0.435241	0.545786	0.626202	0.81659	0.730773	0.764466	0.988899	0.251081	1.19814	0.548245	1.27359	0.375896
0.267321	1.12149	0.136304	2.1445	1.20135	2.16004	0.406759	1.59718	0.581749	0.592815	0.841247	0.20069	0.931708	0.971631	1.13108	0.289596	0.269698	1.97471	0.436192	0.568028	0.627061	0.819955	0.731581	0.775289	0.989333	0.256975	1.19908	0.554402	1.27424	0.385175
0.269309	1.2071	0.13997	2.14812	1.19766	2.15892	0.409488	1.59767	0.582776	0.608977	0.841597	0.20957	0.933376	0.981425	1.13158	0.295743	0.273068	1.97151	0.437182	0.590663	0.628103	0.823896	0.732227	0.783956	0.989777	0.262945	1.20003	0.560402	1.27491	0.394571
0.271444	1.2937	0.143641	2.15142	1.19398	2.15773	0.412216	1.59786	0.58383	0.625322	0.841962	0.218478	0.93506	0.991048	1.13209	0.301971	0.276432	1.9678	0.43821	0.61371	0.629333	0.828242	0.732708	0.790235	0.990231	0.269004	1.20099	0.56615	1.27559	0.404079
0.273728	1.38051	0.147318	2.15449	1.19029	2.15653	0.414945	1.59774	0.584912	0.641913	0.842343	0.227442	0.936761	1.00051	1.13261	0.308236	0.279789	1.96359	0.439278	0.637181	0.630752	0.832846	0.733017	0.794206	0.990695	0.275118	1.20196	0.571702	1.27629	0.413748
0.27616	1.46672	0.151	2.15726	1.18661	2.15536	0.417674	1.59734	0.586022	0.658689	0.842739	0.236457	0.938478	1.00979	1.13314	0.314513	0.283139	1.95898	0.440386	0.661018	0.632178	0.83716	0.733464	0.800097	0.99117	0.281279	1.20295	0.577051	1.277	0.423554
0.278738	1.55143	0.154687	2.15979	1.18293	2.15413	0.420401	1.59661	0.587161	0.67565	0.843097	0.24431	0.94021	1.01893	1.13368	0.320879	0.286481	1.95389	0.441536	0.685255	0.633611	0.841174	0.733954	0.806508	0.991656	0.287473	1.20394	0.582177	1.27774	0.433445
0.281459	1.63377	0.158378	2.16211	1.17925	2.15285	0.423127	1.59566	0.58833	0.692766	0.843411	0.251023	0.941958	1.02792	1.13423	0.327295	0.289813	1.94841	0.442727	0.709877	0.635051	0.844884	0.734627	0.815128	0.992152	0.293734	1.20493	0.587106	1.27849	0.44351
0.284318	1.71301	0.162072	2.1642	1.17558	2.1516	0.425851	1.59441	0.589528	0.710082	0.843677	0.256577	0.943721	1.03669	1.1348	0.333753	0.293136	1.94254	0.44396	0.734847	0.636497	0.848286	0.735488	0.825995	0.992659	0.300065	1.20594	0.591827	1.27925	0.453675
0.28731	1.7884	0.16577	2.16611	1.1719	2.15032	0.428573	1.59288	0.590755	0.727593	0.843892	0.261019	0.945499	1.04531	1.13537	0.340292	0.296448	1.93626	0.445237	0.760176	0.637948	0.851473	0.736544	0.839185	0.993177	0.306475	1.20696	0.596316	1.28003	0.463975
0.290427	1.85944	0.169471	2.16781	1.16823	2.14901	0.431292	1.59113	0.592013	0.745293	0.844052	0.264359	0.947292	1.05382	1.13596	0.346872	0.299749	1.92966	0.446557	0.785809	0.639405	0.854397	0.737804	0.854694	0.993706	0.31292	1.20798	0.600589	1.28084	0.474425
0.293661	1.92578	0.173174	2.16931	1.16456	2.14769	0.434008	1.58911	0.593301	0.763118	0.844156	0.266381	0.949099	1.06212	1.13656	0.35353	0.303039	1.92267	0.447921	0.811749	0.640867	0.857066	0.739279	0.87239	0.994246	0.319433	1.20901	0.604679	1.28166	0.484986
0.297005	1.98724	0.17688	2.17061	1.1609	2.14635	0.43672	1.58689	0.594619	0.781099	0.844306	0.269341	0.950919	1.07024	1.13717	0.360225	0.306316	1.91534	0.449329	0.837965	0.642333	0.859546	0.740784	0.890089	0.994797	0.326023	1.21004	0.608526	1.28249	0.495709
0.300449	2.04372	0.180588	2.17176	1.15723	2.14497	0.439428	1.58449	0.595969	0.799282	0.844471	0.272686	0.952517	1.0772	1.13779	0.36699	0.309581	1.90777	0.450783	0.864475	0.643803	0.861869	0.742319	0.90776	0.99536	0.332641	1.21109	0.612196	1.28335	0.506508
0.303985	2.09527	0.184298	2.17277	1.15357	2.14358	0.442132	1.58183	0.597349	0.817566	0.844699	0.277103	0.953888	1.08307	1.13842	0.373835	0.312833	1.89988	0.452282	0.891224	0.645276	0.864052	0.743885	0.925323	0.995933	0.339314	1.21213	0.615637	1.28422	0.517459
0.307605	2.14218	0.18801	2.17361	1.14991	2.14221	0.444831	1.57895	0.598761	0.835993	0.844993	0.282755	0.955027	1.08787	1.13907	0.380717	0.31607	1.89172	0.453827	0.918155	0.646754	0.866072	0.74548	0.942802	0.996519	0.3461	1.21319	0.618866	1.28512	0.528529
0.311302	2.18464	0.191722	2.17428	1.14625	2.14076	0.447525	1.57593	0.600205	0.854554	0.845356	0.28956	0.955931	1.09152	1.13972	0.38767	0.319294	1.88337	0.455418	0.945332	0.648235	0.867948	0.747105	0.960207	0.997038	0.352012	1.21425	0.621919	1.28603	0.539711
0.315067	2.22286	0.195436	2.17483	1.1426	2.1393	0.450214	1.57275	0.60168	0.873243	0.845793	0.297592	0.956597	1.09426	1.14039	0.394706	0.322503	1.87476	0.457056	0.972662	0.649718	0.869753	0.74876	0.977514	0.997488	0.357133	1.21531	0.624745	1.28696	0.551058
0.318895	2.25726	0.199151	2.17523	1.13895	2.13787	0.452897	1.56943	0.603188	0.891996	0.846309	0.30687	0.957025	1.09601	1.14107	0.401783	0.325698	1.86598	0.458741	1.00013	0.651205	0.87146	0.750444	0.994679	0.997865	0.361393	1.21638	0.627426	1.28791	0.562486
0.322777	2.28817	0.202866	2.1755	1.1353	2.13635	0.455575	1.56594	0.604727	0.910844	0.846841	0.316183	0.95764	1.09848	1.14176	0.408942	0.328877	1.85703	0.460472	1.02773	0.652695	0.873119	0.752157	1.01171	0.998166	0.364651	1.21746	0.629878	1.28888	0.574015
0.32671	2.31582	0.206582	2.17563	1.13165	2.13482	0.458246	1.56234	0.606299	0.929801	0.847389	0.325482	0.958311	1.10115	1.14247	0.416204	0.332041	1.84795	0.462251	1.05543	0.654188	0.874753	0.753899	1.02858	0.998389	0.367226	1.21853	0.63212	1.28987	0.585681
0.330687	2.34054	0.210297	2.17563	1.128	2.13329	0.460911	1.55865	0.607903	0.948781	0.847953	0.334836	0.959226	1.10469	1.14318	0.423485	0.335189	1.83876	0.464077	1.08314	0.655683	0.876343	0.75567	1.04528	0.998533	0.368914	1.21961	0.634253	1.29088	0.597439
0.334705	2.36265	0.214013	2.17551	1.12436	2.13173	0.46357	1.55486	0.609539	0.967865	0.848533	0.344248	0.960387	1.10921	1.14391	0.430866	0.338321	1.8295	0.465951	1.11087	0.657181	0.877943	0.75747	1.0618	0.998741	0.371157	1.2207	0.636166	1.29191	0.609256
0.338757	2.3824	0.217728	2.17526	1.12072	2.13015	0.466222	1.55101	0.611209	0.986971	0.849129	0.353628	0.961798	1.1145	1.14466	0.438325	0.341438	1.82022	0.467871	1.13859	0.658682	0.879517	0.759297	1.07817	0.998968	0.373599	1.22179	0.637888	1.29296	0.621191
0.342842	2.40005	0.221443	2.17495	1.11709	2.12853	0.468867	1.54711	0.612911	1.00606	0.849741	0.363084	0.963461	1.12062	1.14531	0.444863	0.344539	1.81091	0.46984	1.16629	0.660185	0.881171	0.761152	1.09431	0.999279	0.377037	1.22288	0.639474	1.29403	0.633237
0.346955	2.41574	0.225157	2.17449	1.11345	2.12691	0.471506	1.54317	0.614645	1.02516	0.850369	0.372579	0.965381	1.12753	1.14588	0.450561	0.347623	1.80158	0.471855	1.19391	0.661691	0.882864	0.763035	1.11018	0.999677	0.381393	1.22397	0.640914	1.29512	0.645382
0.351093	2.42969	0.22887	2.17392	1.10982	2.12527	0.474138	1.53923	0.616412	1.04428	0.851013	0.382092	0.967312	1.13426	1.14636	0.455225	0.350692	1.79234	0.473918	1.22137	0.663201	0.884577	0.764944	1.12589	1.00016	0.386677	1.22507	0.642183	1.29624	0.657539
0.355254	2.4421	0.232582	2.17326	1.10619	2.12355	0.476764	1.5353	0.618212	1.06337	0.851674	0.391615	0.969255	1.14085	1.14674	0.458853	0.353745	1.78313	0.476027	1.24869	0.664713	0.886393	0.766881	1.14135	1.00074	0.392972	1.22617	0.643298	1.29737	0.669783
0.359435	2.45311	0.236293	2.17247	1.10257	2.12184	0.479382	1.53145	0.620044	1.08242	0.852351	0.401174	0.971209	1.14721	1.14702	0.461799	0.356783	1.77408	0.478183	1.27584	0.666228	0.888292	0.768843	1.15654	1.00142	0.400229	1.22726	0.64429	1.29853	0.682139
0.363633	2.46285	0.240003	2.17157	1.09895	2.12015	0.481995	1.52761	0.621909	1.10141	0.853044	0.410813	0.973174	1.15345	1.1472	0.463545	0.359805	1.76518	0.480385	1.30276	0.667747	0.890324	0.770831	1.1715	1.00211	0.40751	1.22822	0.645076	1.2997	0.694469
0.367847	2.47147	0.24371	2.1706	1.09533	2.11838	0.4846	1.52383	0.623806	1.12032	0.853754	0.420461	0.975149	1.15957	1.14746	0.465937	0.362812	1.75643	0.482632	1.3294	0.669269	0.892455	0.772844	1.1862	1.00281	0.414895	1.22904	0.645681	1.3009	0.706874
0.372075	2.479	0.247417	2.16956	1.09171	2.11658	0.487199	1.52018	0.625736	1.13915	0.85448	0.430144	0.977134	1.16545	1.14774	0.468798	0.365804	1.74788	0.484925	1.35572	0.670795	0.894696	0.774883	1.2006	1.00353	0.422333	1.22972	0.646054	1.30212	0.719366
0.376314	2.48558	0.251121	2.16839	1.0881	2.11477	0.489793	1.51662	0.627697	1.15785	0.855223	0.439844	0.97913	1.17121	1.14813	0.472604	0.368782	1.73958	0.487263	1.38176	0.672325	0.897117	0.776945	1.21473	1.00426	0.429827	1.23026	0.646405	1.30335	0.731846
0.380565	2.49125	0.254823	2.16709	1.08449	2.11294	0.49238	1.51323	0.629691	1.17643	0.855983	0.449585	0.981135	1.17681	1.14863	0.477456	0.371746	1.73153	0.489645	1.40744	0.67386	0.899658	0.779032	1.22858	1.005	0.437413	1.23065	0.646705	1.30461	0.744302
0.384824	2.49613	0.258523	2.16576	1.08088	2.11109	0.494961	1.51002	0.631716	1.19487	0.856759	0.459376	0.983149	1.18218	1.14924	0.48332	0.374696	1.72376	0.49207	1.43266	0.675398	0.902321	0.781142	1.24213	1.00575	0.445074	1.2309	0.646797	1.30573	0.755201
0.389091	2.50027	0.262221	2.16435	1.07728	2.10917	0.497537	1.50699	0.633772	1.21314	0.857552	0.469224	0.985173	1.18743	1.14997	0.490272	0.377634	1.71635	0.494539	1.45746	0.676942	0.905201	0.783274	1.25543	1.00652	0.452774	1.23127	0.646861	1.30669	0.764571
0.393364	2.50368	0.265916	2.16281	1.07368	2.10725	0.500109	1.50417	0.635859	1.23124	0.858362	0.479069	0.987205	1.19253	1.15081	0.498386	0.380559	1.70927	0.497049	1.48184	0.67849	0.908281	0.78543	1.2684	1.0073	0.460523	1.23166	0.647034	1.3075	0.772231
0.397642	2.50643	0.269608	2.16118	1.07008	2.10534	0.502675	1.50162	0.637977	1.24918	0.859188	0.488944	0.989246	1.19744	1.15167	0.506528	0.383472	1.70251	0.4996	1.50573	0.680044	0.911492	0.787607	1.28107	1.00809	0.468391	1.2322	0.647321	1.30814	0.778247
0.401925	2.50855	0.273297	2.15946	1.06648	2.10336	0.505238	1.49932	0.640126	1.26687	0.860032	0.498926	0.991295	1.20218	1.15254	0.514777	0.386374	1.69613	0.502192	1.52906	0.681603	0.914893	0.789805	1.29344	1.0089	0.476317	1.23288	0.647596	1.30862	0.782775
0.406211	2.5101	0.276984	2.15767	1.06289	2.10133	0.507796	1.49734	0.642305	1.28433	0.860892	0.5089	0.993352	1.20678	1.15343	0.523111	0.389265	1.69021	0.504823	1.5519	0.683169	0.918512	0.792025	1.30548	1.00972	0.484273	1.2337	0.647841	1.30893	0.785642
0.410499	2.51104	0.280667	2.15582	1.05931	2.09931	0.510352	1.49567	0.644513	1.30156	0.86177	0.518901	0.995417	1.21115	1.15433	0.531518	0.392147	1.68469	0.507492	1.57419	0.684741	0.922333	0.794264	1.31725	1.01055	0.492336	1.23466	0.648109	1.30937	0.789721
0.414787	2.51141	0.284347	2.1539	1.05572	2.09725	0.512905	1.49433	0.64675	1.31857	0.862665	0.529008	0.997489	1.21538	1.15524	0.540086	0.39502	1.67957	0.5102	1.59585	0.686319	0.926349	0.796524	1.32871	1.0114	0.500484	1.23577	0.648331	1.30985	0.794224
0.419077	2.51132	0.288024	2.15186	1.05214	2.09517	0.515456	1.49339	0.649017	1.33527	0.863577	0.539107	0.999568	1.21948	1.15617	0.548672	0.397884	1.67491	0.512943	1.61696	0.687905	0.930585	0.798803	1.33982	1.01226	0.508675	1.23688	0.648504	1.31051	0.800285
0.423365	2.51065	0.291697	2.14973	1.04857	2.09305	0.518006	1.49282	0.651311	1.35171	0.864506	0.549263	1.00165	1.22335	1.15712	0.55736	0.400741	1.67069	0.515723	1.63742	0.689498	0.935024	0.8011	1.35061	1.01314	0.516948	1.23799	0.648621	1.31136	0.807898
0.427652	2.50945	0.295367	2.14755	1.04499	2.09086	0.520555	1.4927	0.653634	1.36788	0.865453	0.559479	1.00375	1.22708	1.15808	0.566192	0.40359	1.66694	0.518536	1.65727	0.691098	0.939689	0.803416	1.36114	1.01403	0.525263	1.23909	0.64868	1.31239	0.817148
0.431937	2.50777	0.299033	2.14531	1.04143	2.0887	0.523104	1.49303	0.655983	1.3837	0.866417	0.569725	1.00585	1.23062	1.15905	0.575095	0.406434	1.66367	0.521383	1.67652	0.692707	0.944559	0.80575	1.37136	1.01493	0.533692	1.2402	0.648771	1.31361	0.828006
0.436218	2.50557	0.302695	2.14298	1.03786	2.0865	0.525655	1.49389	0.65836	1.39919	0.867399	0.580016	1.00795	1.234	1.16004	0.584066	0.409273	1.66089	0.524263	1.69508	0.694325	0.949687	0.8081	1.38124	1.01585	0.542208	1.24131	0.648755	1.31504	0.840378
0.440495	2.50282	0.306352	2.14055	1.0343	2.08425	0.528207	1.49524	0.660762	1.4144	0.868398	0.590362	1.01006	1.2372	1.16104	0.593132	0.412107	1.65854	0.527173	1.713	0.695951	0.955037	0.810467	1.39082	1.01678	0.550769	1.24242	0.648747	1.31648	0.852661
0.444767	2.49953	0.310006	2.13807	1.03074	2.082	0.530762	1.49709	0.663191	1.42924	0.869415	0.600796	1.01218	1.24023	1.16207	0.602339	0.414938	1.65666	0.530114	1.73025	0.697587	0.96059	0.812851	1.40009	1.01773	0.559382	1.24353	0.648774	1.31795	0.864931
0.449032	2.49575	0.313655	2.1355	1.02719	2.07965	0.533321	1.49953	0.665644	1.44375	0.87045	0.611244	1.0143	1.24311	1.1631	0.611646	0.417766	1.65528	0.533083	1.74687	0.699232	0.966399	0.81525	1.40907	1.01869	0.568114	1.24463	0.648756	1.31944	0.877133
0.453291	2.49145	0.3173	2.13288	1.02364	2.0773	0.535884	1.50264	0.668122	1.45794	0.871503	0.62176	1.01642	1.24578	1.16415	0.621036	0.420592	1.65438	0.53608	1.76279	0.700888	0.972399	0.817664	1.41773	1.01967	0.576938	1.24574	0.648748	1.32094	0.889238
0.457542	2.48654	0.32094	2.13021	1.02009	2.07496	0.538453	1.50637	0.670624	1.47175	0.872574	0.632342	1.01855	1.24829	1.16522	0.630528	0.423417	1.65389	0.539104	1.77805	0.702554	0.97868	0.820092	1.42609	1.02066	0.585775	1.24685	0.648743	1.32247	0.901294
0.461784	2.48103	0.324576	2.12745	1.01655	2.07256	0.541029	1.51073	0.673149	1.48519	0.873663	0.642956	1.02069	1.25067	1.16631	0.640133	0.426241	1.6539	0.542153	1.79268	0.704231	0.985194	0.822535	1.43416	1.02167	0.594713	1.24796	0.648772	1.32402	0.913234
0.466017	2.47492	0.328207	2.12461	1.01301	2.07012	0.543613	1.5158	0.675697	1.49822	0.87477	0.653618	1.02282	1.25281	1.16741	0.649826	0.429066	1.65434	0.545227	1.80661	0.705919	0.991917	0.824991	1.44195	1.02269	0.603762	1.24906	0.648848	1.32559	0.925054
0.470238	2.46822	0.331833	2.12174	1.00948	2.06766	0.546206	1.52164	0.678267	1.51093	0.875896	0.664365	1.02497	1.25478	1.16853	0.659624	0.431892	1.6552	0.548324	1.8199	0.707619	0.9989	0.82746	1.4494	1.02373	0.612867	1.25017	0.648948	1.32718	0.936783
0.474447	2.46085	0.335454	2.11879	1.00595	2.06514	0.548811	1.52824	0.680858	1.52325	0.877039	0.675186	1.02711	1.25663	1.16966	0.669506	0.434719	1.6565	0.551443	1.83251	0.709331	1.00611	0.829941	1.45659	1.02479	0.622032	1.25128	0.649091	1.32879	0.948435
0.478643	2.45279	0.33907	2.11574	1.00243	2.06259	0.551426	1.53566	0.683469	1.53514	0.878202	0.686044	1.02926	1.25827	1.17081	0.679492	0.43755	1.65821	0.554583	1.84448	0.711055	1.01358	0.832435	1.46353	1.02586	0.631287	1.25239	0.649287	1.33042	0.959955
0.482825	2.44403	0.342681	2.11269	0.998905	2.06002	0.554056	1.54395	0.686101	1.54672	0.879383	0.696951	1.03141	1.25977	1.17198	0.689623	0.440383	1.66036	0.557743	1.85585	0.712793	1.02127	0.83494	1.47016	1.02694	0.64062	1.2535	0.649508	1.33207	0.971318
0.486991	2.43452	0.346286	2.10959	0.995389	2.05741	0.5567	1.55308	0.688753	1.55789	0.880582	0.707944	1.03356	1.26108	1.17317	0.699857	0.443221	1.66286	0.560922	1.86658	0.714543	1.02918	0.837456	1.47644	1.02805	0.650052	1.25461	0.649804	1.33374	0.98257
0.49114	2.42425	0.349886	2.10637	0.991878	2.05475	0.559361	1.56315	0.691422	1.56865	0.881801	0.719012	1.03571	1.26219	1.17437	0.710143	0.446063	1.66575	0.564119	1.87665	0.716308	1.03737	0.839983	1.48249	1.02916	0.659597	1.25572	0.650169	1.33543	0.993706
0.495272	2.41317	0.353481	2.10312	0.988371	2.05208	0.562039	1.57419	0.69411	1.57901	0.883038	0.730117	1.03787	1.26319	1.1756	0.720548	0.44891	1.66899	0.567332	1.88608	0.718087	1.0458	0.84252	1.4883	1.0303	0.669166	1.25683	0.650599	1.33713	1.00472
0.499383	2.40122	0.35707	2.09985	0.984869	2.04939	0.564738	1.58624	0.696816	1.58902	0.884295	0.741303	1.04003	1.26399	1.17684	0.731073	0.451764	1.67259	0.570561	1.89495	0.71988	1.05444	0.845067	1.49384	1.03145	0.67881	1.25794	0.651093	1.33886	1.01558
0.503473	2.38844	0.360653	2.09652	0.981371	2.04663	0.567457	1.5993	0.699538	1.59866	0.88557	0.75256	1.04219	1.26461	1.17809	0.74166	0.454623	1.67656	0.573805	1.90318	0.721688	1.06337	0.847623	1.49908	1.03262	0.688554	1.25905	0.651649	1.3406	1.02627
0.507541	2.37475	0.364231	2.09315	0.977878	2.04382	0.5702	1.61344	0.702276	1.60785	0.886865	0.763883	1.04435	1.26508	1.17937	0.7524	0.45749	1.68083	0.577062	1.91083	0.723512	1.07251	0.850187	1.50403	1.0338	0.698377	1.26017	0.652299	1.34236	1.03685
0.511585	2.3601	0.367803	2.08973	0.97439	2.041	0.572968	1.62864	0.70503	1.61669	0.888179	0.775301	1.04651	1.2654	1.18066	0.763218	0.460365	1.68538	0.580332	1.9179	0.725352	1.08188	0.85276	1.50876	1.035	0.708334	1.26128	0.653026	1.34414	1.04728
0.515602	2.34454	0.371369	2.08626	0.970907	2.03813	0.575763	1.64495	0.707798	1.62516	0.889513	0.786767	1.04867	1.26556	1.18198	0.774074	0.463247	1.69022	0.583613	1.92441	0.727207	1.09154	0.85534	1.51323	1.03622	0.718326	1.2624	0.653854	1.34594	1.05751
0.519593	2.32801	0.374929	2.08275	0.967429	2.03525	0.578587	1.66241	0.710581	1.63326	0.890867	0.798319	1.05083	1.26555	1.18331	0.785073	0.466138	1.69537	0.586905	1.93033	0.72908	1.10142	0.857928	1.51741	1.03746	0.728367	1.26351	0.654732	1.34776	1.06763
0.523554	2.31052	0.378483	2.07921	0.963955	2.03233	0.581441	1.68102	0.713377	1.64097	0.89224	0.809913	1.05299	1.26539	1.18466	0.796174	0.469038	1.70076	0.590206	1.9357	0.73097	1.11153	0.860523	1.52139	1.03871	0.738557	1.26463	0.655728	1.34959	1.07759
0.527485	2.29205	0.382031	2.07564	0.960487	2.02934	0.584329	1.70072	0.716186	1.64829	0.893633	0.821591	1.05515	1.26506	1.18603	0.807358	0.471947	1.7064	0.593516	1.94052	0.732877	1.12188	0.863125	1.52512	1.03998	0.748789	1.26575	0.656814	1.35144	1.08736
0.531383	2.27261	0.385572	2.07206	0.957024	2.02633	0.58725	1.72156	0.719007	1.65526	0.895046	0.833373	1.05731	1.26462	1.18741	0.818614	0.474866	1.71228	0.596834	1.94479	0.734801	1.1325	0.865733	1.52856	1.04127	0.759105	1.26688	0.657976	1.3533	1.09701
0.535247	2.25227	0.389108	2.06845	0.953566	2.02328	0.590209	1.74353	0.72184	1.66184	0.89648	0.845206	1.05947	1.26403	1.18882	0.829968	0.477796	1.71837	0.600159	1.94856	0.736745	1.14335	0.868346	1.53179	1.04257	0.769555	1.268	0.659238	1.35518	1.10648
0.539076	2.23108	0.392637	2.06478	0.950113	2.02021	0.593206	1.76649	0.724683	1.6681	0.897933	0.857127	1.06163	1.26324	1.19025	0.841401	0.480735	1.72464	0.60349	1.95178	0.738707	1.15444	0.870965	1.53477	1.0439	0.780011	1.26913	0.660581	1.35708	1.1158
0.542868	2.20903	0.396161	2.06112	0.946665	2.0171	0.596242	1.7905	0.727537	1.67401	0.899407	0.869092	1.06379	1.26235	1.1917	0.852875	0.483686	1.73112	0.606826	1.95451	0.740688	1.16577	0.873588	1.53753	1.04524	0.790594	1.27026	0.662057	1.359	1.12494
0.546621	2.18619	0.399678	2.05744	0.943223	2.01392	0.599321	1.81545	0.730401	1.67954	0.900902	0.881171	1.06594	1.26134	1.19316	0.864461	0.486648	1.73776	0.610166	1.9567	0.742689	1.17735	0.876216	1.54009	1.0466	0.80127	1.27139	0.6636	1.36092	1.13391
0.550335	2.16272	0.403188	2.05374	0.939787	2.01071	0.602443	1.8412	0.733274	1.68472	0.902417	0.89334	1.0681	1.26019	1.19465	0.876135	0.489622	1.74458	0.613509	1.95845	0.744709	1.18917	0.878849	1.54239	1.04797	0.811963	1.27252	0.665207	1.36287	1.14273
0.554008	2.13871	0.406692	2.05006	0.936355	2.00746	0.60561	1.86769	0.736155	1.68957	0.903953	0.905521	1.07025	1.25891	1.19616	0.887853	0.492607	1.75152	0.616855	1.9597	0.74675	1.20121	0.881485	1.5445	1.04937	0.822788	1.27366	0.66697	1.36483	1.15141
0.55764	2.11422	0.41019	2.04637	0.93293	2.00418	0.608823	1.8948	0.739045	1.6941	0.90551	0.917832	1.0724	1.25749	1.19768	0.899592	0.495604	1.75858	0.620203	1.96044	0.748812	1.21355	0.884124	1.54639	1.05078	0.833709	1.2748	0.668811	1.3668	1.1599
0.56123	2.08945	0.413682	2.04266	0.92951	2.0009	0.612082	1.92238	0.741942	1.69831	0.907088	0.930209	1.07454	1.25597	1.19923	0.911435	0.498614	1.76579	0.623551	1.96079	0.750895	1.22606	0.886767	1.54801	1.05222	0.844679	1.27595	0.670722	1.36879	1.16819
0.564777	2.06456	0.417167	2.03895	0.926095	1.99755	0.615389	1.95031	0.744846	1.70221	0.908687	0.94265	1.07669	1.25435	1.20079	0.92333	0.501636	1.77311	0.6269	1.96062	0.753	1.23878	0.889412	1.54948	1.05367	0.855704	1.27709	0.672761	1.37079	1.17637
0.568281	2.03964	0.420646	2.03527	0.922687	1.99413	0.618744	1.97842	0.747756	1.70577	0.910308	0.955184	1.07883	1.25261	1.20238	0.935251	0.50467	1.78048	0.630248	1.96001	0.755127	1.2518	0.892059	1.55077	1.05514	0.866819	1.27824	0.674894	1.37281	1.18438
0.571743	2.01483	0.424119	2.03157	0.919284	1.99069	0.622147	2.00656	0.750672	1.70901	0.91195	0.967765	1.08097	1.25078	1.20399	0.947216	0.507717	1.78795	0.633595	1.95899	0.757276	1.26502	0.894709	1.55181	1.05663	0.87804	1.2794	0.677106	1.37484	1.1922
0.575163	1.99035	0.427586	2.0279	0.915887	1.98722	0.625597	2.03452	0.753593	1.71199	0.913613	0.980431	1.0831	1.24888	1.20562	0.959203	0.510777	1.79552	0.636939	1.95749	0.759448	1.27848	0.89736	1.55268	1.05814	0.889314	1.28056	0.679419	1.37688	1.19985
0.578542	1.96632	0.431046	2.0243	0.912496	1.9837	0.629096	2.06219	0.75652	1.71465	0.915299	0.993202	1.08523	1.24687	1.20727	0.971232	0.51385	1.80311	0.640281	1.95563	0.761643	1.29213	0.900012	1.55332	1.05967	0.900647	1.28172	0.681814	1.37893	1.20736
0.58188	1.94289	0.4345	2.02067	0.909112	1.98017	0.632641	2.08945	0.75945	1.71704	0.917006	1.00603	1.08736	1.24475	1.20893	0.983281	0.516936	1.81074	0.643619	1.95336	0.763861	1.30599	0.902665	1.55383	1.06121	0.912069	1.28289	0.684311	1.381	1.21471
0.585178	1.92015	0.437948	2.01706	0.905733	1.97658	0.636233	2.11611	0.762384	1.71916	0.918735	1.01887	1.08948	1.24258	1.21062	0.995372	0.520035	1.8184	0.646953	1.95065	0.766103	1.3201	0.905319	1.55415	1.06278	0.923538	1.28406	0.686952	1.38308	1.22191
0.588438	1.89823	0.441389	2.01349	0.90236	1.97293	0.639869	2.14204	0.765322	1.72099	0.920486	1.03183	1.0916	1.24035	1.21233	1.00745	0.523147	1.82612	0.650282	1.94757	0.76837	1.33436	0.907974	1.55428	1.06437	0.93506	1.28523	0.689635	1.38518	1.22894
0.591662	1.87724	0.444825	2.00998	0.898994	1.96927	0.643549	2.16717	0.768263	1.72256	0.922259	1.04487	1.09372	1.23809	1.21407	1.01953	0.526272	1.83386	0.653605	1.94413	0.770661	1.34883	0.910628	1.55428	1.06598	0.94667	1.28641	0.6924	1.38728	1.23577
0.59485	1.85724	0.448255	2.00648	0.895634	1.96556	0.647271	2.1914	0.771206	1.7239	0.924055	1.05795	1.09583	1.23575	1.21582	1.0316	0.529411	1.84156	0.656922	1.94034	0.772977	1.36356	0.913282	1.55406	1.0676	0.958356	1.2876	0.695268	1.3894	1.24247
0.598005	1.8383	0.451678	2.00304	0.89228	1.96179	0.651034	2.21463	0.774151	1.72501	0.925873	1.07108	1.09794	1.23335	1.21759	1.04364	0.532563	1.84925	0.660233	1.93616	0.775319	1.37841	0.915936	1.55371	1.06925	0.970079	1.28879	0.698218	1.39153	1.24903
0.601129	1.8205	0.455096	1.99964	0.888933	1.95802	0.654836	2.23686	0.777098	1.72584	0.927713	1.08427	1.10004	1.23097	1.21938	1.0557	0.535727	1.85696	0.663535	1.93165	0.777685	1.39339	0.918589	1.55322	1.07092	0.981822	1.28998	0.701272	1.39366	1.25541
0.604224	1.80381	0.458509	1.99624	0.885592	1.9542	0.658674	2.25803	0.780046	1.72647	0.929576	1.09752	1.10215	1.22851	1.22119	1.06773	0.538905	1.86466	0.66683	1.92686	0.780078	1.40858	0.921242	1.55254	1.0726	0.993635	1.29118	0.704439	1.39581	1.26167
0.60729	1.78821	0.461915	1.99296	0.882258	1.95034	0.662548	2.27806	0.782995	1.72691	0.931462	1.11086	1.10424	1.22604	1.22303	1.07969	0.542096	1.87228	0.670117	1.92174	0.782497	1.42395	0.923892	1.55177	1.07431	1.00552	1.29239	0.707694	1.39797	1.26773
0.610332	1.77383	0.465316	1.98971	0.878931	1.94645	0.666456	2.29699	0.785944	1.72713	0.933371	1.12422	1.10633	1.22357	1.22488	1.09164	0.5453	1.8799	0.673394	1.9163	0.784942	1.4394	0.926542	1.55086	1.07604	1.01743	1.2936	0.710993	1.40014	1.27071
0.613349	1.76053	0.468711	1.98651	0.87561	1.94251	0.670394	2.31484	0.788894	1.72714	0.935302	1.13758	1.10842	1.22109	1.22676	1.10353	0.548517	1.88749	0.676662	1.91061	0.787413	1.45502	0.92919	1.54979	1.07779	1.02939	1.29482	0.714376		
0.616345	1.74835	0.472101	1.98339	0.872296	1.93853	0.674362	2.33156	0.791844	1.72697	0.937256	1.15104	1.1105	1.21865	1.22865	1.11536	0.551747	1.89499	0.67992	1.90464	0.789911	1.47075	0.931835	1.54863	1.07955	1.04138	1.29604	0.717862		
0.619321	1.73721	0.475486	1.98029	0.868989	1.93452	0.678358	2.34723	0.794793	1.7266	0.939234	1.16452	1.11258	1.21616	1.23057	1.12712	0.55499	1.90243	0.683168	1.89841	0.792437	1.48654	0.934479	1.54734	1.08134	1.05337	1.29727	0.721463		
0.622279	1.72712	0.478865	1.97731	0.865688	1.93047	0.68238	2.3619	0.797741	1.72611	0.941234	1.178	1.11466	1.21371	1.2325	1.13879	0.558245	1.90983	0.686405	1.89198	0.794989	1.50242	0.937121	1.54595	1.08315	1.06538	1.2985	0.72512		
0.62522	1.71806	0.482239	1.97437	0.862395	1.9264	0.686425	2.37552	0.800689	1.72549	0.943257	1.19153	1.11673	1.2113	1.23446	1.15044	0.561513	1.91715	0.68963	1.88533	0.797568	1.51841	0.93976	1.54445	1.08498	1.07744	1.29975	0.728836		
0.628147	1.7099	0.485609	1.9715	0.859108	1.92227	0.690493	2.38818	0.803635	1.72472	0.945304	1.20506	1.1188	1.20896	1.23643	1.16196	0.564794	1.92437	0.692844	1.87847	0.800175	1.53442	0.942396	1.54287	1.08683	1.08954	1.30099	0.732675		
0.631061	1.70264	0.488973	1.96871	0.855829	1.9181	0.694583	2.39993	0.80658	1.72377	0.947373	1.21864	1.12086	1.20664	1.23843	1.17339	0.568086	1.93154	0.696047	1.87149	0.802809	1.55047	0.945029	1.54121	1.0887	1.1016	1.30225	0.736576		
0.633963	1.69625	0.492333	1.96595	0.852557	1.91391	0.698691	2.41075	0.809523	1.72274	0.949466	1.23221	1.12292	1.20434	1.24044	1.18473	0.571391	1.93862	0.699237	1.86431	0.805471	1.56654	0.94766	1.53945	1.09059	1.11369	1.30351	0.740538		
0.636854	1.69067	0.495688	1.96333	0.849292	1.90968	0.702817	2.42075	0.812464	1.72164	0.951582	1.24577	1.12497	1.20213	1.24247	1.19591	0.574708	1.9456	0.702414	1.85698	0.80816	1.58259	0.950288	1.53761	1.09251	1.12577	1.30478	0.744623		
0.639737	1.68584	0.499039	1.96075	0.846034	1.90543	0.706959	2.42989	0.815403	1.72044	0.953721	1.25933	1.12702	1.20001	1.24452	1.20701	0.578037	1.95249	0.705579	1.84954	0.810877	1.59867	0.952912	1.53573	1.09444	1.13785	1.30605	0.748771		
0.642613	1.68175	0.502386	1.95823	0.842784	1.90113	0.711116	2.4383	0.81834	1.71916	0.955884	1.27286	1.12907	1.19792	1.24659	1.21801	0.581377	1.95928	0.708732	1.84204	0.813621	1.61466	0.955533	1.53383	1.09639	1.14992	1.30734	0.75298		
0.645482	1.67829	0.505728	1.95582	0.83954	1.89681	0.715288	2.44597	0.821275	1.71784	0.958069	1.2864	1.13111	1.19592	1.24868	1.22886	0.584729	1.96599	0.711871	1.83445	0.816392	1.63061	0.958151	1.53183	1.09837	1.16196	1.30862	0.757282		
0.648345	1.67547	0.509066	1.95347	0.836305	1.89245	0.719471	2.45293	0.824208	1.71646	0.960277	1.29995	1.13315	1.19402	1.25079	1.23958	0.588092	1.97256	0.714998	1.82679	0.81919	1.64648	0.960765	1.52981	1.10036	1.17399	1.30992	0.761662		
0.651204	1.67326	0.5124	1.95121	0.833076	1.88804	0.723666	2.45926	0.827138	1.71503	0.962509	1.31341	1.13519	1.19224	1.25292	1.25014	0.591466	1.97903	0.718111	1.81912	0.822016	1.66224	0.963376	1.52778	1.10238	1.18594	1.31123	0.766111		
0.65406	1.67153	0.515731	1.94903	0.829856	1.88363	0.727871	2.4649	0.830066	1.71364	0.964764	1.32679	1.13723	1.19054	1.25506	1.26056	0.594852	1.98543	0.721211	1.81139	0.824868	1.67792	0.965984	1.52571	1.10441	1.1979	1.31254	0.770626		
0.656914	1.67033	0.519057	1.94692	0.826643	1.8792	0.732085	2.46995	0.832991	1.71226	0.967041	1.34017	1.13926	1.18895	1.25722	1.27084	0.598248	1.99169	0.724298	1.80371	0.827747	1.69341	0.968588	1.52362	1.10647	1.20981	1.31386	0.775235		
0.659766	1.66963	0.522381	1.9449	0.823437	1.87475	0.736308	2.47442	0.835914	1.71089	0.969341	1.35351	1.14129	1.18748	1.2594	1.28094	0.601655	1.99785	0.727372	1.79607	0.830652	1.70876	0.971188	1.52156	1.10855	1.22168	1.31519	0.779923		
0.662617	1.66938	0.5257	1.94293	0.820239	1.87022	0.740537	2.4783	0.838835	1.70952	0.971664	1.36678	1.14332	1.18612	1.2616	1.29087	0.605072	2.00391	0.730433	1.78844	0.833583	1.72393	0.973785	1.5195	1.11064	1.23347	1.31652	0.784651		
0.665468	1.6695	0.529017	1.94105	0.817049	1.86569	0.744773	2.48166	0.841753	1.70825	0.97401	1.37994	1.14534	1.18488	1.26381	1.30067	0.608499	2.00981	0.733481	1.78088	0.83654	1.73888	0.976378	1.51743	1.11276	1.24518	1.31787	0.789459		
0.668319	1.66999	0.53233	1.93928	0.813867	1.86116	0.749013	2.48455	0.84467	1.70709	0.976377	1.39305	1.14736	1.18377	1.26604	1.31027	0.611937	2.01561	0.736516	1.77342	0.839523	1.75369	0.978968	1.5154	1.11489	1.25685	1.31922	0.794402		
0.671172	1.67086	0.535641	1.93758	0.810692	1.85654	0.753259	2.48689	0.847584	1.70598	0.978768	1.40604	1.14938	1.18281	1.26829	1.31969	0.615384	2.02133	0.739538	1.76603	0.84253	1.76822	0.981554	1.51339	1.11705	1.26842	1.32058	0.79938		
0.674026	1.67206	0.538949	1.93593	0.807525	1.85195	0.757508	2.48871	0.850497	1.705	0.98118	1.41892	1.1514	1.18199	1.27055	1.32894	0.618841	2.02691	0.742548	1.75878	0.845562	1.78247	0.984137	1.51146	1.11923	1.27989	1.32195	0.804376		
0.676883	1.67357	0.542253	1.93436	0.804366	1.84736	0.761759	2.49012	0.853408	1.70413	0.983614	1.43173	1.15342	1.18133	1.27283	1.33803	0.622307	2.03239	0.745545	1.75166	0.848619	1.7965	0.986717	1.50956	1.12142	1.2913	1.32333	0.809505		
0.679742	1.67534	0.545556	1.93287	0.801215	1.84268	0.766013	2.49101	0.856318	1.70345	0.98607	1.44442	1.15544	1.18079	1.27512	1.34687	0.625783	2.03773	0.748531	1.74466	0.851699	1.81023	0.989293	1.50772	1.12364	1.30263	1.32471	0.8147		
0.682605	1.67737	0.548855	1.93144	0.798072	1.83804	0.770268	2.49145	0.859226	1.70299	0.988548	1.45698	1.15745	1.18039	1.27743	1.35557	0.629267	2.04294	0.751505	1.73788	0.854802	1.82363	0.991867	1.50596	1.12587	1.31381	1.32611	0.819928		
0.685472	1.67965	0.552153	1.93011	0.794937	1.8334	0.774523	2.49146	0.862134	1.70266	0.991047	1.46939	1.15947	1.18019	1.27975	1.36406	0.632761	2.04809	0.754467	1.73124	0.857927	1.83677	0.994437	1.50428	1.12813	1.32487	1.32752	0.825297		
0.688342	1.68216	0.555448	1.92885	0.79181	1.82869	0.778778	2.49097	0.865042	1.70259	0.993567	1.48164	1.16148	1.18012	1.28209	1.37233	0.636263	2.0531	0.757418	1.72477	0.861075	1.84959	0.997005	1.50266	1.1304	1.33585	1.32893	0.830705		
0.691217	1.68483	0.558741	1.92764	0.788691	1.82399	0.783031	2.49004	0.86795	1.70278	0.996108	1.49376	1.1635	1.18021	1.28444	1.38046	0.639774	2.05799	0.760358	1.7185	0.864245	1.86203	0.99957	1.50114	1.13269	1.34667	1.33035	0.836133		
0.694097	1.68775	0.562032	1.9265	0.78558	1.81928	0.787283	2.48868	0.870858	1.70321	0.998669	1.50573	1.16552	1.18048	1.2868	1.38836	0.643292	2.06279	0.763288	1.71242	0.867435	1.87414	1.00213	1.4998	1.135	1.3574	1.33179	0.841694		
0.696982	1.69085	0.565321	1.92544	0.782477	1.81456	0.791532	2.48682	0.873767	1.70398	1.00125	1.51754	1.16753	1.18088	1.28918	1.39606	0.646819	2.06748	0.766207	1.7066	0.870646	1.88588	1.00469	1.4985	1.13732	1.36796	1.33323	0.847322		
0.699872	1.69407	0.568609	1.92444	0.779382	1.80983	0.795777	2.4845	0.876678	1.70508	1.00385	1.52917	1.16955	1.18149	1.29157	1.40356	0.650354	2.07202	0.769117	1.70099	0.873877	1.89726	1.00725	1.49733	1.13967	1.37835	1.33468	0.852984		
0.702768	1.69747	0.571895	1.92351	0.776295	1.80509	0.800018	2.48173	0.879591	1.70649	1.00647	1.54058	1.17157	1.18226	1.29397	1.41084	0.653897	2.07646	0.772017	1.69556	0.877127	1.90828	1.00981	1.49634	1.14203	1.38862	1.33614	0.858724		
0.70567	1.701	0.575179	1.92261	0.773217	1.80036	0.804254	2.47849	0.882507	1.70829	1.00911	1.55183	1.17359	1.18317	1.29639	1.41791	0.657447	2.08081	0.774908	1.6904	0.880395	1.91892	1.01236	1.49544	1.14441	1.39874	1.33761	0.864534		
0.708579	1.70462	0.578462	1.92179	0.770146	1.79566	0.808484	2.47473	0.885426	1.71051	1.01177	1.5629	1.17561	1.18431	1.29882	1.42479	0.661004	2.08507	0.777791	1.6855	0.883681	1.92917	1.01491	1.49469	1.14681	1.40872	1.33909	0.870441		
0.711493	1.70842	0.581743	1.92104	0.767083	1.79092	0.812707	2.47044	0.88835	1.71317	1.01445	1.57376	1.17763	1.18559	1.30126	1.43145	0.664568	2.0892	0.780665	1.68082	0.886984	1.93899	1.01747	1.49412	1.14922	1.41851	1.34059	0.876428		
0.714414	1.71232	0.585023	1.92036	0.764029	1.78619	0.816922	2.46566	0.891278	1.7163	1.01715	1.58439	1.17966	1.18703	1.30371	1.43794	0.66814	2.09325	0.783532	1.67637	0.890304	1.94846	1.02002	1.49372	1.15166	1.42811	1.34209	0.882455		
0.717342	1.71629	0.588302	1.91971	0.760982	1.78151	0.821128	2.46033	0.894212	1.7199	1.01986	1.59478	1.18169	1.18868	1.30617	1.44421	0.671718	2.0972	0.786391	1.67217	0.89364	1.95749	1.02257	1.49345	1.1541	1.43755	1.3436	0.888532		
0.720276	1.72038	0.59158	1.9191	0.757944	1.77679	0.825325	2.45445	0.897152	1.72406	1.0226	1.60499	1.18372	1.1905	1.30864	1.45023	0.675303	2.10099	0.789243	1.66821	0.89699	1.96609	1.02512	1.49341	1.15657	1.44682	1.34512	0.894697		
0.723218	1.72452	0.594857	1.91858	0.754913	1.77211	0.829512	2.44798	0.900101	1.7288	1.02535	1.61499	1.18575	1.19249	1.31112	1.45608	0.678895	2.10475	0.792089	1.6645	0.900355	1.97432	1.02767	1.49355	1.15904	1.45588	1.34666	0.900967		
0.726166	1.72873	0.598133	1.91808	0.751891	1.76746	0.833687	2.44094	0.903057	1.73411	1.02811	1.62472	1.18779	1.19466	1.31361	1.46177	0.682492	2.10839	0.794929	1.66103	0.903734	1.98215	1.03022	1.49383	1.16154	1.46477	1.3482	0.90729		
0.729123	1.73307	0.601409	1.91764	0.748876	1.7628	0.837849	2.43327	0.906024	1.74001	1.0309	1.63426	1.18983	1.19701	1.31611	1.46721	0.686096	2.11195	0.797763	1.65781	0.907125	1.98957	1.03277	1.49437	1.16405	1.47349	1.34975	0.913639		
0.732086	1.73743	0.604683	1.91723	0.74587	1.75819	0.841998	2.42492	0.909001	1.74662	1.0337	1.64352	1.19188	1.19955	1.31862	1.47244	0.689706	2.11543	0.800591	1.65481	0.910529	1.99652	1.03532	1.49511	1.16657	1.48197	1.35132	0.920095		
0.735057	1.74184	0.607957	1.91687	0.742871	1.75362	0.846132	2.41594	0.91199	1.75391	1.03651	1.65251	1.19393	1.20225	1.32114	1.47746	0.693322	2.11874	0.803415	1.65207	0.913945	2.00306	1.03788	1.49604	1.16911	1.49026	1.3529	0.926634		
0.738036	1.74631	0.611231	1.91657	0.73988	1.74911	0.85025	2.40629	0.914991	1.76192	1.03934	1.66128	1.19599	1.20514	1.32367	1.4823	0.696943	2.12204	0.806234	1.64959	0.917371	2.00921	1.04043	1.49721	1.17166	1.49837	1.35449	0.933216		
0.741022	1.7508	0.614504	1.91627	0.736897	1.74461	0.854351	2.39592	0.918008	1.7707	1.04218	1.66981	1.19805	1.20823	1.32621	1.48694	0.70057	2.12524	0.809049	1.64733	0.920808	2.01498	1.04299	1.4986	1.17423	1.50626	1.35608	0.93988		
0.744016	1.75537	0.617776	1.91605	0.733921	1.74012	0.858434	2.38479	0.92104	1.78019	1.04504	1.67807	1.20011	1.21144	1.32875	1.49137	0.704202	2.12836	0.811861	1.64527	0.924254	2.02028	1.04555	1.5002	1.17681	1.51392	1.3577	0.946617		
0.747017	1.75997	0.621048	1.91588	0.730953	1.73574	0.862497	2.37292	0.924088	1.79054	1.04792	1.68607	1.20219	1.21488	1.3313	1.49563	0.707839	2.1314	0.814669	1.64343	0.927708	2.02519	1.04812	1.50208	1.1794	1.5214	1.35932	0.95339		
0.750027	1.76459	0.62432	1.9157	0.727992	1.73142	0.866539	2.36029	0.927155	1.80172	1.0508	1.69381	1.20426	1.21848	1.33386	1.49968	0.711482	2.13431	0.817474	1.64186	0.931171	2.02968	1.05068	1.50419	1.182	1.5287	1.36095	0.960274		
0.753045	1.76923	0.627592	1.91555	0.725039	1.72713	0.870559	2.34686	0.930242	1.81368	1.0537	1.7013	1.20635	1.22223	1.33642	1.50349	0.71513	2.13716	0.820277	1.64046	0.934641	2.03373	1.05325	1.50652	1.18462	1.53576	1.3626	0.967244		
0.75607	1.7739	0.630863	1.91548	0.722093	1.72293	0.874555	2.33266	0.93335	1.82653	1.05661	1.70852	1.20844	1.22621	1.33899	1.50717	0.718782	2.13998	0.823078	1.63926	0.938117	2.03742	1.05583	1.50914	1.18725	1.54256	1.36426	0.974226		
0.759104	1.77858	0.634134	1.91541	0.719154	1.7188	0.878526	2.31763	0.936481	1.84027	1.05954	1.71547	1.21054	1.23034	1.34157	1.51065	0.722439	2.14272	0.825876	1.63829	0.9416	2.04069	1.05841	1.51199	1.18989	1.54919	1.36593	0.981308		
0.762145	1.78328	0.637405	1.91537	0.716222	1.71476	0.882471	2.30182	0.939636	1.85484	1.06247	1.72216	1.21264	1.23463	1.34415	1.51393	0.726101	2.14533	0.828673	1.6375	0.945088	2.04353	1.06099	1.51513	1.19254	1.55563	1.36761	0.98847		
0.765195	1.78801	0.640676	1.91539	0.713297	1.71081	0.886388	2.28525	0.942817	1.87026	1.06542	1.72857	1.21475	1.2391	1.34674	1.51703	0.729767	2.1479	0.831469	1.63692	0.94858	2.04601	1.06358	1.51852	1.1952	1.56181	1.3693	0.995672		
0.768252	1.79273	0.643948	1.9154	0.710379	1.70696	0.890277	2.2679	0.946024	1.88649	1.06838	1.73472	1.21687	1.24375	1.34933	1.51991	0.733437	2.1504	0.834264	1.63653	0.952076	2.04805	1.06618	1.52216	1.19787	1.56779	1.37101	1.00296		
0.771318	1.79744	0.647219	1.91543	0.707467	1.70326	0.894135	2.24981	0.94926	1.90355	1.07134	1.7406	1.219	1.24861	1.35193	1.52265	0.737112	2.15282	0.837059	1.63634	0.955575	2.04966	1.06878	1.52612	1.20056	1.57356	1.37273	1.01034		
0.774392	1.80218	0.65049	1.91551	0.704561	1.69965	0.897961	2.23102	0.952526	1.92136	1.07432	1.74624	1.22114	1.25358	1.35453	1.52523	0.74079	2.15521	0.839854	1.63628	0.959077	2.05093	1.07139	1.53033	1.20325	1.57911	1.37446	1.01778		
0.777474	1.80693	0.653761	1.91558	0.701661	1.69613	0.901755	2.21157	0.955823	1.93986	1.07731	1.75157	1.22328	1.25872	1.35714	1.5276	0.744473	2.15751	0.842648	1.6364	0.962581	2.05178	1.07401	1.53478	1.20595	1.58442	1.3762	1.02525		
0.780564	1.81163	0.657033	1.91571	0.698768	1.69281	0.905515	2.1915	0.959152	1.95908	1.0803	1.75664	1.22544	1.26408	1.35975	1.5298	0.74816	2.15975	0.845443	1.63671	0.966085	2.05223	1.07664	1.53958	1.20866	1.58952	1.37796	1.03282		
0.783662	1.81636	0.660305	1.91583	0.695879	1.68965	0.909241	2.17088	0.962514	1.97884	1.08331	1.7615	1.2276	1.26958	1.36237	1.53181	0.75185	2.16192	0.848239	1.63714	0.96959	2.05231	1.07927	1.54467	1.21138	1.59442	1.37973	1.04047		
0.786768	1.82108	0.663577	1.91596	0.692996	1.6866	0.91293	2.14987	0.965911	1.99909	1.08632	1.76607	1.22977	1.2752	1.36498	1.53367	0.755544	2.16403	0.851035	1.63776	0.973095	2.05197	1.08191	1.55	1.21411	1.59913	1.38152	1.04813		
0.789882	1.82579	0.666849	1.91618	0.690118	1.68378	0.916584	2.12846	0.969342	2.01976	1.08934	1.77036	1.23196	1.28102	1.36761	1.53538	0.759242	2.1661	0.853833	1.6385	0.976599	2.05128	1.08456	1.55561	1.21684	1.60359	1.38331	1.0559		
0.793004	1.8305	0.670122	1.91635	0.687245	1.68118	0.9202	2.10674	0.97281	2.04072	1.09237	1.7744	1.23415	1.28705	1.37023	1.53692	0.762943	2.1681	0.856631	1.6394	0.980102	2.05019	1.08723	1.56154	1.21958	1.60787	1.38512	1.06377		
0.796134	1.83514	0.673395	1.91652	0.684376	1.67875	0.92378	2.08493	0.976313	2.06191	1.0954	1.77818	1.23635	1.2932	1.37286	1.5383	0.766647	2.17003	0.859432	1.64044	0.983602	2.04872	1.0899	1.56775	1.22233	1.61192	1.38695	1.07167		
0.799272	1.83982	0.676668	1.91674	0.681511	1.67657	0.927322	2.063	0.979852	2.08324	1.09844	1.78174	1.23857	1.29946	1.37548	1.53949	0.770355	2.17195	0.862235	1.6416	0.987099	2.0469	1.09258	1.57423	1.22509	1.61575	1.38878	1.07961		
0.802418	1.8445	0.679942	1.91694	0.67865	1.67462	0.930826	2.04108	0.983428	2.10455	1.10149	1.78501	1.24079	1.30593	1.37811	1.54055	0.774066	2.17381	0.865039	1.6429	0.990593	2.04469	1.09527	1.58103	1.22785	1.61942	1.39063	1.08764		
0.805572	1.84911	0.683215	1.91719	0.675791	1.67294	0.934293	2.01932	0.987041	2.12573	1.10454	1.78807	1.24303	1.31257	1.38075	1.54145	0.77778	2.17557	0.867846	1.64432	0.994083	2.04213	1.09798	1.58812	1.23062	1.62287	1.3925	1.09574		
0.808734	1.8537	0.68649	1.91744	0.672935	1.67157	0.937723	1.99782	0.990689	2.14672	1.1076	1.7909	1.24527	1.31932	1.38338	1.54221	0.781497	2.17729	0.870656	1.64587	0.997569	2.03918	1.1007	1.59546	1.2334	1.62608	1.39438	1.1039		
0.811904	1.85832	0.689765	1.91769	0.670082	1.67049	0.941117	1.97664	0.994373	2.1674	1.11066	1.79342	1.24753	1.32623	1.38601	1.54287	0.785217	2.17902	0.873468	1.64748	1.00105	2.03587	1.10343	1.6031	1.23618	1.62911	1.39627	1.1121		
0.815082	1.86289	0.69304	1.91797	0.66723	1.66976	0.944475	1.9559	0.998092	2.18767	1.11372	1.79574	1.2498	1.33331	1.38865	1.54335	0.788939	2.18065	0.876283	1.64924	1.00452	2.03227	1.10617	1.611	1.23896	1.63198	1.39817	1.12038		
0.818267	1.86743	0.696316	1.91823	0.664378	1.66942	0.947798	1.93569	1.00185	2.20747	1.11679	1.79786	1.25209	1.34049	1.39128	1.54366	0.792665	2.18225	0.879101	1.65111	1.00799	2.02831	1.10893	1.6192	1.24175	1.63466	1.40009	1.12456		
0.82146	1.87193	0.699592	1.91852	0.661527	1.66942	0.951087	1.91602	1.00563	2.22671	1.11986	1.79975	1.25438	1.34783	1.39392	1.54387	0.796393	2.18382	0.881923	1.65304	1.01145	2.02397	1.11171	1.62769	1.24454	1.63711				
0.824661	1.87644	0.702869	1.91882	0.658676	1.66985	0.954342	1.89702	1.00945	2.24534	1.12294	1.80141	1.25669	1.35534	1.39656	1.54394	0.800124	2.18531	0.884747	1.65509	1.0149	2.0193	1.11449	1.63639	1.24734	1.63939				
0.827869	1.88092	0.706146	1.91909	0.655824	1.67077	0.957566	1.87873	1.0133	2.26326	1.12601	1.80283	1.25901	1.36296	1.39919	1.54389	0.803858	2.18677	0.887576	1.65722	1.01835	2.01436	1.11729	1.64538	1.25014	1.64149				
0.831085	1.88533	0.709424	1.91938	0.652969	1.67211	0.960759	1.86117	1.01718	2.28051	1.12909	1.80406	1.26135	1.37071	1.40183	1.54385	0.807593	2.18822	0.890408	1.65944	1.02178	2.0091	1.12011	1.65465	1.25295	1.6434				
0.834309	1.88973	0.712702	1.91971	0.650112	1.674	0.963923	1.8444	1.02109	2.29706	1.13218	1.80508	1.26369	1.3786			0.811332	2.18962	0.893244	1.66172	1.02521	2.00351	1.12295	1.66411	1.25576	1.64517				
0.83754	1.89413	0.715981	1.92003	0.647252	1.67647	0.967059	1.82841	1.02503	2.3128	1.13526	1.80593	1.26605	1.38663			0.815072	2.19097	0.896084	1.66413	1.02863	1.99761	1.1258	1.67382	1.25857	1.64673				
0.840779	1.89847	0.71926	1.92032	0.644386	1.67955	0.970168	1.8132	1.02899	2.32772	1.13835	1.80658	1.26843	1.39474			0.818815	2.19226	0.898928	1.66661	1.03203	1.99148	1.12866	1.68375	1.26138	1.64813				
0.844025	1.90277	0.72254	1.92061	0.641515	1.68325	0.973252	1.79885	1.03298	2.34193	1.14143	1.80702	1.27082	1.40296			0.82256	2.19353	0.901776	1.66908	1.03543	1.98504	1.13155	1.69389	1.2642	1.64939				
0.847278	1.90706	0.72582	1.92095	0.638637	1.6876	0.976313	1.78526	1.03699	2.35535	1.14452	1.80734	1.27322	1.41135			0.826308	2.19481	0.904629	1.67168	1.03881	1.97835	1.13445	1.70425	1.26702	1.65048				
0.850538	1.9113	0.729101	1.92127	0.635751	1.69271	0.97935	1.77247	1.04102	2.36797	1.1476	1.80746	1.27564	1.41981			0.830057	2.19601	0.907486	1.67437	1.04219	1.97145	1.13737	1.71484	1.26983	1.65143				
0.853806	1.91553	0.732383	1.92159	0.632855	1.6986	0.982367	1.76047	1.04508	2.37985	1.15069	1.80743	1.27807	1.42838			0.833808	2.19717	0.910348	1.67708	1.04555	1.96425	1.14031	1.72556	1.27266	1.65221				
0.857081	1.91969	0.735665	1.9219	0.629949	1.70531	0.985363	1.74924	1.04915	2.39096	1.15378	1.80726	1.28052	1.43706			0.837562	2.1983	0.913214	1.67983	1.0489	1.95684	1.14326	1.73639	1.27548	1.65288				
0.860363	1.92381	0.738947	1.92221	0.62703	1.7129	0.988342	1.73873	1.05324	2.40137	1.15686	1.80693	1.28298	1.44582			0.841317	2.1994	0.916086	1.68266	1.05223	1.94927	1.14624	1.74744	1.2783	1.6534				
0.863652	1.92795	0.74223	1.92255	0.624098	1.7214	0.991302	1.72893	1.05735	2.41107	1.15995	1.80646	1.28546	1.45466			0.845074	2.2005	0.918962	1.68556	1.05555	1.94153	1.14923	1.75863	1.28113	1.65372				
0.866948	1.93202	0.745514	1.92288	0.621151	1.73085	0.994247	1.71982	1.06148	2.42009	1.16303	1.80588	1.28795	1.4636			0.848833	2.20155	0.921843	1.68849	1.05886	1.93357	1.15224	1.76989	1.28395	1.65398				
0.870251	1.93608	0.748798	1.92316	0.618186	1.74133	0.997177	1.71136	1.06562	2.42844	1.16612	1.80519	1.29046	1.47262			0.852594	2.20254	0.924729	1.69147	1.06216	1.92547	1.15528	1.78125	1.28677	1.65414				
0.873561	1.94005	0.752083	1.92349	0.615203	1.75289	1.00009	1.70355	1.06977	2.43612	1.1692	1.80441	1.29298	1.48171			0.856356	2.20352	0.92762	1.69448	1.06544	1.91724	1.15833	1.79271	1.2896	1.65415				
0.876878	1.94399	0.755368	1.92381	0.612199	1.76547	1.003	1.69629	1.07394	2.44323	1.17228	1.80355	1.29552	1.49087			0.86012	2.20451	0.930517	1.69754	1.06871	1.90886	1.1614	1.80423	1.29242	1.65407				
0.880201	1.94794	0.758654	1.92409	0.609173	1.77919	1.00589	1.68963	1.07812	2.44976	1.17536	1.8026	1.29807	1.50006			0.863886	2.20544	0.933419	1.70064	1.07196	1.9004	1.16449	1.81578	1.29525	1.65387				
0.883531	1.95183	0.76194	1.92442	0.606122	1.79406	1.00877	1.68355	1.08231	2.45569	1.17844	1.80157	1.30064	1.50929			0.867653	2.20634	0.936326	1.70377	1.0752	1.89186	1.1676	1.82737	1.29807	1.65356				
0.886868	1.9557	0.765227	1.92474	0.603045	1.81005	1.01164	1.67791	1.08651	2.46107	1.18151	1.80049	1.30323	1.51862			0.871422	2.20722	0.939238	1.70691	1.07842	1.88326	1.17073	1.83896	1.3009	1.65315				
0.890211	1.95949	0.768515	1.92505	0.599939	1.82719	1.0145	1.67277	1.09072	2.46589	1.18459	1.7994	1.30583	1.52795			0.875192	2.20807	0.942156	1.71013	1.08163	1.87463	1.17388	1.8505	1.30372	1.6527				
0.893561	1.96324	0.771802	1.92537	0.596804	1.84542	1.01735	1.66812	1.09493	2.47022	1.18766	1.79829	1.30845	1.53732			0.878964	2.20889	0.945079	1.71337	1.08482	1.86595	1.17705	1.86204	1.30654	1.65217				
0.896917	1.96697	0.775091	1.92565	0.593636	1.86475	1.0202	1.66388	1.09915	2.47409	1.19073	1.79715	1.31108	1.54671			0.882737	2.2097	0.948008	1.71664	1.088	1.85725	1.18024	1.87353	1.30936	1.65153				
0.900279	1.97067	0.77838	1.92591	0.590434	1.88515	1.02303	1.66006	1.10338	2.47745	1.1938	1.796	1.31373	1.55611			0.886512	2.21048	0.950943	1.71994	1.09117	1.84856	1.18345	1.88494	1.31218	1.65084				
0.903648	1.97434	0.781669	1.92623	0.587197	1.9065	1.02587	1.6566	1.10761	2.48033	1.19686	1.79486	1.31639	1.56555			0.890288	2.21121	0.953883	1.72323	1.09432	1.83992	1.18668	1.89624	1.315	1.65009				
0.907023	1.97794	0.784959	1.92651	0.583922	1.92872	1.02869	1.65351	1.11185	2.48277	1.19993	1.7938	1.31908	1.57494			0.894065	2.21198	0.956829	1.72655	1.09745	1.83129	1.18993	1.90744	1.31782	1.64931				
0.910404	1.98153	0.788249	1.92677	0.580609	1.95174	1.03151	1.65079	1.1161	2.48476	1.20299	1.79277	1.32177	1.58434			0.897843	2.2127	0.95978	1.72991	1.10057	1.82274	1.1932	1.91851	1.32064	1.64846				
0.913791	1.98506	0.79154	1.92709	0.577256	1.97544	1.03433	1.64837	1.12034	2.48631	1.20605	1.79179	1.32449	1.59374			0.901622	2.21338	0.962737	1.73326	1.10368	1.81428	1.19648	1.92947	1.32345	1.6476				
0.917184	1.98853	0.794832	1.92734	0.573862	1.99968	1.03714	1.64624	1.12459	2.4874	1.20911	1.79096	1.32722	1.60312			0.905403	2.21405	0.9657	1.73667	1.10677	1.80588	1.19979	1.9402	1.32626	1.64671				
0.920583	1.99203	0.798123	1.92763	0.570426	2.02427	1.03995	1.6444	1.12884	2.48809	1.21217	1.79021	1.32996	1.61245			0.909185	2.2147	0.968669	1.74011	1.10985	1.79759	1.20311	1.95077	1.32908	1.64577				
0.923988	1.99545	0.801416	1.92789	0.566948	2.04913	1.04276	1.64286	1.13309	2.48838	1.21523	1.78952	1.33272	1.62176			0.912968	2.21533	0.971644	1.7435	1.11291	1.78945	1.20645	1.96117	1.33188	1.64486				
0.927399	1.9988	0.804708	1.92815	0.563427	2.07408	1.04556	1.64153	1.13734	2.48821	1.21828	1.78905	1.3355	1.63099			0.916752	2.21596	0.974624	1.74693	1.11596	1.78145	1.20981	1.97131	1.33469	1.64391				
0.930816	2.00215	0.808002	1.9284	0.559863	2.09897	1.04837	1.64046	1.14158	2.48764	1.22134	1.78873	1.3383	1.64016			0.920537	2.21655	0.977611	1.75037	1.11899	1.77355	1.21318	1.98128	1.3375	1.64298				
0.934238	2.00546	0.811295	1.92865	0.556257	2.12363	1.05117	1.63962	1.14583	2.48663	1.22439	1.78859	1.3411	1.64929			0.924323	2.21712	0.980603	1.75383	1.12202	1.76583	1.21658	1.99099	1.34031	1.64204				
0.937666	2.0087	0.814589	1.9289	0.55261	2.14793	1.05397	1.63898	1.15008	2.48521	1.22745	1.78868	1.34393	1.65835			0.928109	2.21769	0.983601	1.75729	1.12503	1.75828	1.21998	2.00043	1.34311	1.64114				
0.941099	2.01192	0.817884	1.92914	0.548921	2.17176	1.05677	1.63857	1.15432	2.48335	1.2305	1.78898	1.34677	1.6673			0.931897	2.21819	0.986605	1.76079	1.12802	1.75092	1.22341	2.00961	1.34591	1.64029				
0.944538	2.01515	0.821179	1.92939	0.545192	2.19499	1.05956	1.6383	1.15856	2.48109	1.23356	1.78955	1.34962	1.6762			0.935686	2.21872	0.989616	1.76427	1.13101	1.74374	1.22685	2.01853	1.34871	1.63943				
0.947982	2.01827	0.824474	1.92958	0.541423	2.21755	1.06236	1.63823	1.1628	2.47835	1.23661	1.79037	1.35249	1.68499			0.939476	2.21926	0.992632	1.76774	1.13398	1.73672	1.2303	2.02717	1.35151	1.6386				
0.951431	2.02139	0.827769	1.92982	0.537617	2.23926	1.06516	1.63835	1.16703	2.47512	1.23967	1.79155	1.35538	1.69365			0.943266	2.21972	0.995654	1.77124	1.13694	1.72992	1.23377	2.03551	1.35431	1.63787				
0.954886	2.02446	0.831065	1.93007	0.533775	2.26016	1.06796	1.6386	1.17125	2.47143	1.24273	1.79304	1.35828	1.70222			0.947058	2.22016	0.998682	1.77473	1.13989	1.72331	1.23726	2.04355	1.3571	1.6372				
0.958346	2.02748	0.834362	1.93026	0.529897	2.28018	1.07076	1.639	1.17547	2.4673	1.2458	1.79487	1.36119	1.71066			0.95085	2.22063	1.00172	1.77823	1.14282	1.71694	1.24075	2.05129	1.3599	1.63656				
0.961811	2.03048	0.837658	1.93048	0.525987	2.29922	1.07356	1.63957	1.17968	2.46269	1.24886	1.79711	1.36412	1.71899			0.954642	2.22108	1.00476	1.78175	1.14575	1.71078	1.24426	2.05868	1.36269	1.63602				
0.965282	2.03343	0.840956	1.93071	0.522044	2.3173	1.07636	1.64026	1.18388	2.45754	1.25194	1.79978	1.36706	1.72718			0.958436	2.22153	1.0078	1.78527	1.14867	1.70479	1.24778	2.06579	1.36549	1.63553				
0.968757	2.03636	0.844253	1.93089	0.518072	2.33441	1.07916	1.64107	1.18807	2.45184	1.25501	1.80288	1.37002	1.73521			0.96223	2.2219	1.01085	1.78877	1.15157	1.69904	1.25132	2.07256	1.36828	1.63516				
0.972237	2.03925	0.847551	1.93107	0.514071	2.35062	1.08196	1.64196	1.19225	2.44562	1.25809	1.80644	1.37299	1.74309			0.966025	2.22228	1.01391	1.79225	1.15447	1.69354	1.25486	2.07897	1.37107	1.63489				
0.975722	2.04212	0.850849	1.93125	0.510043	2.36583	1.08477	1.643	1.19642	2.43885	1.26118	1.81051	1.37598	1.75087			0.969821	2.22268	1.01697	1.79578	1.15736	1.68825	1.25842	2.08509	1.37387	1.63472				
0.979212	2.04491	0.854147	1.93147	0.50599	2.38008	1.08757	1.64417	1.20058	2.43148	1.26428	1.81512	1.37897	1.75847			0.973617	2.22304	1.02004	1.79928	1.16024	1.68312	1.26198	2.09084	1.37666	1.63469				
0.982707	2.04767	0.857446	1.93164	0.501913	2.39342	1.09038	1.64541	1.20473	2.42352	1.26738	1.82033	1.38198	1.76586			0.977414	2.2234	1.02312	1.80277	1.16311	1.67827	1.26556	2.09626	1.37945	1.63475				
0.986206	2.05042	0.860745	1.93178	0.497815	2.40586	1.09319	1.64673	1.20886	2.41493	1.2705	1.82609	1.385	1.77312			0.981212	2.22371	1.0262	1.80627	1.16597	1.67365	1.26915	2.10135	1.38224	1.63493				
0.98971	2.05309	0.864044	1.93198	0.493696	2.4175	1.09601	1.64817	1.21298	2.40568	1.27362	1.83247	1.38804	1.78021			0.985009	2.22401	1.02929	1.80979	1.16882	1.6692	1.27274	2.10606	1.38503	1.63526				
0.993219	2.05578	0.867344	1.93217	0.489557	2.42827	1.09882	1.6497	1.21708	2.39577	1.27675	1.83953	1.39108	1.7871			0.988808	2.22435	1.03238	1.81328	1.17167	1.66497	1.27634	2.11043	1.38783	1.63577				
0.996732	2.05843	0.870644	1.93233	0.485401	2.43824	1.10164	1.65129	1.22116	2.38517	1.2799	1.84724	1.39414	1.79379			0.992607	2.22465	1.03548	1.81676	1.17451	1.66096	1.27995	2.11447	1.39062	1.63643				
1.00025	2.06099	0.873944	1.93244	0.481229	2.44747	1.10446	1.65296	1.22523	2.37387	1.28306	1.85567	1.39721	1.80033			0.996407	2.22489	1.03859	1.82027	1.17734	1.65717	1.28356	2.11816	1.39342	1.63722				
1.00377	2.06354	0.877245	1.93259	0.477042	2.45597	1.10729	1.65466	1.22927	2.36188	1.28624	1.86484	1.40029	1.80356			1.00021	2.22513	1.0417	1.82375	1.18017	1.65359	1.28718	2.12149	1.39621	1.63818				
1.0073	2.06609	0.880545	1.93275	0.47284	2.46374	1.11012	1.65647	1.23329	2.34917	1.28943	1.87472					1.00401	2.22541	1.04482	1.8272	1.18299	1.6502	1.29081	2.12443	1.39901	1.63933				
1.01083	2.0686	0.883846	1.9329	0.468626	2.47086	1.11295	1.65836	1.23729	2.33566	1.29264	1.88535					1.00781	2.22567	1.04794	1.83068	1.18581	1.64699	1.29444	2.12704	1.40181	1.63997				
1.01436	2.07106	0.887147	1.93303	0.464401	2.47736	1.11578	1.6603	1.24127	2.32148	1.29587	1.89677					1.01161	2.22586	1.05107	1.83416	1.18862	1.64399	1.29807	2.1293						
1.0179	2.07347	0.890449	1.93316	0.460165	2.48318	1.11862	1.66229	1.24522	2.30656	1.29912	1.90897					1.01541	2.22605	1.05421	1.8376	1.19142	1.64119	1.30171	2.13121						
1.02145	2.07585	0.89375	1.93332	0.455919	2.48845	1.12146	1.66431	1.24915	2.29086	1.30239	1.92192					1.01921	2.22627	1.05735	1.84105	1.19422	1.63858	1.30535	2.13278						
1.02499	2.07821	0.897052	1.93343	0.451665	2.49317	1.1243	1.6664	1.25305	2.27448	1.30569	1.9356					1.02301	2.22644	1.0605	1.84448	1.19702	1.63613	1.309	2.13394						
1.02854	2.08054	0.900354	1.93352	0.447403	2.49728	1.12715	1.66856	1.25692	2.2574	1.309	1.95002					1.02682	2.22662	1.06365	1.84793	1.19981	1.63385	1.31264	2.13477						
1.0321	2.08285	0.903656	1.93365	0.443135	2.50085	1.13	1.67075	1.26076	2.23967	1.31235	1.96516					1.03062	2.22677	1.06681	1.85139	1.2026	1.63176	1.31629	2.13527						
1.03566	2.08512	0.906959	1.93378	0.438861	2.50392	1.13286	1.67297	1.26457	2.22133	1.31572	1.98099					1.03442	2.22688	1.06997	1.85479	1.20539	1.62981	1.31993	2.1354						
1.03922	2.08734	0.910262	1.93388	0.434583	2.50648	1.13572	1.67522	1.26835	2.20241	1.31911	1.99745					1.03823	2.22702	1.07314	1.85819	1.20817	1.62806	1.32358	2.13516						
1.04279	2.08953	0.913564	1.93396	0.4303	2.50849	1.13858	1.67752	1.27209	2.18299	1.32254	2.01447					1.04203	2.22713	1.07632	1.86162	1.21095	1.62648	1.32723	2.13457						
1.04636	2.09174	0.916867	1.93406	0.426014	2.50996	1.14145	1.67988	1.2758	2.16315	1.32599	2.03201					1.04583	2.22721	1.0795	1.86501	1.21372	1.625	1.33087	2.13363						
1.04993	2.09387	0.92017	1.93417	0.421727	2.51094	1.14432	1.68226	1.27948	2.1429	1.32948	2.04998					1.04964	2.22731	1.08269	1.86841	1.2165	1.62371	1.33451	2.13232						
1.05351	2.09595	0.923474	1.93426	0.417438	2.51141	1.14719	1.68466	1.28312	2.12234	1.333	2.06828					1.05344	2.22737	1.08588	1.87178	1.21927	1.62254	1.33816	2.13065						
1.05709	2.09805	0.926777	1.93433	0.413149	2.51136	1.15007	1.6871	1.28673	2.10163	1.33654	2.0869					1.05725	2.22742	1.08908	1.87517	1.22204	1.62152	1.34179	2.12866						
1.06068	2.10008	0.930081	1.93443	0.40886	2.51076	1.15295	1.68956	1.2903	2.08079	1.34012	2.10571					1.06105	2.22748	1.09229	1.87856	1.22481	1.62064	1.34543	2.12631						
1.06427	2.10209	0.933385	1.93451	0.404573	2.50956	1.15584	1.69205	1.29384	2.0599	1.34374	2.12459					1.06485	2.22748	1.0955	1.8819	1.22758	1.61989	1.34905	2.12359						
1.06786	2.10412	0.936688	1.93458	0.400288	2.50779	1.15873	1.69457	1.29734	2.03909	1.34738	2.14347					1.06866	2.22748	1.09872	1.88524	1.23034	1.61926	1.35268	2.12055						
1.07145	2.10609	0.939992	1.93465	0.396007	2.50547	1.16163	1.6971	1.3008	2.01844	1.35106	2.16228					1.07246	2.22748	1.10194	1.88861	1.23311	1.61877	1.3563	2.11712						
1.07505	2.10801	0.943296	1.93471	0.39173	2.50246	1.16453	1.69966	1.30423	1.99803	1.35477	2.18095					1.07627	2.22745	1.10517	1.89197	1.23587	1.61836	1.35991	2.11339						
1.07865	2.10989	0.946601	1.93481	0.38746	2.49877	1.16744	1.70225	1.30762	1.97795	1.35851	2.19931					1.08007	2.2274	1.1084	1.89529	1.23863	1.6181	1.36352	2.10929						
1.08226	2.11176	0.949905	1.93485	0.383196	2.49438	1.17034	1.70484	1.31099	1.95825	1.36228	2.21735					1.08387	2.22735	1.11164	1.89862	1.2414	1.61794	1.36712	2.10486						
1.08587	2.11366	0.953209	1.93491	0.37894	2.48918	1.17326	1.70746	1.31431	1.93899	1.36608	2.235					1.08768	2.22729	1.11489	1.90193	1.24416	1.61789	1.37071	2.10011						
1.08948	2.11547	0.956514	1.935	0.374693	2.48317	1.17618	1.71011	1.31761	1.92026	1.36991	2.25219					1.09148	2.22717	1.11814	1.90525	1.24692	1.61795	1.37429	2.09498						
1.09309	2.11728	0.959819	1.93501	0.370458	2.47624	1.1791	1.71273	1.32087	1.90214	1.37377	2.26886					1.09528	2.22704	1.12139	1.90858	1.24969	1.61808	1.37786	2.08957						
1.09671	2.11905	0.963123	1.93508	0.366235	2.46831	1.18203	1.7154	1.32411	1.88463	1.37766	2.28493					1.09909	2.22692	1.12466	1.91189	1.25245	1.6183	1.38143	2.08386						
1.10033	2.12077	0.966428	1.93515	0.362027	2.45927	1.18496	1.7181	1.32731	1.8677	1.38158	2.30043					1.10289	2.22677	1.12792	1.91522	1.25521	1.61866	1.38498	2.07782						
1.10395	2.12252	0.969733	1.93515	0.357835	2.44905	1.1879	1.72078	1.33049	1.8515	1.38552	2.31529					1.10669	2.2266	1.1312	1.91852	1.25798	1.61908	1.38852	2.07142						
1.10758	2.12424	0.973038	1.93521	0.353662	2.43753	1.19084	1.72345	1.33363	1.83601	1.38949	2.32947					1.1105	2.22639	1.13448	1.92181	1.26074	1.61957	1.39205	2.06476						
1.11121	2.1259	0.976343	1.93527	0.34951	2.42456	1.19378	1.72618	1.33676	1.82114	1.39348	2.343					1.1143	2.22619	1.13776	1.92513	1.26351	1.62019	1.39558	2.05784						
1.11484	2.12754	0.979648	1.9353	0.345381	2.40997	1.19673	1.7289	1.33985	1.80702	1.39749	2.35586					1.1181	2.22594	1.14105	1.92843	1.26628	1.62084	1.39908	2.0506						
1.11848	2.12913	0.982953	1.93535	0.341278	2.39352	1.19969	1.7316	1.34293	1.79358	1.40152	2.36213					1.1219	2.22566	1.14435	1.93175	1.26905	1.6216	1.40258	2.04691						
1.12211	2.13073	0.986259	1.93537	0.337205	2.37512	1.20265	1.73437	1.34598	1.78083							1.1257	2.22539	1.14765	1.93505	1.27182	1.62241								
1.12575	2.13233	0.989564	1.93538	0.333165	2.35453	1.20561	1.73708	1.34901	1.76876							1.1295	2.22504	1.15096	1.93834	1.27459	1.62328								
1.1294	2.13391	0.992869	1.93542	0.329163	2.33143	1.20858	1.73984	1.35202	1.75731							1.1333	2.22471	1.15427	1.94169	1.27736	1.62427								
1.13304	2.13544	0.996175	1.93547	0.325202	2.30559	1.21155	1.7426	1.35501	1.74657							1.1371	2.22433	1.15759	1.945	1.28014	1.62529								
1.13669	2.13692	0.99948	1.9355	0.321288	2.27675	1.21453	1.74532	1.35799	1.7364							1.1409	2.22389	1.16091	1.9483	1.28291	1.62636								
1.14034	2.1384	1.00279	1.93551	0.317426	2.24457	1.21752	1.7481	1.36094	1.72683							1.1447	2.22349	1.16424	1.95165	1.28569	1.62748								
1.14399	2.13985	1.00609	1.93554	0.313621	2.20875	1.2205	1.75085	1.36389	1.71786							1.14849	2.22301	1.16758	1.955	1.28847	1.6287								
1.14765	2.14132	1.0094	1.93556	0.309881	2.16893	1.2235	1.75362	1.36681	1.70939							1.15229	2.22249	1.17092	1.95834	1.29125	1.62998								
1.15131	2.14274	1.0127	1.93557	0.306213	2.12481	1.22649	1.7564	1.36972	1.7015							1.15609	2.22195	1.17427	1.96175	1.29404	1.63128								
1.15497	2.14413	1.01601	1.93558	0.302624	2.07615	1.22949	1.75915	1.37262	1.69409							1.15988	2.22137	1.17762	1.96512	1.29683	1.63263								
1.15863	2.1455	1.01931	1.93561	0.299121	2.0227	1.2325	1.76192	1.37551	1.68717							1.16367	2.22074	1.18098	1.96851	1.29962	1.63406								
1.1623	2.14687	1.02262	1.93563	0.295715	1.96433	1.23551	1.76469	1.37839	1.6807							1.16747	2.22006	1.18435	1.97197	1.30241	1.63551								
1.16596	2.1482	1.02593	1.93564	0.292412	1.90101	1.23853	1.76748	1.38125	1.67465							1.17126	2.21931	1.18772	1.9754	1.3052	1.63701								
1.16963	2.14949	1.02923	1.93564	0.289222	1.83287	1.24155	1.77023	1.38411	1.66903							1.17505	2.21854	1.19109	1.97888	1.308	1.63857								
1.17331	2.15081	1.03254	1.93564	0.286152	1.7601	1.24458	1.77297	1.38695	1.66377							1.17883	2.21775	1.19448	1.98242	1.3108	1.64015								
1.17698	2.15209	1.03584	1.93567	0.28321	1.68314	1.24761	1.77576	1.38979	1.65891							1.18262	2.21689	1.19787	1.98592	1.3136	1.64174								
1.18066	2.15335	1.03915	1.93569	0.280403	1.60265	1.25064	1.77852	1.39262	1.65441							1.18641	2.21593	1.20126	1.98946	1.31641	1.64341								
1.18434	2.15457	1.04245	1.93567	0.277736	1.51928	1.25368	1.78126	1.39544	1.65021							1.19019	2.21493	1.20466	1.99309	1.31921	1.64514								
1.18802	2.1558	1.04576	1.93569	0.275213	1.43389	1.25673	1.78402	1.39826	1.64635							1.19397	2.21387	1.20807	1.99676	1.32203	1.6469								
1.1917	2.157	1.04907	1.9357	0.272838	1.34734	1.25977	1.78676	1.40106	1.64452							1.19775	2.21275	1.21148	2.00046	1.32484	1.64865								
1.19538	2.15819	1.05237	1.93567	0.270611	1.26055	1.26283	1.78953									1.20153	2.21154	1.2149	2.00416	1.32766	1.65042								
1.19907	2.15937	1.05568	1.93569	0.268532	1.17424	1.26589	1.79227									1.20531	2.21026	1.21833	2.00796	1.33048	1.6523								
1.20276	2.16049	1.05898	1.9357	0.2666	1.08916	1.26895	1.79504									1.20908	2.20893	1.22176	2.01181	1.3333	1.65416								
1.20645	2.16161	1.06229	1.9357	0.264812	1.00595	1.27202	1.79775									1.21285	2.2075	1.2252	2.0157	1.33613	1.65602								
1.21014	2.16272	1.06559	1.9357	0.263164	0.924972	1.27509	1.80047									1.21662	2.20597	1.2321	2.02375	1.33896	1.65795								
1.21384	2.16384	1.0689	1.9357	0.261653	0.846573	1.27817	1.80322									1.22039	2.20435	1.23556	2.02781	1.34179	1.6599								
1.21753	2.16492	1.07221	1.93571	0.260273	0.770929	1.28125	1.80593									1.22415	2.20264	1.23902	2.03195	1.34463	1.66186								
1.22123	2.16596	1.07551	1.93567	0.25902	0.698068	1.28434	1.80861									1.22791	2.20088	1.2425	2.03625	1.34747	1.66384								
1.22493	2.167	1.07882	1.93566	0.257888	0.628052	1.28743	1.81135									1.23167	2.19898	1.24598	2.04056	1.35031	1.66584								
1.22863	2.16805	1.08212	1.93568	0.256874	0.560753	1.29052	1.81408									1.23542	2.19695	1.24947	2.04495	1.35316	1.6679								
1.23234	2.16907	1.08543	1.93569	0.255973	0.49604	1.29362	1.81674									1.23917	2.19488	1.25296	2.04943	1.35601	1.66995								
1.23604	2.17004	1.08874	1.93567	0.25518	0.43384	1.29673	1.8194									1.24292	2.1927	1.25647	2.054	1.35886	1.672								
1.23975	2.17103	1.09204	1.93566	0.254491	0.37394	1.29984	1.8221									1.24666	2.19038	1.25998	2.05866	1.36172	1.6741								
1.24346	2.17198	1.09535	1.93568	0.253903	0.316166	1.30295	1.82481									1.2504	2.18797	1.2635	2.06338	1.36458	1.67621								
1.24717	2.17292	1.09865	1.93566	0.253411	0.260413	1.30607	1.82746									1.25413	2.1855	1.26703	2.06818	1.36744	1.67834								
1.25088	2.17389	1.10196	1.93565	0.253013	0.206475	1.30919	1.83009									1.25786	2.18291	1.27056	2.07306	1.37031	1.6805								
1.25459	2.17481	1.10526	1.93565	0.252706	0.154248	1.31232	1.83276									1.26159	2.18019	1.27411	2.078	1.37318	1.68262								
1.25831	2.1757	1.10857	1.93562	0.252487	0.103647	1.31545	1.83543									1.26531	2.17743	1.27766	2.08305	1.37606	1.6848								
1.26202	2.17658	1.11188	1.93563	0.252352	0.0544433	1.31859	1.83803									1.26903	2.17457	1.28122	2.0881	1.37894	1.68697								
1.26574	2.17745	1.11518	1.93564	0.252301	0.00660863	1.32173	1.84067									1.27274	2.17165	1.28479	2.09317	1.38182	1.68917								
1.26946	2.17832	1.11849	1.93561	0.252329	-0.0399114	1.32488	1.84328									1.27644	2.16871	1.28837	2.09831	1.38471	1.69139								
1.27318	2.17919	1.12179	1.9356	0.252437	-0.0852878	1.32803	1.84589									1.28014	2.16566	1.29196	2.10344	1.3876	1.69358								
1.27691	2.18002	1.1251	1.93559	0.252621	-0.129491	1.33118	1.8485									1.28384	2.16262	1.29556	2.10861	1.39049	1.69582								
1.28063	2.18084	1.1284	1.93559	0.252879	-0.172586	1.33434	1.8511									1.28753	2.15955	1.29916	2.11376	1.39339	1.69805								
1.28435	2.18163	1.13171	1.93558	0.25321	-0.214703	1.33751	1.85367									1.29122	2.15647	1.30278	2.11888	1.39629	1.70029								
1.28808	2.18242	1.13502	1.93558	0.253613	-0.255791	1.34067	1.85625									1.2949	2.15341	1.3064	2.12394	1.3992	1.70255								
1.29181	2.18322	1.13832	1.93555	0.254084	-0.295875	1.34385	1.85884									1.29857	2.15039	1.31003	2.12895	1.40211	1.70367								
1.29554	2.18396	1.14163	1.93554	0.254623	-0.335065	1.34702	1.86135									1.30224	2.14743	1.31367	2.13387										
1.29927	2.18473	1.14493	1.93556	0.255147	-0.368433	1.3502	1.8639									1.30591	2.1445	1.31732	2.13871										
1.303	2.18549	1.14824	1.93554	0.255632	-0.396328	1.35339	1.86647									1.30957	2.14167	1.32098	2.14345										
1.30673	2.18621	1.15154	1.9355	0.25606	-0.418984	1.35658	1.869									1.31322	2.13895	1.32464	2.14805										
1.31047	2.18691	1.15485	1.93551	0.256415	-0.43658	1.35977	1.8715									1.31687	2.13633	1.32831	2.15255										
1.3142	2.18763	1.15815	1.93551	0.256685	-0.449433	1.36297	1.87402									1.32052	2.13381	1.33199	2.15687										
1.31794	2.18833	1.16146	1.93549	0.256941	-0.461196	1.36617	1.87652									1.32416	2.13143	1.33568	2.16107										
1.32168	2.18899	1.16477	1.93547	0.257122	-0.469297	1.36938	1.87901									1.3278	2.12919	1.33937	2.16513										
1.32542	2.18966	1.16807	1.93547	0.257412	-0.481829	1.37259	1.88152									1.33143	2.12705	1.34308	2.16898										
1.32916	2.1903	1.17138	1.93546	0.257819	-0.498587	1.37581	1.88398									1.33506	2.12508	1.34678	2.17267										
1.3329	2.19094	1.17468	1.93546	0.258353	-0.519433	1.37903	1.88642									1.33869	2.12329	1.3505	2.17625										
1.33664	2.19159	1.17799	1.93546	0.259028	-0.544224	1.38225	1.88888									1.34232	2.12163	1.35422	2.17961										
1.34038	2.19223	1.18129	1.93543	0.259859	-0.572526	1.38548	1.89131									1.34594	2.12008	1.35794	2.18281										
1.34413	2.19283	1.1846	1.93541	0.260864	-0.603933	1.38871	1.89374									1.34956	2.11872	1.36167	2.18587										
1.34787	2.19341	1.1879	1.93543	0.261922	-0.634122	1.39195	1.89619									1.35318	2.11748	1.36541	2.18876										
1.35162	2.194	1.19121	1.93542	0.26303	-0.662958	1.39519	1.89859									1.35679	2.11637	1.36915	2.19153										
1.35537	2.19458	1.19451	1.93537	0.264187	-0.690282	1.39843	1.901									1.3604	2.11541	1.37289	2.1941										
1.35912	2.19512	1.19782	1.93539	0.265388	-0.71583	1.40168	1.90223									1.36402	2.11459	1.37664	2.19656										
1.36287	2.1957	1.20112	1.93539	0.266632	-0.739219											1.36763	2.1139	1.3804	2.19887										
1.36662	2.19626	1.20443	1.93536	0.267913	-0.759983											1.37124	2.11328	1.38415	2.20105										
1.37037	2.19676	1.20773	1.93535	0.269227	-0.777328											1.37485	2.11278	1.38791	2.20312										
1.37412	2.19729	1.21104	1.93534	0.270568	-0.790117											1.37845	2.11241	1.39168	2.20503										
1.37787	2.1978	1.21435	1.93534	0.271926	-0.796605											1.38206	2.11213	1.39545	2.20688										
1.38163	2.19828	1.21765	1.93534	0.273289	-0.793937											1.38567	2.11196	1.39922	2.20861										
1.38538	2.19879	1.22096	1.93534	0.274638	-0.77753											1.38927	2.11187	1.40299	2.20942										
1.38914	2.19927	1.22426	1.93533	0.275945	-0.739862											1.39288	2.11183												
1.39289	2.19972	1.22757	1.9353	0.277165	-0.668938											1.39649	2.1119												
1.39665	2.20019	1.23087	1.93529	0.27823	-0.548115											1.40009	2.11199												
1.40041	2.20043	1.23418	1.93531	0.279037	-0.361951																								
		1.23748	1.93529	0.279466	-0.250995																								
		1.24079	1.93528																										
		1.24409	1.93528																										
		1.2474	1.93527																										
		1.2507	1.93527																										
		1.25401	1.93524																										
		1.25731	1.93523																										
		1.26062	1.93525																										
		1.26392	1.93523																										
		1.26723	1.93522																										
		1.27053	1.93522																										
		1.27384	1.93521																										
		1.27714	1.93521																										
		1.28045	1.93521																										
		1.28375	1.93521																										
		1.28706	1.93518																										
		1.29036	1.9352																										
		1.29367	1.93517																										
		1.29697	1.93516																										
		1.30028	1.93519																										
		1.30358	1.9352																										
		1.30689	1.93517																										
		1.31019	1.93516																										
		1.3135	1.93515																										
		1.3168	1.93515																										
		1.32011	1.93515																										
		1.32341	1.93515																										
		1.32672	1.93515																										
		1.33002	1.93512																										
		1.33333	1.93513																										
		1.33663	1.93514																										
		1.33994	1.93511																										
		1.34324	1.93513																										
		1.34655	1.93514																										
		1.34985	1.93511																										
		1.35316	1.93513																										
		1.35646	1.93511																										
		1.35977	1.9351																										
		1.36307	1.93512																										
		1.36637	1.9351																										
		1.36968	1.93513																										
		1.37298	1.93511																										
		1.37629	1.9351																										
		1.37959	1.93512																										
		1.3829	1.9351																										
		1.3862	1.9351																										
		1.38951	1.93509																										
		1.39281	1.93509																										
		1.39612	1.93509																										
		1.39942	1.93509																										
		1.40273	1.93509																										
