Sym0		Asym0		Sym1		Sym2		Sym3		Asym1		Asym2	
476  Points		491  Points		475  Points		230  Points		129  Points		395  Points		143  Points	
Freq (MHz)	Vgr (m/ms)	Freq (MHz)	Vgr (m/ms)	Freq (MHz)	Vgr (m/ms)	Freq (MHz)	Vgr (m/ms)	Freq (MHz)	Vgr (m/ms)	Freq (MHz)	Vgr (m/ms)	Freq (MHz)	Vgr (m/ms)
0.00105019	8.27305	0.000602668	0.634961	0.00295868	8.2727	0.279564	0.210215	0.361826	0.0733548	0.139835	0.521178	0.419266	0.0937138
0.00875815	8.27202	0.00119426	0.735266	0.0106663	8.27143	0.27976	0.285562	0.361894	0.119814	0.140321	0.753501	0.419353	0.156994
0.0164642	8.269	0.00197276	0.929101	0.0183716	8.26796	0.280096	0.435503	0.362049	0.213196	0.141239	1.21265	0.419559	0.283408
0.0241665	8.26413	0.00292554	1.10854	0.0260727	8.26263	0.280571	0.58348	0.362291	0.307601	0.14258	1.65847	0.419882	0.409453
0.0318635	8.25739	0.00403841	1.27217	0.0337681	8.25543	0.281183	0.728775	0.362622	0.403468	0.14433	2.087	0.420322	0.535054
0.0395532	8.24867	0.00529608	1.41931	0.0414558	8.24622	0.281929	0.870757	0.363043	0.50123	0.146469	2.49515	0.420879	0.66006
0.047234	8.2379	0.00668314	1.55005	0.049134	8.2349	0.282806	1.00882	0.363556	0.601248	0.148979	2.88063	0.421552	0.784242
0.0549037	8.225	0.00818442	1.66496	0.0568007	8.22142	0.283809	1.14243	0.364164	0.704092	0.151837	3.24219	0.42234	0.907508
0.0625603	8.20982	0.00978561	1.76493	0.0644537	8.20566	0.284935	1.27106	0.364868	0.810096	0.155021	3.57931	0.423243	1.02975
0.0702018	8.1922	0.0114732	1.85113	0.072091	8.18749	0.286177	1.39428	0.365673	0.919564	0.158507	3.89202	0.424259	1.15082
0.0778256	8.17206	0.013235	1.92487	0.0797102	8.16665	0.287533	1.51176	0.366582	1.03296	0.162273	4.18098	0.425387	1.27056
0.0854295	8.14914	0.01506	1.98753	0.0873087	8.14301	0.288994	1.62323	0.367598	1.15062	0.166298	4.44711	0.426626	1.38891
0.0930106	8.12321	0.0169385	2.04041	0.0948838	8.1163	0.290557	1.72853	0.368726	1.27271	0.17056	4.69152	0.427975	1.50572
0.100566	8.09399	0.018862	2.08473	0.102433	8.08624	0.292215	1.82767	0.36997	1.39956	0.17504	4.91565	0.429432	1.62082
0.108093	8.06118	0.0208232	2.12173	0.109952	8.05249	0.293963	1.92069	0.371334	1.5313	0.179719	5.12074	0.430995	1.73421
0.115587	8.0245	0.0228156	2.15237	0.117437	8.01473	0.295794	2.00793	0.372823	1.66792	0.184582	5.30818	0.432664	1.84577
0.123046	7.98343	0.0248339	2.17768	0.124886	7.97254	0.297705	2.08991	0.374442	1.80956	0.189611	5.47939	0.434435	1.95536
0.130464	7.93754	0.0266101	2.19611	0.132293	7.92537	0.299689	2.16715	0.376195	1.95602	0.194792	5.63554	0.436307	2.06293
0.137836	7.88635	0.028135	2.20935	0.139654	7.87277	0.301743	2.24054	0.378087	2.10707	0.200112	5.77786	0.438279	2.16842
0.145159	7.82922	0.0294024	2.21888	0.146963	7.81408	0.303864	2.31116	0.380121	2.26239	0.205558	5.90743	0.440348	2.27174
0.152425	7.7655	0.0304081	2.22558	0.154215	7.74862	0.306049	2.38017	0.382302	2.42149	0.21112	6.02531	0.442512	2.37284
0.159629	7.69439	0.0311494	2.22992	0.161402	7.67557	0.308299	2.44914	0.384633	2.58391	0.216786	6.13236	0.444769	2.47161
0.166763	7.61509	0.0316246	2.23257	0.168517	7.59408	0.310613	2.51969	0.387117	2.749	0.222547	6.2295	0.447117	2.56808
0.173819	7.52665	0.0323086	2.23618	0.175553	7.50322	0.312994	2.59363	0.389756	2.916	0.228394	6.31751	0.449555	2.66223
0.180788	7.42798	0.0330533	2.23975	0.182499	7.40186	0.315446	2.67281	0.392551	3.08418	0.234319	6.39699	0.452078	2.75398
0.18766	7.31811	0.034068	2.24417	0.189345	7.28902	0.317975	2.75932	0.395503	3.25267	0.240314	6.46859	0.454686	2.8433
0.194425	7.19578	0.0353539	2.24908	0.196081	7.16344	0.320588	2.85521	0.398612	3.42075	0.246372	6.53289	0.457376	2.93017
0.201069	7.05987	0.0369124	2.25409	0.202694	7.02399	0.323295	2.9624	0.401877	3.58765	0.252487	6.59037	0.460146	3.01461
0.20758	6.90927	0.0387446	2.2588	0.20917	6.86959	0.326108	3.0828	0.405297	3.75255	0.258653	6.64146	0.462994	3.09664
0.213943	6.74292	0.0408514	2.26307	0.215494	6.69922	0.329039	3.21799	0.40887	3.91486	0.264863	6.6866	0.465917	3.17626
0.220145	6.56007	0.0429616	2.26623	0.221653	6.51258	0.332104	3.36913	0.412592	4.07393	0.271112	6.72604	0.468912	3.25345
0.226167	6.36026	0.0450743	2.26847	0.226872	6.33632	0.335317	3.53694	0.416461	4.22927	0.277396	6.76016	0.471979	3.3283
0.231996	6.14345	0.0471887	2.26999	0.231203	6.1759	0.338695	3.72146	0.420473	4.3805	0.283709	6.78924	0.475114	3.40081
0.237615	5.9103	0.0493041	2.2709	0.234699	6.0363	0.342252	3.9219	0.424623	4.52724	0.290047	6.81347	0.478316	3.47096
0.243009	5.66218	0.0514202	2.27132	0.237405	5.92152	0.346003	4.1366	0.428909	4.66926	0.296405	6.833	0.481582	3.53891
0.248166	5.40112	0.0535365	2.27134	0.239361	5.83487	0.34996	4.36304	0.433324	4.80645	0.30278	6.84804	0.48491	3.60471
0.253074	5.13008	0.0556526	2.2711	0.240598	5.77838	0.354133	4.59802	0.437865	4.93866	0.309166	6.85879	0.488299	3.66835
0.257725	4.85263	0.0577684	2.27057	0.242354	5.69566	0.358528	4.83772	0.442527	5.0659	0.31556	6.86528	0.491746	3.72999
0.262116	4.57275	0.0598836	2.26983	0.244234	5.60401	0.363147	5.07798	0.447305	5.18824	0.321959	6.86762	0.49525	3.7897
0.266246	4.29468	0.061998	2.26903	0.246742	5.47686	0.36799	5.31461	0.452194	5.30572	0.328357	6.86587	0.498808	3.84752
0.270119	4.02242	0.0641117	2.26811	0.24983	5.31253	0.373051	5.54374	0.457191	5.41843	0.334752	6.8601	0.502419	3.9037
0.273741	3.75967	0.0662244	2.26706	0.253437	5.10956	0.37832	5.76222	0.462291	5.5266	0.34114	6.85031	0.506082	3.95827
0.277124	3.50948	0.0683361	2.26599	0.257488	4.86737	0.383788	5.96735	0.46749	5.63035	0.347517	6.83652	0.509795	4.0113
0.280281	3.27416	0.0704468	2.26487	0.261892	4.58739	0.38944	6.15732	0.472783	5.72983	0.353879	6.81875	0.513556	4.06308
0.283225	3.05519	0.0725564	2.26376	0.266036	4.30913	0.395261	6.33113	0.478166	5.82529	0.360223	6.79698	0.517366	4.11369
0.285974	2.85332	0.0746651	2.26269	0.269922	4.03647	0.401237	6.48834	0.483637	5.91689	0.366545	6.7711	0.521222	4.16329
0.288542	2.6687	0.0767727	2.26157	0.273558	3.77314	0.407352	6.6291	0.489192	6.00482	0.37284	6.74109	0.525124	4.21208
0.290947	2.50096	0.0788793	2.26046	0.276953	3.52228	0.41359	6.75387	0.494827	6.08933	0.379106	6.707	0.529071	4.26023
0.293203	2.34938	0.0809848	2.25943	0.280121	3.2861	0.419937	6.86345	0.500539	6.17054	0.385338	6.66863	0.533062	4.3079
0.295325	2.21293	0.0830895	2.25837	0.283076	3.06621	0.426379	6.95883	0.506325	6.24866	0.391532	6.62594	0.537098	4.35534
0.297326	2.09054	0.0851931	2.25736	0.285834	2.8635	0.432904	7.04106	0.512182	6.32389	0.397685	6.57894	0.541178	4.40275
0.29922	1.98104	0.0872958	2.25642	0.288412	2.67799	0.439499	7.11117	0.518109	6.39634	0.403791	6.52749	0.545302	4.45026
0.301018	1.88325	0.0893976	2.25543	0.290825	2.50936	0.446155	7.17016	0.524101	6.46625	0.409848	6.47154	0.54947	4.49819
0.302729	1.79601	0.0914986	2.25454	0.293088	2.35692	0.45286	7.219	0.530158	6.53371	0.41585	6.41099	0.553684	4.54673
0.304364	1.71827	0.0935987	2.25365	0.295216	2.2197	0.459607	7.25861	0.536276	6.5989	0.421794	6.34584	0.557943	4.59599
0.305931	1.64907	0.095698	2.2528	0.297224	2.09663	0.466386	7.28978	0.542454	6.66197	0.427675	6.27611	0.562248	4.64616
0.307437	1.5875	0.0977966	2.25201	0.299123	1.9865	0.47319	7.31324	0.54869	6.72291	0.433489	6.20168	0.5666	4.69751
0.308889	1.53277	0.0998944	2.25125	0.300926	1.88807	0.480013	7.32967	0.554982	6.78197	0.439231	6.12272	0.571001	4.7501
0.310293	1.48409	0.101992	2.25054	0.302641	1.8003	0.486848	7.33961	0.561327	6.83921	0.444174	6.05024	0.575452	4.80409
0.311655	1.44088	0.104088	2.24979	0.30428	1.72213	0.49369	7.3436	0.567726	6.89467	0.448339	5.98575	0.579953	4.85956
0.312978	1.40256	0.106184	2.24911	0.30585	1.65251	0.500532	7.34212	0.574175	6.94845	0.45175	5.93055	0.584507	4.9166
0.314268	1.36856	0.108279	2.24848	0.30736	1.59056	0.507371	7.33559	0.580673	7.00065	0.454423	5.88577	0.589115	4.97523
0.315528	1.33842	0.110374	2.24784	0.308814	1.53549	0.514201	7.32428	0.58722	7.05128	0.456376	5.85211	0.593778	5.03536
0.316762	1.31177	0.112468	2.2473	0.310221	1.48649	0.521019	7.30855	0.593813	7.10039	0.45762	5.83028	0.598498	5.09701
0.317973	1.28827	0.114561	2.24674	0.311584	1.44303	0.52782	7.28873	0.600451	7.14801	0.4594	5.79851	0.603275	5.16005
0.319163	1.26763	0.116654	2.24616	0.31291	1.40445	0.534601	7.26498	0.607132	7.1941	0.461324	5.76339	0.608113	5.22432
0.320335	1.24944	0.118747	2.24565	0.314201	1.37022	0.541357	7.23754	0.613856	7.23875	0.463921	5.71485	0.61301	5.28964
0.321491	1.23355	0.120839	2.24514	0.315463	1.33992	0.548087	7.2067	0.620621	7.28197	0.467174	5.65211	0.617969	5.35575
0.322633	1.21972	0.12293	2.24471	0.316698	1.31312	0.554786	7.17256	0.627425	7.32367	0.471059	5.5744	0.62299	5.42236
0.323764	1.20774	0.125021	2.24427	0.31791	1.28947	0.561452	7.13525	0.634268	7.36385	0.475548	5.48075	0.628073	5.4892
0.324884	1.19747	0.127112	2.24379	0.319101	1.2686	0.568082	7.09499	0.641147	7.40254	0.480604	5.37032	0.633219	5.55596
0.325995	1.18864	0.129202	2.24341	0.320274	1.25033	0.574673	7.05189	0.648061	7.43962	0.485555	5.25702	0.638426	5.62222
0.327099	1.18125	0.131293	2.24299	0.321431	1.23434	0.581223	7.00605	0.65501	7.47506	0.490399	5.14123	0.643695	5.68774
0.328196	1.17511	0.133382	2.24261	0.322574	1.22042	0.587728	6.95758	0.66199	7.50886	0.495135	5.02343	0.649025	5.75213
0.329288	1.17008	0.135471	2.2423	0.323705	1.20833	0.594187	6.90664	0.669002	7.54095	0.49976	4.90395	0.654414	5.81506
0.330377	1.16609	0.13756	2.24193	0.324825	1.19793	0.600598	6.85325	0.676042	7.57122	0.504273	4.78335	0.65986	5.87618
0.331461	1.16303	0.139649	2.24156	0.325937	1.1891	0.606958	6.79751	0.68311	7.5996	0.508673	4.66211	0.665363	5.93521
0.332544	1.16086	0.141737	2.24127	0.327041	1.18161	0.613264	6.73964	0.690203	7.62604	0.51296	4.5407	0.67092	5.99189
0.333624	1.15944	0.143825	2.24097	0.328139	1.17537	0.618715	6.68749	0.69732	7.65042	0.517134	4.41957	0.676528	6.04599
0.334704	1.15874	0.145913	2.24068	0.329231	1.17032	0.623328	6.64171	0.704459	7.67268	0.521196	4.29917	0.682186	6.0973
0.335784	1.15872	0.148001	2.24039	0.33032	1.16629	0.627119	6.60299	0.711617	7.69272	0.525145	4.17997	0.68789	6.14555
0.336863	1.15927	0.150088	2.24013	0.331405	1.16317	0.6301	6.57182	0.718793	7.7104	0.528985	4.06236	0.693638	6.19073
0.337944	1.16037	0.152175	2.23989	0.332487	1.16096	0.632283	6.54876	0.725985	7.7257	0.532715	3.94665	0.699426	6.23266
0.339026	1.16198	0.154262	2.23963	0.333568	1.15952	0.633676	6.53377	0.733189	7.73841	0.536339	3.8332	0.705252	6.27126
0.340109	1.16403	0.156348	2.23935	0.334648	1.15876	0.635672	6.51196	0.740405	7.74846	0.539858	3.72232	0.711112	6.3065
0.341195	1.16652	0.158434	2.23913	0.335727	1.15868	0.637835	6.48817	0.747628	7.75575	0.543275	3.61418	0.717003	6.3383
0.342283	1.16939	0.16052	2.23892	0.336807	1.15922	0.640764	6.45532	0.754857	7.76007	0.546592	3.50902	0.722922	6.36668
0.343374	1.17254	0.162606	2.2387	0.337887	1.16034	0.644447	6.41319	0.762088	7.76138	0.549814	3.40696	0.728867	6.39164
0.344468	1.17608	0.164692	2.23852	0.338969	1.16188	0.648868	6.3613	0.769319	7.75953	0.552941	3.30818	0.734832	6.41315
0.345565	1.17992	0.166778	2.23828	0.340052	1.1639	0.654007	6.29926	0.776547	7.75437	0.555978	3.21272	0.740817	6.43133
0.346666	1.18402	0.168863	2.23809	0.341138	1.16637	0.659843	6.22659	0.783768	7.7458	0.558928	3.12065	0.746817	6.44624
0.347771	1.18833	0.170948	2.23792	0.342226	1.16918	0.66561	6.15236	0.79098	7.73372	0.561793	3.03194	0.752829	6.45782
0.348881	1.19285	0.173033	2.23776	0.343316	1.17238	0.671307	6.07664	0.798179	7.71799	0.564577	2.94665	0.75885	6.46619
0.349994	1.19764	0.175118	2.23757	0.34441	1.17593	0.676933	5.99952	0.805362	7.69861	0.567284	2.86475	0.764878	6.47142
0.350968	1.20197	0.177202	2.2374	0.345508	1.17971	0.682487	5.92108	0.812525	7.67552	0.569915	2.78618	0.770909	6.47355
0.351801	1.20568	0.179287	2.23725	0.346608	1.18376	0.687966	5.84151	0.819664	7.64867	0.572475	2.71087	0.77694	6.47274
0.352492	1.20887	0.181371	2.23706	0.347713	1.1881	0.693372	5.76082	0.826777	7.6182	0.574967	2.63875	0.782195	6.46973
0.35304	1.21141	0.183455	2.23693	0.348822	1.19264	0.698701	5.67909	0.83386	7.58421	0.577392	2.56984	0.786672	6.46533
0.353443	1.21336	0.18554	2.23679	0.349936	1.19737	0.703954	5.59651	0.84091	7.54685	0.579755	2.50389	0.790371	6.46055
0.353702	1.21462	0.187623	2.23668	0.351054	1.20234	0.70913	5.51322	0.847923	7.50632	0.582058	2.44089	0.793293	6.45597
0.354074	1.21629	0.189707	2.23652	0.352176	1.20745	0.714227	5.42931	0.854897	7.46299	0.584304	2.38079	0.795441	6.45232
0.354479	1.21826	0.191791	2.23637	0.353303	1.21269	0.719246	5.34488	0.861829	7.41728	0.586495	2.32338	0.796815	6.44974
0.355031	1.22098	0.193875	2.23625	0.354436	1.21809	0.724187	5.26007	0.868718	7.36957	0.588633	2.26864	0.798789	6.44562
0.355731	1.22435	0.195958	2.23612	0.355573	1.22361	0.729048	5.17508	0.875562	7.3203	0.590722	2.21644	0.800933	6.44091
0.35658	1.22857	0.198041	2.23602	0.356716	1.22926	0.73383	5.08995	0.882359	7.27003	0.592763	2.16668	0.803846	6.43397
0.357579	1.23357	0.200125	2.2359	0.357864	1.23501	0.738533	5.00484	0.889109	7.21929	0.594759	2.11928	0.807525	6.42425
0.358731	1.23942	0.202208	2.23576	0.359017	1.24082	0.743156	4.91991	0.895811	7.16858	0.596712	2.07408	0.811968	6.41117
0.359889	1.24528	0.204291	2.23566	0.360176	1.24677	0.7477	4.83526	0.902466	7.11834	0.598624	2.03109	0.817166	6.39409
0.361052	1.25125	0.206374	2.23557	0.36134	1.25278	0.752166	4.75096	0.909075	7.06899	0.600497	1.99014	0.823114	6.37216
0.36222	1.25734	0.208456	2.23545	0.36251	1.25882	0.756553	4.66721	0.915639	7.02082	0.602333	1.9511	0.82904	6.34783
0.363394	1.26343	0.210539	2.23535	0.363686	1.26496	0.760863	4.58411	0.921322	6.98004	0.604133	1.91397	0.834942	6.32116
0.364574	1.26959	0.212622	2.23527	0.364867	1.27114	0.765095	4.50168	0.926141	6.94628	0.605899	1.87867	0.840819	6.29219
0.36576	1.27581	0.214704	2.23515	0.366055	1.27734	0.769251	4.42015	0.930109	6.91908	0.607633	1.84505	0.846667	6.26093
0.366952	1.28204	0.216787	2.23506	0.367248	1.28359	0.773332	4.33954	0.933235	6.89804	0.609337	1.81304	0.852485	6.2275
0.368149	1.28834	0.218869	2.23498	0.368447	1.28987	0.777337	4.25987	0.935528	6.88289	0.611012	1.78261	0.858271	6.19193
0.369352	1.29464	0.220951	2.2349	0.369651	1.29619	0.781269	4.18132	0.936993	6.87332	0.612659	1.75366	0.864023	6.15433
0.370562	1.30094	0.223034	2.23482	0.370862	1.30254	0.785129	4.10396	0.939095	6.85975	0.614279	1.72611	0.869739	6.11481
0.371777	1.30731	0.225116	2.23471	0.372078	1.30886	0.788917	4.02779	0.941375	6.84526	0.615875	1.69996	0.875418	6.07333
0.372998	1.31365	0.227198	2.23465	0.373301	1.31525	0.792634	3.95282	0.944468	6.8259	0.617447	1.67506	0.881056	6.02999
0.374224	1.32004	0.22928	2.23459	0.374529	1.32162	0.796282	3.87919	0.948368	6.80204	0.618996	1.65136	0.886654	5.98492
0.375457	1.32642	0.231362	2.23448	0.375763	1.32796	0.799863	3.80696	0.953066	6.77409	0.620524	1.62886	0.892209	5.93818
0.376696	1.33276	0.233443	2.2344	0.377004	1.33435	0.803376	3.73606	0.958553	6.74243	0.622032	1.60746	0.897719	5.88984
0.377941	1.33915	0.235525	2.23431	0.37825	1.34074	0.806824	3.66659	0.964818	6.70753	0.62352	1.58717	0.903184	5.83995
0.379191	1.34553	0.237607	2.23427	0.379502	1.34711	0.810208	3.59853	0.971052	6.67394	0.624989	1.56787	0.908601	5.78868
0.380448	1.35191	0.239688	2.23422	0.38076	1.35349	0.81353	3.5319	0.977254	6.64161	0.626441	1.54954	0.91397	5.73609
0.381711	1.35821	0.24177	2.23412	0.382024	1.35979	0.81679	3.4668	0.983427	6.61029	0.627877	1.53213	0.91929	5.68222
0.382979	1.36455	0.243851	2.23406	0.383294	1.36612	0.81999	3.40309	0.989572	6.57979	0.629296	1.51555	0.924558	5.62724
0.384253	1.3709	0.245933	2.234	0.38457	1.37244	0.823131	3.34084	0.995688	6.55001	0.630701	1.49987	0.929775	5.57114
0.385533	1.37719	0.248014	2.23393	0.385851	1.37875	0.826215	3.28005	1.00178	6.53527	0.632091	1.485	0.93494	5.51409
0.386819	1.38349	0.250096	2.2339	0.387139	1.38505	0.829243	3.22072			0.633468	1.47086	0.94005	5.45623
0.388111	1.38975	0.252177	2.23381	0.388432	1.39128	0.832217	3.16286			0.634832	1.45745	0.945107	5.39753
0.389409	1.39595	0.254258	2.23373	0.389731	1.39751	0.835137	3.10639			0.636184	1.44474	0.950108	5.33819
0.390713	1.40217	0.256339	2.23369	0.391036	1.4037	0.838005	3.05131			0.637524	1.43275	0.955054	5.2783
0.392022	1.40839	0.25842	2.23367	0.392347	1.40987	0.840823	2.9977			0.638853	1.42133	0.959944	5.21789
0.393337	1.41454	0.260501	2.23358	0.393663	1.41607	0.843591	2.94544			0.640172	1.41053	0.964777	5.15707
0.394658	1.42062	0.262582	2.23351	0.394986	1.42217	0.846311	2.89452			0.641482	1.40034	0.969553	5.09597
0.395984	1.42673	0.264663	2.2335	0.396313	1.42822	0.848984	2.845			0.642782	1.39066	0.974273	5.03466
0.397316	1.43283	0.266744	2.23343	0.397647	1.43429	0.851612	2.79676			0.644073	1.38154	0.978935	4.97324
0.398654	1.43884	0.268825	2.23335	0.398986	1.44033	0.854196	2.74983			0.645356	1.37295	0.98354	4.91177
0.399997	1.44482	0.270906	2.23335	0.400331	1.44635	0.856736	2.70414			0.646631	1.36481	0.988087	4.85031
0.401346	1.45077	0.272987	2.23328	0.401681	1.45229	0.859235	2.65972			0.647899	1.35711	0.992578	4.78897
0.402701	1.45671	0.275067	2.23324	0.403037	1.45815	0.861692	2.61656			0.64916	1.3499	0.997011	4.72779
0.404061	1.46262	0.277148	2.23319	0.404398	1.46405	0.86411	2.57455			0.650415	1.3431	1.00139	4.69726
0.405426	1.46846	0.279229	2.23313	0.405765	1.46993	0.86649	2.5337			0.651663	1.3367		
0.406797	1.47427	0.281309	2.23313	0.407137	1.47572	0.868832	2.49401			0.652905	1.33068		
0.408173	1.48007	0.28339	2.23306	0.408515	1.48148	0.871137	2.45548			0.654142	1.32504		
0.409555	1.48579	0.28547	2.23299	0.409898	1.48721	0.873407	2.41802			0.655374	1.31976		
0.410942	1.49147	0.287551	2.23295	0.411286	1.4929	0.875643	2.3816			0.656602	1.31481		
0.412334	1.49713	0.289631	2.23293	0.41268	1.49852	0.877845	2.34626			0.657824	1.31018		
0.413732	1.50275	0.291712	2.23292	0.414079	1.50412	0.880015	2.31196			0.659043	1.30589		
0.415134	1.50834	0.293792	2.23285	0.415483	1.5097	0.882153	2.27862			0.660258	1.30187		
0.416542	1.51388	0.295872	2.23281	0.416892	1.51524	0.884261	2.24624			0.661469	1.29818		
0.417955	1.5194	0.297953	2.23279	0.418306	1.52075	0.886339	2.21485			0.662677	1.29472		
0.419374	1.52483	0.300033	2.23274	0.419725	1.52618	0.888388	2.18433			0.663882	1.29153		
0.420797	1.53022	0.302113	2.23272	0.42115	1.53157	0.890409	2.15471			0.665083	1.28861		
0.422225	1.53562	0.304193	2.23263	0.422579	1.53694	0.892403	2.12602			0.666283	1.28591		
0.423658	1.54096	0.306273	2.23263	0.424014	1.54222	0.894371	2.09813			0.66748	1.28346		
0.425096	1.54623	0.308353	2.23262	0.425453	1.54754	0.896313	2.07107			0.668674	1.28125		
0.426539	1.55147	0.310434	2.23255	0.426897	1.5528	0.89823	2.04483			0.669867	1.27922		
0.427987	1.55668	0.312514	2.23251	0.428347	1.55795	0.900123	2.01938			0.671058	1.27737		
0.42944	1.56186	0.314594	2.23249	0.429801	1.56309	0.901993	1.99471			0.672247	1.27578		
0.430898	1.56697	0.316674	2.23248	0.431259	1.56823	0.90384	1.97073			0.673435	1.27437		
0.43236	1.57201	0.318754	2.23244	0.432723	1.57329	0.905665	1.94749			0.674622	1.27308		
0.433827	1.57707	0.320834	2.23239	0.434191	1.57831	0.907469	1.92497			0.675808	1.27203		
0.435299	1.58208	0.322913	2.23236	0.435664	1.5833	0.909252	1.90312			0.676992	1.27113		
0.436775	1.58704	0.324993	2.23234	0.437141	1.58826	0.911015	1.88194			0.678176	1.27036		
0.438256	1.59194	0.327073	2.2323	0.438623	1.59319	0.912759	1.86139			0.679359	1.26975		
0.439741	1.59681	0.329153	2.23228	0.44011	1.59803	0.914484	1.84148			0.680542	1.2693		
0.441231	1.60166	0.331233	2.23227	0.441601	1.60284	0.91619	1.82219			0.681725	1.269		
0.442726	1.60646	0.333313	2.23222	0.443097	1.60762	0.917879	1.8035			0.682907	1.26885		
0.444225	1.61121	0.335392	2.2322	0.444597	1.61235	0.919551	1.78533			0.684089	1.26882		
0.445728	1.61589	0.337472	2.23216	0.446101	1.61703	0.921206	1.76775			0.685271	1.26887		
0.447236	1.62053	0.339552	2.23213	0.44761	1.62167	0.922845	1.75075			0.686453	1.26908		
0.448748	1.62517	0.341631	2.23212	0.449123	1.62634	0.924468	1.73424			0.687636	1.26941		
0.450264	1.62979	0.343711	2.23208	0.45064	1.63091	0.926076	1.71821			0.688819	1.26982		
0.451785	1.63433	0.345791	2.23206	0.452162	1.63542	0.92767	1.70273			0.690002	1.27036		
0.45331	1.6388	0.34787	2.23205	0.453688	1.63995	0.929249	1.68774			0.691186	1.271		
0.454839	1.64327	0.34995	2.23204	0.455218	1.64441	0.930815	1.67321			0.69237	1.27172		
0.456372	1.64774	0.352029	2.232	0.456752	1.64881	0.932367	1.6591			0.693556	1.27256		
0.457909	1.65213	0.354109	2.23195	0.45829	1.65316	0.933906	1.64545			0.694742	1.27349		
0.45945	1.65646	0.356188	2.23192	0.459832	1.65754	0.935433	1.63229			0.695929	1.2745		
0.460996	1.66074	0.358268	2.23194	0.461379	1.66185	0.936948	1.61949			0.697117	1.2756		
0.462545	1.66504	0.360347	2.23191	0.462929	1.66609	0.938451	1.60708			0.698306	1.27676		
0.464098	1.66928	0.362427	2.23187	0.464483	1.6703	0.939943	1.59509			0.699496	1.27801		
0.465655	1.67345	0.364506	2.23184	0.466042	1.67449	0.941423	1.58349			0.700687	1.27933		
0.467217	1.67763	0.366585	2.23183	0.467604	1.67864	0.942893	1.57227			0.70188	1.28072		
0.468781	1.68176	0.368665	2.23182	0.46917	1.68276	0.944353	1.56139			0.703074	1.28218		
0.47035	1.68585	0.370744	2.23178	0.470739	1.68684	0.945803	1.55086			0.704269	1.28372		
0.471923	1.68986	0.372824	2.23176	0.472313	1.69086	0.947243	1.54069			0.705466	1.28529		
0.473499	1.69389	0.374903	2.23172	0.47389	1.69488	0.948674	1.53087			0.706664	1.28696		
0.475079	1.69788	0.376982	2.23169	0.475471	1.69883	0.950095	1.52136			0.707864	1.28867		
0.476663	1.70178	0.379061	2.23172	0.477056	1.70278	0.951508	1.51209			0.709065	1.29041		
0.47825	1.7057	0.381141	2.23169	0.478644	1.70666	0.952913	1.50321			0.710268	1.29223		
0.479841	1.70957	0.38322	2.23165	0.480236	1.71051	0.95431	1.49463			0.711473	1.29409		
0.481436	1.71337	0.385299	2.23166	0.481831	1.71437	0.955698	1.48628			0.71268	1.29601		
0.483034	1.71721	0.387378	2.23163	0.48343	1.71814	0.957079	1.47822			0.713888	1.29796		
0.484636	1.72097	0.389457	2.23157	0.485033	1.72188	0.958453	1.47045			0.715098	1.29996		
0.486241	1.72467	0.391537	2.23159	0.486639	1.72559	0.959819	1.46295			0.71631	1.30202		
0.487849	1.72839	0.393616	2.23159	0.488248	1.72927	0.961179	1.45571			0.717524	1.30411		
0.489462	1.73205	0.395695	2.23156	0.489861	1.73295	0.962532	1.44873			0.71874	1.30626		
0.491077	1.73567	0.397774	2.2315	0.491477	1.73658	0.963878	1.44194			0.719958	1.30843		
0.492696	1.73928	0.399853	2.23151	0.493097	1.74015	0.965219	1.4354			0.721179	1.31061		
0.494318	1.7428	0.401932	2.23152	0.49472	1.7437	0.966553	1.42912			0.722401	1.31284		
0.495943	1.74632	0.404011	2.23148	0.496346	1.74723	0.967882	1.42305			0.723625	1.31513		
0.497572	1.74987	0.40609	2.23143	0.497976	1.75068	0.969205	1.41716			0.724851	1.3174		
0.499204	1.75334	0.408169	2.23144	0.499608	1.75416	0.970522	1.41151			0.72608	1.31975		
0.500839	1.75672	0.410248	2.23144	0.501244	1.75762	0.971835	1.40608			0.72731	1.32213		
0.502477	1.76013	0.412327	2.23141	0.502884	1.76096	0.973142	1.4008			0.728543	1.3245		
0.504119	1.76352	0.414406	2.23139	0.504526	1.76432	0.974445	1.39575			0.729779	1.32689		
0.505764	1.76686	0.416485	2.23135	0.506171	1.76768	0.975743	1.39091			0.731016	1.32933		
0.507411	1.77018	0.418564	2.23136	0.50782	1.77097	0.977037	1.38623			0.732256	1.33183		
0.509062	1.77345	0.420643	2.23133	0.509471	1.77423	0.978326	1.38172			0.733498	1.33432		
0.510716	1.77666	0.422722	2.23132	0.511126	1.77751	0.979612	1.37734			0.734742	1.33682		
0.512373	1.77988	0.424801	2.23131	0.512783	1.78072	0.980893	1.37318			0.735989	1.33931		
0.514033	1.7831	0.42688	2.23131	0.514444	1.78387	0.98217	1.36919			0.737238	1.34187		
0.515695	1.78628	0.428959	2.23131	0.516107	1.78701	0.983444	1.36533			0.738489	1.34444		
0.517361	1.78941	0.431038	2.23123	0.517774	1.79016	0.984714	1.36164			0.739743	1.347		
0.51903	1.79248	0.433116	2.23123	0.519443	1.79324	0.985981	1.35811			0.740999	1.34964		
0.520701	1.79555	0.435195	2.23127	0.521115	1.79631	0.987245	1.3547			0.742258	1.35227		
0.522375	1.79859	0.437274	2.23121	0.52279	1.79935	0.988506	1.35142			0.743519	1.35487		
0.524053	1.80161	0.439353	2.23118	0.524468	1.80234	0.989763	1.34831			0.744782	1.35749		
0.525733	1.80462	0.441432	2.23121	0.526149	1.80537	0.991018	1.34533			0.746048	1.36016		
0.527415	1.80759	0.443511	2.23118	0.527832	1.80831	0.99227	1.34249			0.747317	1.36284		
0.529101	1.8105	0.445589	2.23117	0.529519	1.81121	0.99352	1.33975			0.748588	1.36554		
0.530789	1.81342	0.447668	2.23116	0.531207	1.81413	0.994767	1.33717			0.749861	1.36821		
0.53248	1.81631	0.449747	2.23112	0.532899	1.81701	0.996011	1.33467			0.751137	1.3709		
0.534173	1.81915	0.451826	2.2311	0.534593	1.81988	0.997254	1.33229			0.752416	1.3736		
0.53587	1.82199	0.453904	2.23113	0.53629	1.82271	0.998494	1.33007			0.753697	1.37634		
0.537569	1.82481	0.455983	2.23111	0.53799	1.82548	0.999732	1.3279			0.754981	1.37907		
0.53927	1.82757	0.458062	2.23106	0.539692	1.82825	1.00097	1.32683			0.756267	1.38178		
0.540974	1.83031	0.46014	2.23107	0.541396	1.831					0.757555	1.38457		
0.542681	1.83307	0.462219	2.23104	0.543104	1.83372					0.758847	1.38728		
0.54439	1.83576	0.464298	2.23103	0.544813	1.83644					0.76014	1.39003		
0.546101	1.83843	0.466376	2.23105	0.546526	1.83912					0.761437	1.39283		
0.547815	1.84112	0.468455	2.23103	0.54824	1.84174					0.762736	1.39559		
0.549532	1.84375	0.470534	2.23098	0.549957	1.84437					0.764037	1.39832		
0.551251	1.84631	0.472612	2.23096	0.551677	1.847					0.765341	1.40108		
0.552972	1.8489	0.474691	2.23099	0.553399	1.84956					0.766648	1.40389		
0.554696	1.85152	0.476769	2.23096	0.555123	1.85212					0.767957	1.40668		
0.556423	1.85404	0.478848	2.23095	0.55685	1.85465					0.769269	1.40947		
0.558151	1.85654	0.480926	2.23094	0.558579	1.85716					0.770584	1.41222		
0.559882	1.85904	0.483005	2.23094	0.560311	1.85966					0.771901	1.41499		
0.561615	1.86149	0.485084	2.23094	0.562045	1.86212					0.77322	1.4178		
0.563351	1.86393	0.487162	2.2309	0.563781	1.86455					0.774543	1.4206		
0.565088	1.86639	0.489241	2.23088	0.565519	1.86698					0.775868	1.42339		
0.566829	1.8688	0.491319	2.23087	0.56726	1.86937					0.777195	1.42617		
0.568571	1.87117	0.493398	2.23087	0.569002	1.87173					0.778525	1.42892		
0.570315	1.87353	0.495476	2.23087	0.570747	1.87412					0.779858	1.43172		
0.572062	1.87585	0.497555	2.23087	0.572495	1.87645					0.781193	1.43452		
0.573811	1.87821	0.499633	2.23083	0.574244	1.87879					0.782531	1.4373		
0.575562	1.88053	0.501712	2.23081	0.575996	1.88109					0.783871	1.44009		
0.577315	1.88279	0.50379	2.23084	0.577749	1.88331					0.785214	1.44284		
0.57907	1.88501	0.505868	2.23081	0.579505	1.88559					0.78656	1.44564		
0.580827	1.88726	0.507947	2.23077	0.581263	1.88786					0.787908	1.44843		
0.582587	1.88952	0.510025	2.23078	0.583023	1.89006					0.789259	1.45118		
0.584348	1.89172	0.512104	2.23078	0.584785	1.89222					0.790612	1.45395		
0.586112	1.89387	0.514182	2.23075	0.586549	1.8944					0.791968	1.45673		
0.587877	1.89601	0.51626	2.23073	0.588315	1.89659					0.793327	1.45951		
0.589645	1.89818	0.518339	2.23076	0.590083	1.89871					0.794688	1.46225		
0.591414	1.90033	0.520417	2.23074	0.591853	1.90083					0.796051	1.46498		
0.593186	1.90243	0.522496	2.23069	0.593625	1.90295					0.797418	1.46777		
0.594959	1.9045	0.524574	2.2307	0.595399	1.905					0.798786	1.47052		
0.596735	1.90657	0.526652	2.23071	0.597175	1.90709					0.800158	1.47325		
0.598512	1.90862	0.528731	2.23071	0.598952	1.90916					0.801532	1.47597		
0.600291	1.91068	0.530809	2.23068	0.600732	1.91115					0.802908	1.47872		
0.602072	1.91269	0.532887	2.23066	0.602514	1.91317					0.804287	1.48145		
0.603855	1.91465	0.534965	2.23065	0.604297	1.91516					0.805669	1.48417		
0.60564	1.91666	0.537044	2.23065	0.606082	1.91715					0.807053	1.48689		
0.607427	1.91861	0.539122	2.23065	0.607869	1.9191					0.808439	1.48956		
0.609215	1.92058	0.5412	2.23061	0.609658	1.92106					0.809828	1.49229		
0.611006	1.92251	0.543279	2.23063	0.611449	1.92299					0.81122	1.49501		
0.612798	1.9244	0.545357	2.23064	0.613242	1.92487					0.812614	1.49769		
0.614591	1.92633	0.547435	2.2306	0.615036	1.92677					0.814011	1.50039		
0.616387	1.92821	0.549513	2.23059	0.616832	1.92867					0.81541	1.50309		
0.618184	1.93006	0.551592	2.23058	0.61863	1.93053					0.816812	1.50576		
0.619984	1.93191	0.55367	2.23057	0.620429	1.93234					0.818216	1.50841		
0.621784	1.93374	0.555748	2.23054	0.62223	1.9342					0.819622	1.51106		
0.623587	1.93554	0.557826	2.23055	0.624033	1.93601					0.821031	1.51373		
0.625391	1.93736	0.559904	2.23056	0.625838	1.93779					0.822443	1.51639		
0.627197	1.93918	0.561983	2.23053	0.627644	1.9396					0.823857	1.519		
0.629004	1.9409	0.564061	2.23051	0.629452	1.94138					0.825273	1.52166		
0.630814	1.94267	0.566139	2.23051	0.631262	1.94311					0.826692	1.52427		
0.632624	1.94444	0.568217	2.2305	0.633073	1.94482					0.828114	1.5269		
0.634437	1.94616	0.570295	2.2305	0.634886	1.94659					0.829538	1.52953		
0.636251	1.94787	0.572373	2.2305	0.6367	1.94832					0.830964	1.53209		
0.638066	1.94956	0.574451	2.23046	0.638516	1.94995					0.832393	1.53469		
0.639884	1.95125	0.57653	2.23048	0.640334	1.95165					0.833824	1.5373		
0.641702	1.9529	0.578608	2.23049	0.642153	1.95334					0.835257	1.53989		
0.643523	1.95457	0.580686	2.23046	0.643974	1.95499					0.836693	1.54247		
0.645345	1.95621	0.582764	2.23044	0.645796	1.95662					0.838131	1.545		
0.647168	1.95787	0.584842	2.23043	0.64762	1.95824					0.839572	1.54755		
0.648993	1.95947	0.58692	2.23043	0.649445	1.95986					0.841015	1.55015		
0.650819	1.96104	0.588998	2.23043	0.651272	1.96147					0.84246	1.55269		
0.652647	1.96267	0.591076	2.23039	0.6531	1.96305					0.843908	1.5552		
0.654476	1.96425	0.593154	2.23041	0.654929	1.9646					0.845358	1.55771		
0.656307	1.96577	0.595232	2.23042	0.656761	1.96619					0.846811	1.56024		
0.658139	1.96734	0.59731	2.23038	0.658593	1.96775					0.848266	1.56275		
0.659973	1.96889	0.599388	2.23037	0.660427	1.96926					0.849723	1.56525		
0.661808	1.9704	0.601466	2.23036	0.662263	1.97075					0.851182	1.56775		
0.663645	1.97192	0.603544	2.23036	0.6641	1.9723					0.852644	1.57024		
0.665483	1.97342	0.605622	2.23035	0.665938	1.97381					0.854108	1.5727		
0.667322	1.9749	0.6077	2.23035	0.667778	1.97526					0.855575	1.57517		
0.669163	1.97637	0.609778	2.23035	0.669619	1.97675					0.857044	1.57765		
0.671005	1.97784	0.611856	2.23035	0.671461	1.97819					0.858515	1.58006		
0.672848	1.97931	0.613934	2.23031	0.673305	1.97965					0.859988	1.58251		
0.674693	1.98074	0.616012	2.2303	0.67515	1.98111					0.861463	1.58495		
0.676539	1.98218	0.61809	2.23029	0.676996	1.9825					0.862941	1.58737		
0.678386	1.9836	0.620168	2.23028	0.678844	1.98392					0.864421	1.58979		
0.680235	1.98497	0.622246	2.23028	0.680693	1.98533					0.865904	1.59218		
0.682085	1.98639	0.624324	2.23028	0.682543	1.98673					0.867388	1.59458		
0.683937	1.98775	0.626402	2.23028	0.684395	1.98813					0.868875	1.59699		
0.685789	1.98913	0.62848	2.23028	0.686248	1.98949					0.870364	1.59936		
0.687643	1.99052	0.630558	2.23028	0.688102	1.99082					0.871855	1.60172		
0.689498	1.99184	0.632636	2.23024	0.689958	1.99215					0.873349	1.60411		
0.691355	1.99319	0.634714	2.23022	0.691815	1.99351					0.874844	1.60644		
0.693212	1.99452	0.636792	2.23025	0.693673	1.99485					0.876342	1.60878		
0.695071	1.99582	0.63887	2.23023	0.695532	1.99614					0.877842	1.61112		
0.696931	1.99712	0.640947	2.23022	0.697392	1.99745					0.879344	1.61346		
0.698793	1.99843	0.643025	2.23021	0.699254	1.99876					0.880849	1.6158		
0.700655	1.99975	0.645103	2.23021	0.701117	2.00004					0.882355	1.61807		
0.702519	2.00099	0.647181	2.23021	0.702981	2.00134					0.883864	1.62034		
0.704384	2.00227	0.649259	2.23017	0.704846	2.00261					0.885374	1.62265		
0.70625	2.00353	0.651337	2.23019	0.706712	2.00383					0.886887	1.62497		
0.708117	2.00475	0.653415	2.2302	0.70858	2.00506					0.888402	1.62723		
0.709986	2.00602	0.655493	2.23016	0.710448	2.0063					0.889919	1.62946		
0.711855	2.00724	0.65757	2.23015	0.712318	2.00755					0.891439	1.63171		
0.713726	2.00847	0.659648	2.23014	0.714189	2.00875					0.89296	1.63401		
0.715598	2.00967	0.661726	2.23014	0.716061	2.00994					0.894483	1.63622		
0.717471	2.01086	0.663804	2.23013	0.717935	2.01116					0.896009	1.63843		
0.719345	2.01204	0.665882	2.23013	0.719809	2.01235					0.897536	1.6407		
0.72122	2.01322	0.667959	2.23013	0.721684	2.01354					0.899066	1.6429		
0.723096	2.01443	0.670037	2.23013	0.723561	2.01471					0.900598	1.64506		
0.724974	2.01558	0.672115	2.23009	0.725439	2.01585					0.902132	1.64728		
0.726852	2.01671	0.674193	2.23008	0.727317	2.01701					0.903667	1.64948		
0.728732	2.01786	0.67627	2.2301	0.729197	2.01813					0.905205	1.65161		
0.730612	2.01902	0.678348	2.23012	0.731078	2.01925					0.906745	1.65377		
0.732494	2.02015	0.680426	2.23009	0.73296	2.02039					0.908287	1.65599		
0.734376	2.02122	0.682504	2.23007	0.734843	2.02155					0.909831	1.65812		
0.73626	2.02235	0.684582	2.23007	0.736727	2.02264					0.911377	1.66022		
0.738145	2.02346	0.686659	2.23003	0.738612	2.02373					0.912924	1.66236		
0.740031	2.02456	0.688737	2.23004	0.740498	2.02483					0.914474	1.66453		
0.741917	2.02567	0.690815	2.23005	0.742385	2.02589					0.916026	1.66664		
0.743805	2.02669	0.692892	2.23005	0.744273	2.02697					0.91758	1.66869		
0.745694	2.02776	0.69497	2.23006	0.746162	2.02806					0.919135	1.67081		
0.747584	2.02884	0.697048	2.23002	0.748052	2.02912					0.920693	1.67293		
0.749474	2.02993	0.699126	2.23	0.749943	2.03016					0.922253	1.67498		
0.751366	2.03095	0.701203	2.22999	0.751835	2.03119					0.923814	1.67703		
0.753259	2.03197	0.703281	2.22999	0.753728	2.03222					0.925378	1.67908		
0.755153	2.03303	0.705359	2.22999	0.755622	2.03329					0.926943	1.68117		
0.757047	2.03404	0.707436	2.22999	0.757516	2.03429					0.92851	1.68324		
0.758943	2.03505	0.709514	2.22999	0.759412	2.03527					0.93008	1.68522		
0.760839	2.03604	0.711592	2.22999	0.761309	2.03631					0.931651	1.68724		
0.762737	2.03704	0.713669	2.22999	0.763207	2.03731					0.933224	1.68931		
0.764635	2.03806	0.715747	2.22999	0.765105	2.03828					0.934798	1.6913		
0.766534	2.03901	0.717825	2.22995	0.767005	2.03928					0.936375	1.69329		
0.768435	2.03999	0.719902	2.22993	0.768905	2.04022					0.937954	1.6953		
0.770336	2.041	0.72198	2.22996	0.770807	2.0412					0.939534	1.69726		
0.772238	2.04194	0.724057	2.22993	0.772709	2.04217					0.941116	1.69923		
0.774141	2.04289	0.726135	2.22992	0.774612	2.04313					0.9427	1.7012		
0.776044	2.04384	0.728213	2.22992	0.776516	2.04409					0.944286	1.70318		
0.777949	2.04479	0.73029	2.22991	0.778421	2.045					0.945874	1.70512		
0.779855	2.0457	0.732368	2.22991	0.780327	2.04594					0.947464	1.70704		
0.781761	2.04664	0.734445	2.22991	0.782233	2.04688					0.949055	1.70899		
0.783668	2.04758	0.736523	2.22991	0.784141	2.04779					0.950648	1.71092		
0.785576	2.04849	0.738601	2.22988	0.786049	2.04869					0.952243	1.71283		
0.787486	2.04938	0.740678	2.22986	0.787958	2.04961					0.95384	1.71474		
0.789395	2.05027	0.742756	2.22988	0.789868	2.05051					0.955438	1.71665		
0.791306	2.05119	0.744833	2.2299	0.791779	2.05144					0.957039	1.71856		
0.793217	2.05209	0.746911	2.22987	0.793691	2.05231					0.958641	1.72043		
0.79513	2.05298	0.748988	2.22985	0.795603	2.05314					0.960244	1.72228		
0.797043	2.05383	0.751066	2.22985	0.797517	2.05404					0.96185	1.72415		
0.798957	2.05469	0.753144	2.22984	0.799431	2.05492					0.963457	1.72604		
0.800872	2.05556	0.755221	2.22984	0.801346	2.05581					0.965066	1.7279		
0.802787	2.05644	0.757299	2.22984	0.803262	2.05665					0.966677	1.72971		
0.804704	2.05728	0.759376	2.2298	0.805178	2.05747					0.968289	1.73153		
0.806621	2.0581	0.761454	2.22982	0.807095	2.05833					0.969904	1.73336		
0.808539	2.05895	0.763531	2.22983	0.809014	2.05916					0.971519	1.73519		
0.810457	2.05981	0.765609	2.2298	0.810933	2.06001					0.973137	1.73702		
0.812377	2.06065	0.767686	2.22978	0.812852	2.06084					0.974756	1.73881		
0.814297	2.06143	0.769764	2.22977	0.814773	2.06162					0.976377	1.74062		
0.816218	2.06223	0.771841	2.22981	0.816694	2.06245					0.978	1.74241		
0.81814	2.06307	0.773919	2.22979	0.818616	2.06327					0.979624	1.74414		
0.820062	2.06389	0.775996	2.22978	0.820539	2.06408					0.98125	1.74593		
0.821986	2.06466	0.778074	2.22977	0.822462	2.06485					0.982877	1.74773		
0.82391	2.06546	0.780151	2.22977	0.824386	2.06564					0.984506	1.74948		
0.825834	2.06625	0.782228	2.22977	0.826311	2.06647					0.986137	1.75119		
0.82776	2.06702	0.784306	2.22973	0.828237	2.06722					0.987769	1.75293		
0.829686	2.0678	0.786383	2.22975	0.830163	2.068					0.989403	1.75468		
0.831613	2.0686	0.788461	2.22976	0.83209	2.06879					0.991039	1.75643		
0.833541	2.06933	0.790538	2.22972	0.834018	2.06951					0.992676	1.75815		
0.835469	2.07009	0.792616	2.22971	0.835947	2.07028					0.994315	1.75985		
0.837398	2.07088	0.794693	2.2297	0.837876	2.07106					0.995956	1.76154		
0.839328	2.0716	0.79677	2.2297	0.839806	2.07179					0.997598	1.76323		
0.841258	2.07233	0.798848	2.22973	0.841736	2.07251					0.999241	1.76492		
0.843189	2.0731	0.800925	2.22971	0.843668	2.07328					1.00089	1.76575		
0.845121	2.07385	0.803003	2.22967	0.8456	2.07403								
0.847054	2.07459	0.80508	2.22968	0.847532	2.07477								
0.848987	2.07529	0.807157	2.22969	0.849466	2.07547								
0.850921	2.076	0.809235	2.22969	0.8514	2.07615								
0.852855	2.07673	0.811312	2.22969	0.853334	2.07689								
0.854791	2.07742	0.81339	2.22965	0.85527	2.07763								
0.856727	2.07813	0.815467	2.22964	0.857206	2.07829								
0.858663	2.07882	0.817544	2.22966	0.859143	2.07899								
0.8606	2.07953	0.819622	2.22964	0.86108	2.0797								
0.862538	2.08025	0.821699	2.22963	0.863018	2.08039								
0.864476	2.0809	0.823776	2.22966	0.864956	2.0811								
0.866416	2.08159	0.825854	2.22964	0.866896	2.08179								
0.868355	2.08227	0.827931	2.22959	0.868836	2.08242								
0.870296	2.08294	0.830008	2.22961	0.870776	2.0831								
0.872237	2.08364	0.832086	2.22961	0.872717	2.08378								
0.874178	2.08428	0.834163	2.22962	0.874659	2.08444								
0.87612	2.08493	0.83624	2.22962	0.876601	2.0851								
0.878063	2.08559	0.838318	2.22958	0.878544	2.08573								
0.880007	2.08624	0.840395	2.22956	0.880488	2.08641								
0.881951	2.08686	0.842472	2.22959	0.882432	2.08704								
0.883895	2.08751	0.844549	2.22957	0.884377	2.08768								
0.885841	2.08819	0.846627	2.22956	0.886322	2.08834								
0.887786	2.08879	0.848704	2.22959	0.888268	2.08895								
0.889733	2.08942	0.850781	2.22957	0.890215	2.08959								
0.89168	2.09006	0.852859	2.22952	0.892162	2.09021								
0.893627	2.09068	0.854936	2.22953	0.89411	2.09084								
0.895576	2.09128	0.857013	2.22954	0.896058	2.09145								
0.897524	2.09191	0.85909	2.22954	0.898007	2.09205								
0.899474	2.09252	0.861168	2.22954	0.899956	2.09264								
0.901423	2.09312	0.863245	2.22951	0.901906	2.09327								
0.903374	2.09374	0.865322	2.22953	0.903857	2.09388								
0.905325	2.09431	0.867399	2.2295	0.905808	2.09447								
0.907276	2.09493	0.869476	2.22949	0.90776	2.09506								
0.909229	2.09549	0.871554	2.22952	0.909712	2.09565								
0.911181	2.09607	0.873631	2.22949	0.911665	2.09624								
0.913134	2.09668	0.875708	2.22948	0.913618	2.09679								
0.915088	2.09725	0.877785	2.22948	0.915572	2.09739								
0.917042	2.09782	0.879862	2.22948	0.917526	2.09799								
0.918997	2.0984	0.88194	2.22947	0.919481	2.09854								
0.920953	2.09899	0.884017	2.22944	0.921437	2.09911								
0.922908	2.09954	0.886094	2.22945	0.923393	2.09969								
0.924865	2.10007	0.888171	2.22946	0.925349	2.10023								
0.926822	2.10066	0.890248	2.22943	0.927306	2.10076								
0.928779	2.10121	0.892325	2.22945	0.929264	2.10132								
0.930737	2.10175	0.894403	2.22943	0.931222	2.10189								
0.932696	2.10231	0.89648	2.22941	0.93318	2.10244								
0.934654	2.10281	0.898557	2.22944	0.93514	2.10296								
0.936614	2.10335	0.900634	2.22942	0.937099	2.10352								
0.938574	2.10391	0.902711	2.22941	0.939059	2.10405								
0.940534	2.10445	0.904788	2.2294	0.94102	2.10458								
0.942495	2.10498	0.906865	2.2294	0.942981	2.1051								
0.944457	2.1055	0.908943	2.2294	0.944942	2.10561								
0.946419	2.10605	0.91102	2.22936	0.946904	2.10616								
0.948381	2.10655	0.913097	2.22938	0.948867	2.10669								
0.950344	2.10705	0.915174	2.22939	0.95083	2.10722								
0.952307	2.1076	0.917251	2.22936	0.952794	2.1077								
0.954271	2.10809	0.919328	2.22938	0.954757	2.10819								
0.956236	2.10859	0.921405	2.22935	0.956722	2.1087								
0.9582	2.1091	0.923482	2.22934	0.958687	2.10921								
0.960166	2.10961	0.925559	2.22933	0.960652	2.10975								
0.962131	2.11008	0.927636	2.22933	0.962618	2.11025								
0.964098	2.11058	0.929713	2.22936	0.964584	2.11068								
0.966064	2.11108	0.93179	2.22934	0.966551	2.11119								
0.968031	2.11155	0.933868	2.2293	0.968518	2.1117								
0.969999	2.11208	0.935945	2.22931	0.970486	2.11217								
0.971967	2.11256	0.938022	2.22932	0.972454	2.11266								
0.973935	2.11299	0.940099	2.22932	0.974423	2.11313								
0.975904	2.11349	0.942176	2.22932	0.976392	2.11362								
0.977874	2.11397	0.944253	2.22929	0.978361	2.11409								
0.979843	2.11442	0.94633	2.22927	0.980331	2.11454								
0.981814	2.11491	0.948407	2.2293	0.982301	2.11502								
0.983784	2.11537	0.950484	2.22928	0.984272	2.11548								
0.985755	2.11586	0.952561	2.22926	0.986243	2.11597								
0.987727	2.11628	0.954638	2.22929	0.988215	2.11643								
0.989699	2.11675	0.956715	2.22927	0.990187	2.11685								
0.991671	2.11721	0.958792	2.22923	0.99216	2.11731								
0.993644	2.11765	0.960869	2.22924	0.994133	2.1178								
0.995617	2.11813	0.962946	2.22925	0.996106	2.11822								
0.997591	2.11856	0.965023	2.22925	0.99808	2.11866								
0.999565	2.11899	0.9671	2.22925	1.00005	2.1189								
1.00154	2.11921	0.969177	2.22922										
		0.971254	2.22923										
		0.973331	2.22921										
		0.975407	2.22919										
		0.977484	2.22922										
		0.979561	2.2292										
		0.981638	2.22919										
		0.983715	2.22918										
		0.985792	2.22918										
		0.987869	2.22918										
		0.989946	2.22918										
		0.992023	2.22918										
		0.9941	2.22914										
		0.996177	2.22916										
		0.998254	2.22917										
		1.00033	2.22915										
