Sym0		Asym0		Sym1		Sym2		Sym3		Sym4		Sym5		Asym1		Asym2		Asym3		Asym4		Asym5	
385  Points		381  Points		385  Points		374  Points		366  Points		329  Points		120  Points		381  Points		375  Points		365  Points		173  Points		120  Points	
Freq (MHz)	Vgr (m/ms)	Freq (MHz)	Vgr (m/ms)	Freq (MHz)	Vgr (m/ms)	Freq (MHz)	Vgr (m/ms)	Freq (MHz)	Vgr (m/ms)	Freq (MHz)	Vgr (m/ms)	Freq (MHz)	Vgr (m/ms)	Freq (MHz)	Vgr (m/ms)	Freq (MHz)	Vgr (m/ms)	Freq (MHz)	Vgr (m/ms)	Freq (MHz)	Vgr (m/ms)	Freq (MHz)	Vgr (m/ms)
2.20267	2.47345	0.346266	0.264813	2.20223	2.47308	0.692221	0.102068	1.38441	-0.213095	1.45819	0.184833	2.07663	-0.0571864	0.346159	0.193025	2.20156	2.06675	1.03835	0.268199	1.73054	-0.0691549	1.94425	0.0697006
2.19696	2.47075	0.346877	0.363827	2.19652	2.47038	0.692457	0.183815	1.38392	-0.343061	1.45861	0.332153	2.0765	-0.0803183	0.346604	0.292505	2.19679	2.06737	1.03897	0.440898	1.73038	-0.110989	1.94441	0.124037
2.19127	2.46537	0.347945	0.560087	2.19083	2.46492	0.69307	0.345998	1.38283	-0.590795	1.45972	0.615472	2.07626	-0.126423	0.347509	0.489942	2.19202	2.06897	1.04039	0.768275	1.73002	-0.19401	1.94482	0.232115
2.18559	2.45989	0.349462	0.752145	2.18515	2.45943	0.694054	0.50491	1.38119	-0.810362	1.46145	0.872074	2.07591	-0.17205	0.348865	0.683693	2.18724	2.0712	1.04252	1.05499	1.72948	-0.275386	1.94548	0.338628
2.17992	2.45426	0.351416	0.938799	2.17948	2.45386	0.6954	0.659258	1.37909	-0.996955	1.46375	1.09634	2.07546	-0.216943	0.350664	0.872416	2.18246	2.07405	1.04526	1.29618	1.72875	-0.354493	1.94638	0.442963
2.17426	2.44859	0.353794	1.11889	2.17382	2.44814	0.697096	0.807846	1.37659	-1.15034	1.46651	1.28713	2.07491	-0.260879	0.352891	1.05496	2.17767	2.07762	1.0485	1.49388	1.72785	-0.430677	1.94752	0.544478
2.16862	2.4428	0.356579	1.29151	2.16818	2.44235	0.699128	0.949749	1.37378	-1.27313	1.46969	1.44678	2.07426	-0.303706	0.355532	1.23036	2.17287	2.08191	1.05215	1.65373	1.72677	-0.503431	1.9489	0.6427
2.16299	2.43693	0.359754	1.45598	2.16255	2.43647	0.701479	1.08421	1.37072	-1.36922	1.47319	1.57918	2.07351	-0.345268	0.358569	1.39784	2.16806	2.08691	1.05613	1.78249	1.72552	-0.5724	1.95049	0.737263
2.15737	2.43098	0.363298	1.61178	2.15694	2.4305	0.704131	1.21076	1.36746	-1.4429	1.47697	1.68848	2.07267	-0.385473	0.361983	1.55679	2.16324	2.09273	1.06038	1.88641	1.72412	-0.637169	1.9523	0.827659
2.15177	2.42488	0.367192	1.75851	2.15133	2.42442	0.707066	1.32916	1.36406	-1.49811	1.48098	1.77883	2.07173	-0.424134	0.365753	1.70681	2.15841	2.09939	1.06484	1.9707	1.72258	-0.697493	1.95431	0.913676
2.14618	2.41874	0.371414	1.89596	2.14575	2.41827	0.710265	1.43926	1.36055	-1.53823	1.48518	1.8537	2.07071	-0.461028	0.36986	1.84764	2.15355	2.10685	1.06947	2.0396	1.72091	-0.753249	1.95651	0.995182
2.14061	2.41255	0.375942	2.02416	2.14017	2.41204	0.713708	1.54117	1.35696	-1.5661	1.48954	1.91598	2.0696	-0.496143	0.37428	1.97914	2.14868	2.1151	1.07425	2.09631	1.71911	-0.804263	1.9589	1.07206
2.13505	2.40624	0.380755	2.14316	2.13462	2.40573	0.717377	1.63504	1.35332	-1.58381	1.49402	1.96797	2.06842	-0.529385	0.378993	2.10144	2.14379	2.12428	1.07914	2.14323	1.71719	-0.850553	1.96146	1.14423
2.1295	2.39985	0.385832	2.25306	2.12907	2.39934	0.721254	1.72106	1.34965	-1.59318	1.49862	2.01152	2.06716	-0.56064	0.383978	2.21457	2.13888	2.13429	1.08414	2.18229	1.71518	-0.892084	1.96418	1.21166
2.12397	2.39337	0.391152	2.35405	2.12354	2.39287	0.72532	1.79957	1.34597	-1.59564	1.50331	2.04815	2.06583	-0.589752	0.389213	2.31896	2.13394	2.14508	1.08921	2.21492	1.71308	-0.92893	1.96705	1.27444
2.11846	2.38685	0.396695	2.44646	2.11803	2.38637	0.729558	1.87096	1.34229	-1.59215	1.50807	2.07894	2.06444	-0.616703	0.393963	2.40296	2.12898	2.1567	1.09436	2.24217	1.71089	-0.961241	1.97006	1.33271
2.11296	2.38026	0.402442	2.53051	2.11253	2.37973	0.733954	1.93552	1.33862	-1.58356	1.5129	2.10478	2.06299	-0.641452	0.398141	2.46937	2.12399	2.16904	1.09956	2.26482	1.70864	-0.989021	1.9732	1.38654
2.10747	2.37361	0.408373	2.60646	2.10705	2.37306	0.73849	1.9936	1.33498	-1.57062	1.51778	2.12642	2.06148	-0.663925	0.401679	2.52089	2.11897	2.18213	1.10481	2.2836	1.70633	-1.0125	1.97646	1.43606
2.102	2.36689	0.41447	2.67466	2.10158	2.36637	0.743154	2.04561	1.33137	-1.55376	1.52271	2.14443	2.05992	-0.684115	0.404526	2.55953	2.11392	2.19586	1.1101	2.29897	1.70397	-1.03178	1.97983	1.4814
2.09655	2.36011	0.420716	2.73532	2.09613	2.35958	0.74793	2.09182	1.32781	-1.53336	1.52768	2.15915	2.05832	-0.701937	0.406647	2.58666	2.10884	2.21006	1.11542	2.31125	1.70157	-1.04696	1.9833	1.52271
2.09111	2.3533	0.427093	2.78874	2.09069	2.35275	0.752807	2.13262	1.3243	-1.50985	1.53268	2.17099	2.05668	-0.717366	0.408016	2.60336	2.10372	2.22477	1.12077	2.32079	1.69914	-1.05829	1.98686	1.56016
2.08569	2.34641	0.433585	2.83509	2.08527	2.34591	0.757772	2.16821	1.32084	-1.48333	1.5377	2.18026	2.05501	-0.730426	0.409998	2.62666	2.09857	2.23991	1.12613	2.32779	1.69668	-1.06586	1.9905	1.59388
2.08028	2.33952	0.440177	2.87454	2.07986	2.33902	0.762813	2.1989	1.31745	-1.45402	1.54274	2.18708	2.05331	-0.741091	0.412173	2.65109	2.09338	2.25526	1.13151	2.33241	1.69422	-1.06978	1.99421	1.62405
2.07489	2.33263	0.446851	2.90737	2.07448	2.33206	0.767919	2.2249	1.31413	-1.42206	1.54779	2.19171	2.05159	-0.749311	0.415162	2.6827	2.08816	2.27078	1.13689	2.33484	1.69175	-1.07024	1.99799	1.65078
2.06952	2.32565	0.453593	2.9337	2.0691	2.3251	0.77308	2.24635	1.31089	-1.38759	1.55285	2.19429	2.04985	-0.755057	0.418992	2.72014	2.08291	2.28637	1.14228	2.33517	1.68928	-1.06735	2.00183	1.67419
2.06416	2.31865	0.460389	2.95354	2.06375	2.31813	0.778286	2.26355	1.30773	-1.35065	1.55792	2.19485	2.04811	-0.758347	0.423692	2.76169	2.07761	2.30188	1.14767	2.33348	1.68682	-1.06121	2.00572	1.69436
2.05882	2.31168	0.467223	2.967	2.05841	2.31115	0.783526	2.27663	1.30466	-1.31126	1.56298	2.19348	2.04635	-0.759213	0.429292	2.80545	2.07228	2.31731	1.15305	2.32981	1.68438	-1.05192	2.00965	1.71141
2.05349	2.30469	0.474081	2.97422	2.05308	2.30416	0.788792	2.28566	1.30168	-1.26956	1.56804	2.1903	2.0446	-0.75765	0.43582	2.84926	2.06692	2.33247	1.15842	2.32415	1.68197	-1.03957	2.01362	1.72552
2.04818	2.29769	0.480949	2.97511	2.04777	2.29713	0.794074	2.29075	1.2988	-1.22541	1.57309	2.18533	2.04286	-0.753572	0.442441	2.88648	2.06152	2.34729	1.16378	2.31663	1.67959	-1.02424	2.01761	1.73666
2.04289	2.2907	0.487811	2.96972	2.04248	2.29018	0.799363	2.29207	1.29602	-1.17886	1.57813	2.1786	2.04113	-0.747028	0.44914	2.91706	2.05609	2.36175	1.16911	2.30724	1.67724	-1.00603	2.02163	1.74489
2.03761	2.28377	0.494653	2.95806	2.0372	2.28322	0.804651	2.28967	1.29336	-1.12999	1.58314	2.17006	2.03941	-0.738041	0.455902	2.94114	2.05062	2.3758	1.17442	2.29593	1.67494	-0.984993	2.02567	1.75036
2.03235	2.27686	0.501462	2.94	2.03194	2.27628	0.80993	2.28368	1.29081	-1.0787	1.58814	2.1598	2.03772	-0.726511	0.462713	2.95886	2.04512	2.38934	1.17971	2.28275	1.6727	-0.961159	2.02971	1.75309
2.0271	2.26992	0.508221	2.91562	2.0267	2.26942	0.814515	2.27553	1.28838	-1.02496	1.59311	2.14784	2.03606	-0.712534	0.469557	2.97017	2.03959	2.40234	1.18496	2.26768	1.67051	-0.934658	2.03376	1.75313
2.02188	2.26308	0.514917	2.88486	2.02147	2.26258	0.818408	2.26652	1.28608	-0.968829	1.59805	2.1341	2.03443	-0.696079	0.47642	2.9752	2.03404	2.41481	1.19017	2.25073	1.66838	-0.90546	2.0378	1.75044
2.01666	2.25635	0.521534	2.84758	2.01626	2.25579	0.821615	2.25752	1.28391	-0.910178	1.60296	2.11863	2.03285	-0.677086	0.483287	2.97399	2.02845	2.4267	1.19535	2.2319	1.66633	-0.873578	2.04183	1.74512
2.01146	2.24963	0.528058	2.80387	2.01106	2.24909	0.824141	2.2495	1.28188	-0.849054	1.60783	2.10138	2.03131	-0.655578	0.490144	2.96645	2.02284	2.43802	1.20047	2.21109	1.66435	-0.83911	2.04585	1.73719
2.00628	2.243	0.534473	2.75372	2.00588	2.24251	0.825992	2.24299	1.27999	-0.7854	1.61266	2.08235	2.02982	-0.631605	0.496976	2.95262	2.0172	2.44881	1.20555	2.18838	1.66246	-0.802035	2.04985	1.72661
2.00111	2.23648	0.540766	2.69716	2.00071	2.236	0.827174	2.23862	1.27825	-0.719249	1.61744	2.0615	2.02839	-0.60512	0.50377	2.93244	2.01154	2.45897	1.21057	2.16374	1.66065	-0.762454	2.05382	1.71343
1.99596	2.2301	0.54692	2.63434	1.99556	2.22959	0.828869	2.23202	1.27667	-0.650595	1.62217	2.03883	2.02703	-0.576099	0.510509	2.90588	2.00585	2.46858	1.21553	2.13711	1.65894	-0.720354	2.05776	1.69768
1.99082	2.22387	0.552922	2.56533	1.99042	2.22336	0.830705	2.22431	1.27525	-0.57935	1.62685	2.01437	2.02573	-0.544572	0.51718	2.87285	2.00014	2.4777	1.22043	2.10853	1.65733	-0.675705	2.06165	1.67938
1.9857	2.21778	0.558759	2.49044	1.9853	2.21734	0.833192	2.21322	1.274	-0.505634	1.63147	1.98808	2.02451	-0.510522	0.523767	2.83342	1.99442	2.48627	1.22526	2.07802	1.65582	-0.628594	2.06551	1.65846
1.98059	2.2119	0.564415	2.41002	1.98019	2.21145	0.836318	2.19793	1.27292	-0.429468	1.63602	1.9599	2.02338	-0.473988	0.530255	2.78755	1.98867	2.49434	1.23002	2.04556	1.65443	-0.579122	2.06931	1.63499
1.97549	2.20621	0.56988	2.32439	1.97509	2.20575	0.840069	2.17773	1.27202	-0.350891	1.64051	1.92991	2.02233	-0.434978	0.536631	2.73518	1.98291	2.5019	1.2347	2.0112	1.65315	-0.527201	2.07305	1.60899
1.9704	2.20076	0.575142	2.23415	1.97001	2.20037	0.844423	2.15163	1.2713	-0.269981	1.64493	1.89804	2.02137	-0.393506	0.542878	2.67643	1.97712	2.50903	1.2393	1.97491	1.65199	-0.472943	2.07673	1.58052
1.96533	2.19566	0.58019	2.13988	1.96494	2.1953	0.849351	2.11863	1.27077	-0.186824	1.64927	1.86433	2.02051	-0.3496	0.548982	2.6115	1.97133	2.51575	1.24382	1.93677	1.65096	-0.41643	2.08035	1.54957
1.96027	2.19087	0.585017	2.04221	1.95988	2.19053	0.8542	2.08235	1.27044	-0.101515	1.65353	1.82885	2.01976	-0.303316	0.554929	2.54051	1.96551	2.52202	1.24824	1.89687	1.65007	-0.357676	2.08388	1.51616
1.95522	2.18643	0.589615	1.94196	1.95483	2.1861	0.858961	2.04275	1.2703	-0.0142938	1.65771	1.79158	2.01911	-0.254693	0.560706	2.46367	1.95969	2.52789	1.25257	1.85518	1.64931	-0.296785	2.08734	1.48041
1.95018	2.18245	0.593979	1.84004	1.94979	2.18215	0.863627	1.99999	1.27037	0.0747007	1.6618	1.75256	2.01858	-0.20381	0.566298	2.38141	1.95385	2.53341	1.2568	1.81192	1.6487	-0.233815	2.09072	1.44237
1.94515	2.17896	0.598106	1.73726	1.94476	2.17872	0.868191	1.95415	1.2706	0.153605	1.6658	1.71188	2.01817	-0.150751	0.571695	2.29418	1.948	2.53858	1.26041	1.77302	1.64824	-0.168959	2.094	1.4021
1.94013	2.17608	0.601996	1.63454	1.93974	2.1759	0.872645	1.90523	1.27092	0.221648	1.6697	1.66963	2.01789	-0.0955356	0.576886	2.20244	1.94213	2.54343	1.26342	1.73892	1.64792	-0.102308	2.09719	1.3598
1.93511	2.17391	0.605649	1.53282	1.93472	2.17376	0.876983	1.85341	1.27127	0.278483	1.6735	1.62585	2.01773	-0.0383518	0.581859	2.10692	1.93626	2.54801	1.26586	1.71017	1.64776	-0.0339556	2.10027	1.31556
1.93009	2.17249	0.60907	1.43287	1.92971	2.17241	0.881198	1.79886	1.27161	0.323633	1.6772	1.5807	2.01771	0.0206298	0.586609	2.00832	1.93038	2.55227	1.26777	1.68716	1.64776	0.0359705	2.10326	1.26948
1.92508	2.17201	0.612262	1.33557	1.92469	2.17199	0.885284	1.74167	1.27189	0.357156	1.6808	1.53427	2.01783	0.0813756	0.591127	1.90743	1.92448	2.55623	1.26915	1.66998	1.64793	0.107195	2.10613	1.22177
1.92007	2.17258	0.615233	1.24169	1.91968	2.17269	0.889236	1.68209	1.27209	0.378564	1.68428	1.48675	2.01808	0.143688	0.595411	1.80509	1.91858	2.55999	1.27003	1.6589	1.64826	0.17955	2.1089	1.17266
1.91506	2.17444	0.617992	1.15185	1.91467	2.17466	0.893047	1.62037	1.27238	0.409349	1.68766	1.4383	2.01849	0.207374	0.599457	1.70225	1.91267	2.56347	1.27128	1.64293	1.64876	0.252924	2.11154	1.12233
1.91004	2.17781	0.620548	1.06658	1.90965	2.1781	0.896713	1.5567	1.27274	0.443033	1.69092	1.38906	2.01904	0.272272	0.603266	1.59974	1.90675	2.56676	1.27263	1.62548	1.64943	0.327014	2.11407	1.07103
1.90501	2.1828	0.622914	0.986278	1.90462	2.18329	0.900231	1.49132	1.27326	0.48881	1.69407	1.33929	2.01974	0.338127	0.60684	1.49853	1.90082	2.56984	1.27443	1.6015	1.65027	0.401586	2.11649	1.01904
1.89996	2.18975	0.6251	0.911289	1.89957	2.19044	0.903595	1.42457	1.27399	0.547021	1.6971	1.2892	2.0206	0.404724	0.610182	1.39941	1.89489	2.5727	1.27668	1.57087	1.65128	0.47639	2.11878	0.966556
1.8949	2.19898	0.627119	0.841878	1.89451	2.19977	0.906805	1.35666	1.27499	0.617332	1.70002	1.23897	2.02161	0.471853	0.613298	1.30319	1.88895	2.57534	1.27934	1.53355	1.65247	0.551217	2.12095	0.913954
1.88982	2.21071	0.628985	0.778129	1.88942	2.2117	0.909856	1.28799	1.27631	0.699725	1.70282	1.18896	2.02278	0.539243	0.616196	1.21066	1.88301	2.57784	1.28238	1.48938	1.65382	0.625799	2.123	0.861485
1.8847	2.22515	0.63071	0.720063	1.8843	2.22639	0.912748	1.2189	1.27804	0.794003	1.7055	1.13934	2.0241	0.606639	0.618885	1.12228	1.87705	2.58021	1.28576	1.43842	1.65535	0.699816	2.12492	0.809355
1.87955	2.24252	0.632308	0.667653	1.87915	2.24399	0.915481	1.1496	1.27998	0.887468	1.70808	1.09041	2.02558	0.673829	0.621375	1.03861	1.8711	2.58238	1.28902	1.38746	1.65682	0.763737	2.12673	0.757977
1.87435	2.26292	0.633791	0.620768	1.87395	2.26461	0.918054	1.08053	1.28213	0.979867	1.71054	1.04244	2.02721	0.740532	0.623678	0.960121	1.86514	2.58439	1.29216	1.33674	1.65818	0.817639	2.12842	0.70766
1.8691	2.28621	0.635173	0.579293	1.8687	2.28812	0.920467	1.01197	1.2845	1.07085	1.71259	1.00155	2.029	0.806483	0.625806	0.887037	1.85917	2.58626	1.29519	1.28656	1.65937	0.861672	2.13	0.65859
1.8638	2.31214	0.636465	0.542997	1.86339	2.31426	0.922724	0.944259	1.28708	1.16	1.71428	0.967626	2.03093	0.871441	0.627771	0.81955	1.8532	2.58804	1.2981	1.23722	1.66036	0.896219	2.13146	0.611059
1.85843	2.34012	0.637678	0.511641	1.85802	2.34238	0.924825	0.877699	1.28985	1.24705	1.71563	0.940203	2.03302	0.935146	0.629588	0.757719	1.84723	2.58963	1.3009	1.18904	1.6611	0.921341	2.13282	0.565364
1.853	2.36949	0.638826	0.485038	1.85258	2.37181	0.926774	0.812559	1.29283	1.33163	1.71667	0.919042	2.03525	0.997372	0.631268	0.701571	1.84125	2.59111	1.30359	1.14247	1.66159	0.937279	2.13407	0.521726
1.8475	2.39937	0.639917	0.462886	1.84707	2.40166	0.928575	0.749118	1.296	1.41347	1.71742	0.903721	2.03762	1.05795	0.632825	0.651085	1.83527	2.59253	1.30617	1.09772	1.66231	0.960093	2.13522	0.480374
1.84193	2.4288	0.640962	0.444876	1.84149	2.43105	0.930231	0.687587	1.29935	1.49229	1.7179	0.894138	2.04013	1.11665	0.634273	0.606067	1.82929	2.59376	1.30865	1.05513	1.66312	0.984649	2.13629	0.441469
1.83629	2.45714	0.641842	0.432344	1.83585	2.45929	0.931748	0.628184	1.30289	1.56781	1.71857	0.880605	2.04277	1.17324	0.635622	0.566345	1.8233	2.5949	1.31104	1.01523	1.66424	1.01768	2.13726	0.405187
1.83059	2.4837	0.642575	0.423855	1.83014	2.48566	0.93313	0.57109	1.30659	1.63982	1.71929	0.865992	2.04554	1.22761	0.636886	0.531763	1.81731	2.59593	1.31334	0.978293	1.66571	1.05878	2.13816	0.371735
1.82483	2.50804	0.643172	0.418386	1.82438	2.50983	0.934383	0.516506	1.31045	1.70808	1.72025	0.846739	2.04844	1.27958	0.638076	0.502058	1.81132	2.59683	1.31556	0.944624	1.66757	1.10742	2.13898	0.341231
1.81902	2.53	0.643638	0.414984	1.81856	2.53159	0.935514	0.464531	1.31447	1.77242	1.72143	0.823259	2.05145	1.32911	0.639203	0.476987	1.80533	2.59768	1.3177	0.91468	1.66985	1.16294	2.13973	0.313696
1.81315	2.54952	0.643979	0.412885	1.8127	2.55094	0.936527	0.415252	1.31863	1.83268	1.72282	0.796128	2.05416	1.37017	0.640277	0.456359	1.79933	2.59842	1.31978	0.888831	1.67261	1.2244	2.14042	0.289314
1.80725	2.56673	0.644197	0.411816	1.80679	2.56803	0.93743	0.36875	1.32293	1.88878	1.72439	0.76627	2.05654	1.40354	0.641309	0.439783	1.79334	2.59903	1.3218	0.867484	1.6755	1.28337	2.14107	0.268163
1.80131	2.58183	0.644509	0.410612	1.80085	2.58294	0.938229	0.325028	1.32735	1.94056	1.72612	0.734693	2.05855	1.43008	0.642307	0.427027	1.78734	2.59952	1.32378	0.850914	1.67853	1.33963	2.14166	0.250176
1.79534	2.59502	0.644847	0.409636	1.79487	2.59593	0.93893	0.284161	1.33188	1.9879	1.72778	0.70627	2.06016	1.45021	0.64328	0.417902	1.78134	2.59998	1.32573	0.839553	1.68168	1.39302	2.14215	0.237111
1.78933	2.60647	0.645305	0.408948	1.78887	2.60726	0.93954	0.246149	1.33652	2.03073	1.72938	0.681146	2.06137	1.46468	0.644235	0.412131	1.77534	2.60031	1.32765	0.833873	1.68496	1.44345	2.14255	0.227944
1.78331	2.6164	0.645884	0.40907	1.78284	2.61711	0.940066	0.210956	1.34125	2.06903	1.73092	0.659501	2.06214	1.47371	0.645182	0.409466	1.76934	2.60053	1.32958	0.834182	1.68834	1.49071	2.14287	0.221725
1.77726	2.62505	0.646586	0.41055	1.77679	2.62566	0.940514	0.178529	1.34607	2.10275	1.73242	0.641575	2.06326	1.4862	0.646125	0.409634	1.76334	2.60068	1.3315	0.840818	1.69184	1.53478	2.14311	0.217699
1.77119	2.63261	0.647414	0.414008	1.77072	2.63318	0.94089	0.148838	1.35096	2.13184	1.73388	0.627448	2.06449	1.49962	0.647072	0.412465	1.75734	2.60069	1.33346	0.854317	1.69543	1.57559	2.14329	0.215374
1.76511	2.63923	0.648375	0.420214	1.76464	2.63971	0.9412	0.121871	1.35591	2.15628	1.73532	0.617235	2.06618	1.5173	0.648028	0.417763	1.75134	2.60063	1.33545	0.874983	1.69911	1.61303	2.1434	0.213988
1.75901	2.64501	0.649353	0.428518	1.75854	2.64545	0.941452	0.0975114	1.36091	2.176	1.73673	0.611067	2.06835	1.53855	0.649	0.425282	1.74534	2.60045	1.33749	0.903223	1.70287	1.64713	2.14357	0.212335
1.7529	2.65012	0.650353	0.438822	1.75243	2.65049	0.94165	0.0756635	1.36595	2.19103	1.73814	0.609044	2.07101	1.56281	0.649991	0.434864	1.73934	2.60015	1.33961	0.939426	1.70671	1.67781	2.14374	0.211116
1.74678	2.65464	0.651378	0.450968	1.74631	2.65493	0.941801	0.0562435	1.37102	2.20143	1.73954	0.611219	2.07418	1.58919	0.651007	0.446394	1.73334	2.59977	1.34183	0.983895	1.71061	1.70504	2.14398	0.210012
1.74065	2.65861	0.652434	0.464805	1.74018	2.65891	0.94191	0.0392459	1.37611	2.20715	1.74096	0.617653	2.07788	1.6168	0.652051	0.459666	1.72734	2.59924	1.34415	1.037	1.71458	1.72888	2.14427	0.209804
1.73451	2.66216	0.653523	0.480183	1.73404	2.66238	0.941982	0.0244849	1.38121	2.20818	1.74239	0.628414	2.08164	1.64149	0.653128	0.474468	1.72134	2.59862	1.34661	1.09893	1.71859	1.74922	2.14463	0.211193
1.72837	2.6653	0.65465	0.496918	1.72789	2.66553	0.942023	0.0118675	1.3863	2.20459	1.74386	0.643463	2.08545	1.66324	0.654241	0.490732	1.71535	2.59789	1.34923	1.16988	1.72265	1.76617	2.14506	0.21512
1.72222	2.66807	0.655817	0.514953	1.72174	2.66831	0.942037	0.00138407	1.39138	2.19635	1.74536	0.662889	2.08932	1.6821	0.655392	0.508349	1.70936	2.59701	1.35201	1.24993	1.72674	1.77977	2.14556	0.222526
1.71606	2.67061	0.657026	0.534188	1.71558	2.67079	0.942029	-0.00711694	1.39644	2.18355	1.74692	0.686665	2.09322	1.69808	0.656586	0.527154	1.70336	2.59598	1.35499	1.33902	1.73086	1.78994	2.14609	0.233077
1.70989	2.6729	0.658282	0.554462	1.70941	2.67305	0.942004	-0.0136746	1.40146	2.16627	1.74853	0.714702	2.09715	1.71124	0.657825	0.547031	1.69738	2.59481	1.35819	1.43693	1.735	1.79678	2.14664	0.246775
1.70372	2.67492	0.659585	0.575658	1.70324	2.67506	0.941966	-0.0184549	1.40643	2.14449	1.75021	0.747068	2.10111	1.72159	0.659111	0.567919	1.69139	2.59349	1.36163	1.54327	1.73915	1.80038	2.14723	0.263585
1.69755	2.67676	0.660938	0.597683	1.69707	2.6769	0.941919	-0.0215408	1.41135	2.11833	1.75198	0.783649	2.1051	1.72914	0.660446	0.589679	1.68541	2.59202	1.36531	1.65737	1.74331	1.80076	2.14785	0.283416
1.69137	2.67839	0.662343	0.620523	1.69089	2.67852	0.941867	-0.0229373	1.41621	2.08792	1.75383	0.824352	2.10909	1.73398	0.661832	0.612241	1.67943	2.5904	1.36927	1.77848	1.74746	1.79794	2.14853	0.306222
1.68519	2.67989	0.663802	0.644065	1.68471	2.68	0.941813	-0.0227932	1.42099	2.05328	1.75578	0.869019	2.1131	1.73626	0.663271	0.635534	1.67345	2.58856	1.37352	1.9056	1.75161	1.79203	2.14927	0.331908
1.679	2.68128	0.665316	0.668177	1.67852	2.68136	0.941762	-0.0211831	1.42568	2.01464	1.75784	0.917574	2.11711	1.73593	0.664765	0.659448	1.66748	2.58648	1.37807	2.03754	1.75573	1.78318	2.15007	0.360424
1.67281	2.68252	0.666885	0.692831	1.67233	2.68261	0.941716	-0.0181442	1.43029	1.97217	1.76002	0.969903	2.12111	1.73306	0.666315	0.683893	1.66152	2.58423	1.38292	2.17294	1.75984	1.77135	2.15093	0.391674
1.66662	2.68362	0.668513	0.717975	1.66614	2.68372	0.941678	-0.0138049	1.43478	1.92597	1.76232	1.02573	2.1251	1.72781	0.667921	0.70886	1.65556	2.58179	1.3881	2.31044	1.76391	1.75673	2.15187	0.42561
1.66043	2.68464	0.670199	0.743511	1.65995	2.68469	0.941652	-0.00822949	1.43917	1.87631	1.76475	1.08481	2.12908	1.72017	0.669586	0.734307	1.6496	2.57909	1.39359	2.44848	1.76794	1.73941	2.1529	0.462134
1.65423	2.68558	0.671944	0.76939	1.65375	2.68561	0.94164	-0.00141347	1.44344	1.82344	1.76732	1.14694	2.13304	1.71027	0.67131	0.760068	1.64366	2.57611	1.39939	2.58561	1.77194	1.71952	2.15401	0.501013
1.64804	2.68636	0.673749	0.795622	1.64755	2.68643	0.941645	0.00649894	1.44759	1.76755	1.77004	1.21188	2.13698	1.69822	0.673093	0.786168	1.63771	2.57278	1.40552	2.7205	1.77588	1.69722	2.15521	0.542242
1.64184	2.68711	0.675616	0.822069	1.64135	2.68718	0.94167	0.0154356	1.4516	1.709	1.77292	1.27925	2.14088	1.6841	0.674938	0.812549	1.63178	2.56921	1.41195	2.85185	1.77977	1.67264	2.15651	0.585745
1.63563	2.68781	0.677543	0.848732	1.63515	2.68788	0.941717	0.0253971	1.45547	1.64808	1.77595	1.34875	2.14475	1.66803	0.676843	0.839142	1.62586	2.56529	1.41868	2.97857	1.7836	1.64592	2.15791	0.631264
1.62943	2.68841	0.679532	0.875577	1.62895	2.68847	0.941787	0.0362739	1.45921	1.58513	1.77914	1.42001	2.14858	1.65007	0.67881	0.865916	1.61994	2.56096	1.42569	3.09976	1.78736	1.61729	2.15942	0.678632
1.62323	2.68895	0.681584	0.902512	1.62275	2.689	0.941884	0.0480843	1.46279	1.52045	1.7825	1.4927	2.15236	1.6304	0.680839	0.892815	1.61404	2.55626	1.43298	3.21477	1.79106	1.58689	2.16104	0.727805
1.61702	2.68945	0.683697	0.929566	1.61654	2.68946	0.942009	0.0607644	1.46622	1.45441	1.78603	1.56637	2.1561	1.60917	0.68293	0.919815	1.60815	2.55111	1.44053	3.32299	1.79469	1.55496	2.16278	0.778539
1.61082	2.68985	0.685873	0.95668	1.61034	2.68987	0.942164	0.0741724	1.4695	1.38745	1.78973	1.64063	2.15979	1.58647	0.685084	0.946901	1.60227	2.54549	1.44832	3.42416	1.79824	1.52178	2.16464	0.830639
1.60461	2.69023	0.688112	0.983823	1.60413	2.69025	0.942351	0.088347	1.47263	1.31983	1.7936	1.71511	2.16342	1.56245	0.6873	0.974068	1.5964	2.5393	1.45633	3.51811	1.80171	1.48751	2.16661	0.884009
1.5984	2.69053	0.690413	1.01094	1.59792	2.69058	0.942572	0.103235	1.47559	1.25197	1.79764	1.78934	2.167	1.53733	0.689579	1.0012	1.59055	2.53257	1.46455	3.60471	1.8051	1.45242	2.16871	0.938306
1.59219	2.69077	0.692777	1.03802	1.59171	2.69079	0.942828	0.118735	1.4784	1.18424	1.80186	1.86296	2.17052	1.51126	0.69192	1.02828	1.58471	2.52525	1.47297	3.68404	1.80841	1.41683	2.17094	0.993396
1.58598	2.69102	0.695204	1.06507	1.5855	2.691	0.94312	0.134908	1.48106	1.1169	1.80624	1.93563	2.17397	1.48438	0.694324	1.05537	1.5789	2.51721	1.48155	3.75626	1.81164	1.38101	2.1733	1.04907
1.57978	2.69117	0.697692	1.09203	1.57929	2.69119	0.94345	0.151674	1.48356	1.05031	1.81079	2.00686	2.17737	1.45691	0.696791	1.08235	1.5731	2.50839	1.4903	3.82152	1.81478	1.34527	2.17578	1.10506
1.57357	2.69125	0.700243	1.11892	1.57308	2.69129	0.94382	0.168956	1.4859	0.984821	1.8155	2.07635	2.1807	1.42905	0.699319	1.10925	1.56732	2.4988	1.49919	3.87997	1.81785	1.3099	2.1784	1.16119
1.56736	2.69133	0.702856	1.14569	1.56687	2.69134	0.94423	0.186752	1.4881	0.920621	1.82037	2.1438	2.18396	1.40094	0.70191	1.13606	1.56157	2.48834	1.50821	3.93183	1.82083	1.27525	2.18114	1.21719
1.56115	2.69136	0.70553	1.17234	1.56066	2.69135	0.944682	0.205025	1.49015	0.857979	1.82539	2.20883	2.18716	1.37286	0.704562	1.16277	1.55584	2.47693	1.51734	3.97731	1.82373	1.24171	2.18402	1.27284
1.55494	2.69132	0.708266	1.19884	1.55445	2.69132	0.945176	0.223793	1.49206	0.797141	1.83056	2.2712	2.1903	1.34505	0.707276	1.18934	1.55013	2.46452	1.52656	4.01657	1.82656	1.20963	2.18702	1.32791
1.54873	2.69126	0.711063	1.2252	1.54824	2.69125	0.945714	0.242991	1.49383	0.738231	1.83588	2.33058	2.19337	1.31771	0.71005	1.21577	1.54446	2.45098	1.53587	4.04975	1.82931	1.17938	2.19014	1.38222
1.54252	2.69113	0.71392	1.25146	1.54203	2.69111	0.946298	0.262551	1.49547	0.68142	1.84132	2.38682	2.19638	1.29103	0.712886	1.24206	1.53882	2.43628	1.54525	4.07696	1.832	1.15136	2.1934	1.43548
1.53631	2.69095	0.716838	1.27751	1.53583	2.6909	0.946926	0.282476	1.49698	0.626867	1.84689	2.43969	2.19933	1.26528	0.715782	1.26813	1.53322	2.42036	1.55469	4.09825	1.83463	1.12604	2.19677	1.48749
1.5301	2.69072	0.719816	1.30343	1.52962	2.6907	0.947601	0.302801	1.49836	0.574652	1.85258	2.48895	2.20222	1.25267	0.718738	1.29413	1.52765	2.40315	1.56416	4.11363	1.8372	1.10386	2.20026	1.51315
1.52389	2.69043	0.722853	1.32925	1.52341	2.69045	0.948323	0.323438	1.49963	0.524777	1.85838	2.53448			0.721754	1.31998	1.52213	2.38457	1.57367	4.123	1.83972	1.08529		
1.51768	2.69013	0.72595	1.3549	1.5172	2.6901	0.949094	0.34434	1.50078	0.477354	1.86427	2.57611			0.72483	1.34569	1.51665	2.3646	1.58319	4.12625	1.84221	1.07081		
1.51148	2.68975	0.729106	1.3805	1.51099	2.68969	0.949913	0.365557	1.50183	0.432402	1.87026	2.6137			0.727964	1.37133	1.51122	2.34328	1.59271	4.12323	1.84466	1.06104		
1.50527	2.68927	0.732321	1.40605	1.50479	2.68924	0.950781	0.387006	1.50278	0.389895	1.87634	2.64714			0.731158	1.39685	1.50584	2.32055	1.60222	4.1137	1.8471	1.0566		
1.49906	2.68877	0.735594	1.43157	1.49858	2.6887	0.951698	0.408716	1.50363	0.349818	1.88248	2.67635			0.734411	1.42239	1.50051	2.29641	1.61169	4.09725	1.84954	1.058		
1.49286	2.68821	0.738927	1.45722	1.49238	2.68814	0.952667	0.430704	1.50439	0.312128	1.88869	2.70121			0.737722	1.44798	1.49524	2.27099	1.62113	4.0735	1.85199	1.06603		
1.48666	2.68759	0.742319	1.48311	1.48618	2.68753	0.953686	0.452868	1.50507	0.27684	1.89495	2.72162			0.741093	1.47374	1.49003	2.24431	1.63049	4.04196	1.85446	1.08136		
1.48046	2.68687	0.745771	1.50939	1.47998	2.68682	0.954757	0.475229	1.50567	0.243889	1.90125	2.7375			0.744523	1.49988	1.48488	2.21652	1.63978	4.00198	1.85698	1.10484		
1.47426	2.68609	0.749285	1.53638	1.47378	2.68607	0.955879	0.497799	1.5062	0.213131	1.90758	2.74878			0.748014	1.52661	1.4798	2.18781	1.64896	3.95299	1.85956	1.13728		
1.46806	2.68527	0.752861	1.56463	1.46758	2.68521	0.957054	0.520509	1.50665	0.184568	1.91393	2.75536			0.751568	1.55433	1.47479	2.15822	1.65802	3.89429	1.86222	1.17953		
1.46187	2.68434	0.756505	1.59483	1.46139	2.68423	0.958281	0.543364	1.50705	0.158129	1.92029	2.75716			0.755187	1.58368	1.46984	2.12805	1.66693	3.8251	1.865	1.23252		
1.45568	2.68331	0.760221	1.62828	1.4552	2.68323	0.959561	0.5664	1.50738	0.133703	1.92666	2.75417			0.758876	1.61571	1.46497	2.09744	1.67567	3.74465	1.86791	1.29702		
1.44949	2.68219	0.764019	1.6673	1.44901	2.68209	0.960895	0.589563	1.50766	0.111273	1.933	2.74631			0.762643	1.65238	1.46016	2.06654	1.68421	3.65228	1.87099	1.37396		
1.4433	2.68097	0.767915	1.71607	1.44282	2.68085	0.962282	0.612864	1.5079	0.0907192	1.93933	2.73344			0.766502	1.69705	1.45543	2.03566	1.69253	3.54739	1.87425	1.46384		
1.43711	2.67963	0.771938	1.7821	1.43663	2.67954	0.963723	0.636306	1.50808	0.0719097	1.94562	2.71554			0.770475	1.75574	1.45077	2.00489	1.70058	3.42961	1.87774	1.56708		
1.43093	2.6782	0.776139	1.87726	1.43045	2.6781	0.965219	0.659819	1.50823	0.0548512	1.95186	2.69261			0.774604	1.83885	1.44618	1.97438	1.70835	3.29891	1.88148	1.68385		
1.42475	2.67666	0.780602	2.01295	1.42427	2.67652	0.966768	0.683441	1.50834	0.0394372	1.95804	2.66455			0.778961	1.95929	1.44166	1.94429	1.71581	3.15556	1.88551	1.81379		
1.41858	2.67497	0.785429	2.18242	1.4181	2.67484	0.968373	0.70719	1.50841	0.0255778	1.96416	2.6314			0.783646	2.11941	1.4372	1.91471	1.72292	3.00038	1.88986	1.95611		
1.41241	2.67313	0.790673	2.3498	1.41193	2.67301	0.970032	0.73104	1.50845	0.0132282	1.97019	2.59319			0.788742	2.29267	1.43282	1.88581	1.72965	2.83472	1.89454	2.10937		
1.40624	2.67114	0.796273	2.47825	1.40577	2.67096	0.971746	0.75494	1.50847	0.00229267	1.97612	2.54991			0.794226	2.43767	1.4285	1.85752	1.736	2.66052	1.89959	2.27166		
1.40008	2.66898	0.80211	2.56049	1.3996	2.66878	0.973516	0.778975	1.50846	-0.00727667	1.98195	2.50161			0.799991	2.53559	1.42425	1.82994	1.74193	2.48018	1.90502	2.44047		
1.39393	2.66665	0.808089	2.60941	1.39345	2.66645	0.975341	0.803114	1.50844	-0.015577	1.98767	2.44842			0.805927	2.59469	1.42006	1.80314	1.74744	2.29641	1.91085	2.61306		
1.38778	2.6641	0.814151	2.63856	1.3873	2.66392	0.977222	0.827305	1.50839	-0.0226568	1.99325	2.39055			0.811965	2.6297	1.41593	1.77699	1.75253	2.11224	1.91708	2.78648		
1.38163	2.66135	0.820265	2.6565	1.38116	2.66113	0.979159	0.851596	1.50833	-0.0285771	1.9987	2.32814			0.818063	2.65101	1.41186	1.75158	1.75719	1.93054	1.92371	2.95774		
1.37549	2.65834	0.826411	2.668	1.37502	2.65812	0.981152	0.876009	1.50826	-0.0334049	2.004	2.26142			0.824199	2.66442	1.40784	1.7269	1.76144	1.75397	1.93073	3.12424		
1.36936	2.6551	0.832577	2.67554	1.36889	2.65488	0.983201	0.90052	1.50818	-0.0372104	2.00914	2.1907			0.830359	2.67313	1.40389	1.70288	1.76528	1.58482	1.93813	3.28362		
1.36324	2.65162	0.838758	2.6806	1.36277	2.65133	0.985307	0.925117	1.50809	-0.0399921	2.01411	2.11638			0.836535	2.67899	1.39998	1.67946	1.76875	1.42488	1.94588	3.43421		
1.35713	2.64782	0.844948	2.68411	1.35665	2.64746	0.987471	0.94983	1.50799	-0.0418224	2.0189	2.03886			0.842722	2.68302	1.39614	1.65664	1.77186	1.27525	1.95398	3.5748		
1.35102	2.64365	0.851144	2.68649	1.35055	2.64329	0.989691	0.974674	1.5079	-0.0427741	2.02352	1.9585			0.848916	2.68577	1.39234	1.63437	1.77464	1.13668	1.96238	3.70464		
1.34493	2.63913	0.857345	2.68812	1.34446	2.63877	0.991968	0.999694	1.5078	-0.0428472	2.02794	1.8758			0.855116	2.68758	1.38859	1.6126	1.77711	1.00946	1.97107	3.82354		
1.33884	2.63426	0.863549	2.68923	1.33837	2.63384	0.994304	1.02484	1.5077	-0.0421879	2.03217	1.79135			0.861319	2.68885	1.3849	1.59132	1.77929	0.893377	1.98003	3.93159		
1.33277	2.62891	0.869756	2.68989	1.3323	2.62851	0.996698	1.05012	1.5076	-0.040723	2.03621	1.70562			0.867524	2.68971	1.38125	1.57045	1.78123	0.788018	1.98922	4.02911		
1.32671	2.62312	0.875963	2.69026	1.32624	2.62268	0.99915	1.07561	1.50751	-0.0385257	2.04004	1.61914			0.873731	2.69017	1.37765	1.54995	1.78293	0.692859	1.99862	4.11662		
1.32067	2.61682	0.882171	2.69041	1.3202	2.6163	1.00166	1.10136	1.50742	-0.0356693	2.04368	1.53243			0.879939	2.69041	1.3741	1.52982	1.78443	0.607193	2.00821	4.1948		
1.31464	2.60993	0.888378	2.69041	1.31417	2.6094	1.00423	1.12727	1.50735	-0.032117	2.04712	1.44604			0.886147	2.69041	1.37059	1.51007	1.78573	0.530193	2.01798	4.26436		
1.30862	2.60251	0.894586	2.69026	1.30816	2.6019	1.00686	1.15345	1.50728	-0.0279971	2.05035	1.36052			0.892355	2.69031	1.36713	1.49056	1.78687	0.461224	2.02789	4.32584		
1.30263	2.59442	0.900793	2.68997	1.30216	2.5937	1.00956	1.17997	1.50722	-0.0232638	2.05339	1.27619			0.898562	2.69007	1.36371	1.47125	1.78786	0.399493	2.03794	4.3799		
1.29665	2.58556	0.907	2.68957	1.29619	2.58486	1.01231	1.20675	1.50717	-0.0179675	2.05624	1.19356			0.904769	2.68973	1.36034	1.45225	1.78872	0.344238	2.0481	4.42722		
1.29069	2.57598	0.913205	2.68915	1.29023	2.57522	1.01512	1.23391	1.50713	-0.0121699	2.0589	1.11299			0.910975	2.68934	1.35701	1.43343	1.78945	0.294894	2.05837	4.46824		
1.28476	2.56559	0.91941	2.68868	1.2843	2.56475	1.018	1.26151	1.50711	-0.00586539	2.06138	1.03476			0.91718	2.68882	1.35372	1.41478	1.79008	0.250887	2.06872	4.5034		
1.27885	2.55435	0.925613	2.68808	1.2784	2.55346	1.02095	1.28952	1.50711	0.00094899	2.06368	0.959172			0.923383	2.6883	1.35048	1.3963	1.79061	0.211671	2.07915	4.53314		
1.27297	2.54218	0.931815	2.68749	1.27252	2.54121	1.02395	1.31803	1.50712	0.0082014	2.0658	0.886405			0.929585	2.68771	1.34728	1.37794	1.79105	0.176719	2.08964	4.55771		
1.26712	2.52906	0.938015	2.68686	1.26667	2.528	1.02703	1.34712	1.50714	0.0158925	2.06777	0.816623			0.935786	2.68709	1.34412	1.35975	1.79142	0.14562	2.10019	4.57732		
1.2613	2.51498	0.944214	2.68622	1.26085	2.51381	1.03017	1.37679	1.50719	0.0239862	2.06957	0.749945			0.941986	2.68645	1.34101	1.34168	1.79173	0.117948	2.11077	4.59214		
1.25552	2.49986	0.950411	2.68553	1.25507	2.49861	1.03338	1.40711	1.50726	0.0324275	2.07123	0.686504			0.948184	2.68576	1.33793	1.32364	1.79197	0.0934561	2.12138	4.60226		
1.24977	2.48367	0.956607	2.68478	1.24932	2.48241	1.03666	1.43817	1.50734	0.0412991	2.07274	0.626182			0.95438	2.68509	1.3349	1.30571	1.79216	0.0718349	2.13201	4.60769		
1.24406	2.46653	0.962801	2.68404	1.24361	2.46517	1.04002	1.46999	1.50745	0.0505322	2.07412	0.569068			0.960575	2.68435	1.33191	1.28788	1.7923	0.0527113	2.14264	4.60828		
1.23838	2.44843	0.968993	2.68327	1.23795	2.44696	1.04345	1.50267	1.50757	0.060056	2.07537	0.515169			0.966768	2.68354	1.32895	1.27002	1.7924	0.0358986	2.15327	4.60385		
1.23276	2.42936	0.975184	2.68252	1.23232	2.42783	1.04695	1.53619	1.50772	0.0698716	2.0765	0.464343			0.972959	2.68277	1.32604	1.2523	1.79247	0.02123	2.16389	4.59417		
1.22717	2.40948	0.981373	2.68174	1.22674	2.40788	1.05054	1.57064	1.5079	0.0800528	2.07751	0.416554			0.979148	2.68201	1.32318	1.23459	1.7925	0.00847578	2.17447	4.57885		
1.22164	2.38883	0.98756	2.68091	1.22121	2.38723	1.0542	1.60606	1.50809	0.0905268	2.07842	0.371712			0.985336	2.6812	1.32035	1.2169	1.7925	-0.00251559	2.18502	4.55735		
1.21615	2.36759	0.993744	2.68006	1.21573	2.36594	1.05795	1.64241	1.50831	0.101184	2.07923	0.329699			0.991521	2.68039	1.31756	1.19924	1.79249	-0.0119297	2.1955	4.52902		
1.21071	2.34592	0.999927	2.67923	1.21029	2.34423	1.06178	1.67971	1.50856	0.112152	2.07994	0.290419			0.997705	2.67954	1.31481	1.18158	1.79245	-0.0198595	2.20592	4.51308		
1.20532	2.32396	1.00611	2.67837	1.20491	2.32226	1.0657	1.71791	1.50883	0.123422	2.08057	0.25375			1.00389	2.67868	1.31211	1.16398	1.7924	-0.0264244				
1.19999	2.30188	1.01229	2.67747	1.19957	2.30015	1.06971	1.75697	1.50913	0.13488	2.08111	0.219595			1.01007	2.67781	1.30944	1.14635	1.79233	-0.0317943				
1.1947	2.27989	1.01846	2.67658	1.19429	2.27819	1.07381	1.79675	1.50945	0.146541	2.08158	0.187869			1.01624	2.6769	1.30682	1.12875	1.79225	-0.0360173				
1.18947	2.2582	1.02464	2.67569	1.18906	2.25654	1.078	1.83707	1.50981	0.158415	2.08198	0.158346			1.02242	2.67601	1.30423	1.11114	1.79216	-0.0391542				
1.18428	2.23692	1.03081	2.67478	1.18388	2.23529	1.08229	1.87778	1.51018	0.170504	2.08231	0.130951			1.02859	2.67508	1.30169	1.09347	1.79207	-0.0413452				
1.17914	2.21627	1.03698	2.6738	1.17875	2.21468	1.08667	1.91864	1.51059	0.182774	2.08258	0.105608			1.03476	2.67414	1.29919	1.07588	1.79197	-0.0426239				
1.17405	2.19634	1.04315	2.67284	1.17366	2.19485	1.09114	1.95936	1.51103	0.195207	2.0828	0.0822426			1.04093	2.6732	1.29672	1.05826	1.79187	-0.0430068				
1.16901	2.17737	1.04932	2.67188	1.16862	2.17593	1.09571	1.99972	1.51149	0.207833	2.08296	0.0606724			1.0471	2.67221	1.2943	1.04061	1.79177	-0.0426856				
1.164	2.15943	1.05548	2.67086	1.16362	2.15808	1.10037	2.03945	1.51199	0.220628	2.08308	0.0407686			1.05327	2.67125	1.29192	1.02295	1.79167	-0.0416095				
1.15904	2.14258	1.06164	2.66983	1.15866	2.14135	1.10512	2.07818	1.51251	0.23358	2.08315	0.0225404			1.05943	2.67025	1.28958	1.00529	1.79158	-0.0398629				
1.15412	2.12697	1.0678	2.6688	1.15374	2.12583	1.10996	2.11563	1.51307	0.246685	2.08318	0.00588234			1.06559	2.66916	1.28728	0.987626	1.79149	-0.0374881				
1.14923	2.11268	1.07396	2.66774	1.14885	2.11163	1.11488	2.15168	1.51365	0.259902	2.08318	-0.00936808			1.07175	2.66811	1.28502	0.969942	1.79141	-0.0344697				
1.14437	2.09976	1.08011	2.66666	1.14399	2.09883	1.11989	2.18611	1.51426	0.273213	2.08314	-0.0232921			1.0779	2.66703	1.28281	0.952225	1.79133	-0.0309463				
1.13954	2.08837	1.08627	2.66553	1.13916	2.08753	1.12497	2.2187	1.51491	0.286679	2.08307	-0.0359304			1.08405	2.66594	1.28063	0.934516	1.79126	-0.0268775				
1.13473	2.07846	1.09241	2.66439	1.13436	2.07773	1.13013	2.24939	1.51559	0.300298	2.08297	-0.0473033			1.0902	2.66481	1.27849	0.916823	1.79121	-0.0223529				
1.12994	2.07014	1.09856	2.66319	1.12957	2.06956	1.13535	2.27814	1.5163	0.313991	2.08285	-0.0575307			1.09635	2.66363	1.2764	0.899088	1.79116	-0.017344				
1.12518	2.06355	1.1047	2.662	1.12481	2.06311	1.14064	2.3049	1.51704	0.32776	2.08271	-0.0667094			1.1025	2.66245	1.27434	0.881343	1.79113	-0.0118732				
1.12042	2.05871	1.11085	2.66075	1.12005	2.05842	1.14599	2.3297	1.51781	0.341675	2.08254	-0.0748509			1.10864	2.6612	1.27233	0.863576	1.79111	-0.00606167				
1.11568	2.05569	1.11698	2.65947	1.11531	2.05555	1.15139	2.35265	1.51861	0.355664	2.08236	-0.0820345			1.11478	2.65991	1.27036	0.845842	1.7911	0.000176625				
1.11093	2.05457	1.12312	2.65817	1.11057	2.05458	1.15685	2.37375	1.51945	0.369726	2.08216	-0.0882997			1.12091	2.65865	1.26843	0.828097	1.79111	0.00677478				
1.10619	2.05547	1.12925	2.65678	1.10583	2.05563	1.16235	2.39313	1.52032	0.383862	2.08195	-0.0937027			1.12705	2.65732	1.26654	0.810333	1.79113	0.0136993				
1.10145	2.05838	1.13538	2.6554	1.10108	2.05869	1.16789	2.41091	1.52122	0.398071	2.08173	-0.0983086			1.13318	2.65589	1.26469	0.792602	1.79117	0.0209336				
1.0967	2.06338	1.1415	2.65397	1.09633	2.06386	1.17347	2.4272	1.52216	0.41239	2.0815	-0.102186			1.1393	2.65448	1.26288	0.774865	1.79123	0.0285058				
1.09193	2.07053	1.14763	2.65245	1.09156	2.07119	1.17909	2.44205	1.52312	0.426764	2.08126	-0.10526			1.14543	2.653	1.26111	0.757115	1.7913	0.0363935				
1.08714	2.07978	1.15374	2.65089	1.08677	2.08058	1.18474	2.45562	1.52413	0.441165	2.08101	-0.107676			1.15155	2.65146	1.25939	0.739413	1.79139	0.0445121				
1.08233	2.09109	1.15986	2.6493	1.08195	2.09204	1.19042	2.46805	1.52516	0.455616	2.08076	-0.10947			1.15766	2.64988	1.2577	0.721733	1.79151	0.0528927				
1.07749	2.10442	1.16597	2.64759	1.07711	2.10552	1.19613	2.47939	1.52623	0.47013	2.08051	-0.110587			1.16377	2.64821	1.25606	0.704025	1.79164	0.0615142				
1.07262	2.11965	1.17208	2.64585	1.07224	2.12089	1.20186	2.48975	1.52733	0.484711	2.08025	-0.111145			1.16988	2.64646	1.25445	0.686407	1.79179	0.0703659				
1.06771	2.13656	1.17818	2.64404	1.06733	2.13793	1.20762	2.49917	1.52847	0.499325	2.08	-0.111168			1.17599	2.64467	1.25289	0.668823	1.79196	0.0794427				
1.06276	2.15499	1.18428	2.6421	1.06237	2.1565	1.2134	2.50781	1.52963	0.513957	2.07974	-0.11063			1.18209	2.64283	1.25137	0.651232	1.79216	0.0887418				
1.05776	2.17473	1.19037	2.64014	1.05737	2.17634	1.21919	2.51571	1.53084	0.528634	2.07949	-0.109629			1.18818	2.64088	1.24988	0.633702	1.79237	0.0982253				
1.05272	2.19545	1.19646	2.63807	1.05233	2.19705	1.22501	2.52296	1.53207	0.543369	2.07923	-0.108139			1.19427	2.6388	1.24844	0.616219	1.79261	0.107911				
1.04763	2.21682	1.20255	2.63586	1.04724	2.21849	1.23084	2.52959	1.53334	0.558135	2.07899	-0.106149			1.20036	2.63667	1.24704	0.598833	1.79287	0.117807				
1.04249	2.23862	1.20863	2.63358	1.04209	2.24033	1.23668	2.53568	1.53465	0.572878	2.07874	-0.103799			1.20644	2.63443	1.24568	0.581491	1.79315	0.127809				
1.0373	2.26053	1.2147	2.6312	1.0369	2.2622	1.24254	2.54122	1.53599	0.587684	2.07851	-0.101013			1.21252	2.63207	1.24436	0.564167	1.79346	0.138011				
1.03206	2.28223	1.22077	2.62869	1.03165	2.28389	1.24841	2.54633	1.53736	0.602521	2.07828	-0.0978256			1.21859	2.6296	1.24307	0.546949	1.79379	0.148348				
1.02677	2.30352	1.22683	2.626	1.02636	2.30515	1.25429	2.55105	1.53877	0.617337	2.07806	-0.0942909			1.22465	2.62694	1.24183	0.529873	1.79415	0.158827				
1.02143	2.3242	1.23289	2.62316	1.02101	2.32577	1.26018	2.55531	1.54021	0.632179	2.07784	-0.0903995			1.23071	2.62418	1.24063	0.512859	1.79452	0.169486				
1.01604	2.3441	1.23894	2.6202	1.01562	2.34563	1.26608	2.55931	1.54169	0.647034	2.07764	-0.0861833			1.23676	2.6213	1.23946	0.495896	1.79493	0.180236				
1.01061	2.3631	1.24498	2.61707	1.01019	2.36454	1.27199	2.56296	1.5432	0.661896	2.07745	-0.0816216			1.24281	2.61821	1.23834	0.479109	1.79536	0.191104				
1.00514	2.3811	1.25101	2.61375	1.00471	2.38244	1.27791	2.56629	1.54474	0.676761	2.07726	-0.0767407			1.24885	2.61495	1.23725	0.462454	1.79581	0.202104				
0.999624	2.39806	1.25704	2.61019	0.999195	2.39935	1.28383	2.56938	1.54632	0.691664	2.07709	-0.0715902			1.25488	2.61148	1.23621	0.445917	1.79629	0.213244				
0.994072	2.41397	1.26306	2.60643	0.993639	2.41515	1.28977	2.57224	1.54793	0.70655	2.07693	-0.0661586			1.2609	2.60781	1.2352	0.429541	1.79679	0.22449				
0.988484	2.42878	1.26907	2.60242	0.988049	2.42989	1.2957	2.57484	1.54958	0.721427	2.07679	-0.0604398			1.26691	2.60392	1.23422	0.41327	1.79732	0.235789				
0.982863	2.44259	1.27507	2.59815	0.982426	2.44364	1.30165	2.57725	1.55126	0.736299	2.07665	-0.0545043			1.27291	2.59975	1.23329	0.397207	1.79788	0.247189				
0.977212	2.45541	1.28106	2.5936	0.976772	2.45633	1.3076	2.57947	1.55298	0.751169	2.07653	-0.0483138			1.27891	2.59528	1.23239	0.38134	1.79847	0.258711				
0.971532	2.46721	1.28704	2.58876	0.971091	2.4681	1.31355	2.5815	1.55473	0.766075	2.07643	-0.0418861			1.28489	2.59052	1.23153	0.365646	1.79908	0.270331				
0.965826	2.47813	1.29301	2.58355	0.965383	2.47897	1.31951	2.58336	1.55651	0.780926	2.07634	-0.0352298			1.29086	2.58546	1.2307	0.350225	1.79971	0.282001				
0.960096	2.48827	1.29896	2.57798	0.959651	2.48898	1.32547	2.58505	1.55833	0.795785	2.07627	-0.0283495			1.29682	2.58004	1.22991	0.334983	1.80038	0.293732				
0.954343	2.49755	1.3049	2.57205	0.953896	2.49825	1.33144	2.5866	1.56019	0.810685	2.07621	-0.0213204			1.30277	2.57422	1.22916	0.319954	1.80107	0.305603				
0.94857	2.50609	1.31083	2.56564	0.948122	2.50674	1.33741	2.58803	1.56207	0.825533	2.07617	-0.0140339			1.3087	2.56798	1.22844	0.305276	1.80179	0.317471				
0.942778	2.514	1.31674	2.55878	0.942328	2.51457	1.34338	2.58933	1.564	0.840318	2.07615	-0.00658206			1.31462	2.5613	1.22775	0.290862	1.80253	0.329411				
0.936969	2.52125	1.32264	2.55142	0.936518	2.5218	1.34936	2.59049	1.56595	0.855144	2.07614	0.00102569			1.32052	2.55416	1.22709	0.276683	1.80331	0.341461				
0.931143	2.52792	1.32852	2.54354	0.930691	2.52843	1.35534	2.59155	1.56794	0.869991	2.07615	0.00882127			1.32641	2.54644	1.22647	0.262899	1.80411	0.353528				
0.925303	2.53408	1.33438	2.53509	0.924849	2.53451	1.36132	2.59248	1.56997	0.884812	2.07618	0.0167474			1.33227	2.53816	1.22588	0.249468	1.80494	0.365677				
0.919449	2.53973	1.34022	2.52599	0.918995	2.54015	1.3673	2.59335	1.57202	0.899584	2.07623	0.0248852			1.33812	2.52929	1.22532	0.236375	1.8058	0.377867				
0.913583	2.54495	1.34603	2.51621	0.913127	2.54535	1.37329	2.59408	1.57412	0.914367	2.07629	0.0331656			1.34394	2.5198	1.22479	0.223739	1.80668	0.390078				
0.907705	2.54976	1.35183	2.50575	0.907248	2.55011	1.37927	2.5947	1.57624	0.929156	2.07638	0.0415538			1.34975	2.5096	1.22429	0.211504	1.8076	0.402336				
0.901816	2.55418	1.3576	2.49455	0.901359	2.55451	1.38526	2.59527	1.57841	0.943911	2.07649	0.0501058			1.35553	2.49868	1.22381	0.199705	1.80854	0.414654				
0.895918	2.55825	1.36334	2.48258	0.89546	2.55855	1.39125	2.59573	1.5806	0.95865	2.07661	0.0587764			1.36128	2.48699	1.22337	0.188411	1.80951	0.427038				
0.89001	2.56201	1.36905	2.46986	0.889552	2.5623	1.39724	2.59611	1.58283	0.973343	2.07676	0.0675794			1.367	2.47456	1.22294	0.177689	1.81051	0.439419				
0.884095	2.56549	1.37474	2.45639	0.883635	2.56578	1.40323	2.59637	1.58509	0.988088	2.07692	0.0764853			1.3727	2.46131	1.22255	0.167523	1.81154	0.451836				
0.878171	2.56871	1.38039	2.44204	0.877711	2.56892	1.40922	2.59658	1.58739	1.00282	2.07711	0.0855159			1.37836	2.44725	1.22217	0.157959	1.8126	0.464269				
0.872241	2.57164	1.38601	2.42692	0.87178	2.57185	1.41521	2.59672	1.58972	1.01751	2.07732	0.0946821			1.38399	2.43246	1.22182	0.149084	1.81368	0.476748				
0.866304	2.57436	1.39159	2.41112	0.865843	2.57455	1.4212	2.59675	1.59208	1.03218	2.07755	0.103916			1.38959	2.41689	1.22148	0.140857	1.8148	0.48925				
0.86036	2.57686	1.39713	2.39461	0.859899	2.57702	1.4272	2.59669	1.59448	1.04688	2.0778	0.113294			1.39514	2.40062	1.22117	0.13341	1.81594	0.501763				
0.854412	2.57916	1.40264	2.37753	0.85395	2.57933	1.43319	2.59656	1.59692	1.06158	2.07807	0.122743			1.40066	2.38373	1.22087	0.126794	1.81711	0.514355				
0.848458	2.58127	1.40811	2.35998	0.847996	2.58146	1.43918	2.59638	1.59938	1.07626	2.07836	0.132266			1.40615	2.36634	1.22058	0.121031	1.81831	0.526913				
0.8425	2.58321	1.41353	2.34205	0.842037	2.58337	1.44517	2.59607	1.60188	1.09093	2.07868	0.141897			1.41159	2.34854	1.22031	0.116244	1.81954	0.539455				
0.836537	2.58504	1.41891	2.32393	0.836074	2.58514	1.45116	2.59569	1.60442	1.10558	2.07902	0.15162			1.41698	2.33044	1.22005	0.112457	1.8208	0.552061				
0.83057	2.58665	1.42425	2.30583	0.830107	2.58678	1.45715	2.59521	1.60698	1.12031	2.07938	0.161426			1.42234	2.31231	1.21979	0.109717	1.82209	0.564663				
0.8246	2.58812	1.42955	2.28788	0.824137	2.58823	1.46314	2.59464	1.60959	1.135	2.07976	0.171309			1.42765	2.29431	1.21954	0.108191	1.82341	0.577262				
0.818627	2.58951	1.43481	2.2703	0.818163	2.58959	1.46912	2.59403	1.61222	1.1497	2.08017	0.181268			1.43293	2.27659	1.21929	0.107995	1.82475	0.589898				
0.81265	2.59075	1.44003	2.2533	0.812187	2.59084	1.47511	2.59328	1.61489	1.16445	2.0806	0.191264			1.43816	2.25935	1.21904	0.109142	1.82613	0.602551				
0.806671	2.59185	1.44521	2.23708	0.806207	2.59195	1.48109	2.59243	1.6176	1.17915	2.08105	0.201353			1.44335	2.24281	1.21879	0.111729	1.82753	0.615176				
0.800689	2.59281	1.45036	2.22179	0.800225	2.59293	1.48707	2.59146	1.62033	1.19393	2.08153	0.211524			1.44851	2.22719	1.21853	0.115951	1.82897	0.627788				
0.794706	2.5937	1.45546	2.20755	0.794241	2.59378	1.49305	2.59042	1.62311	1.20876	2.08203	0.221773			1.45363	2.21253	1.21825	0.121978	1.83043	0.640466				
0.78872	2.59452	1.46054	2.19454	0.788256	2.59453	1.49902	2.58928	1.62591	1.22357	2.08255	0.232024			1.45872	2.19904	1.21796	0.129857	1.83192	0.653103				
0.782733	2.5952	1.46559	2.18279	0.782268	2.59523	1.505	2.58798	1.62875	1.23844	2.0831	0.242314			1.46378	2.18684	1.21765	0.139755	1.83345	0.665721				
0.776744	2.59577	1.47062	2.17234	0.776279	2.59581	1.51097	2.58656	1.63163	1.25339	2.08367	0.252732			1.46881	2.17595	1.21732	0.151935	1.835	0.678365				
0.770754	2.59625	1.47562	2.16331	0.770289	2.59626	1.51693	2.58504	1.63454	1.26837	2.08427	0.263178			1.47382	2.1664	1.21695	0.166554	1.83658	0.690986				
0.764763	2.59661	1.4806	2.15572	0.764298	2.59664	1.5229	2.58337	1.63748	1.28344	2.08489	0.273638			1.47881	2.15829	1.21655	0.183779	1.83819	0.703596				
0.758771	2.59691	1.48556	2.14947	0.758306	2.59695	1.52886	2.58151	1.64046	1.29859	2.08553	0.284178			1.48378	2.15156	1.2161	0.203873	1.83982	0.716236				
0.752778	2.59713	1.49052	2.14451	0.752314	2.59714	1.53481	2.57955	1.64347	1.31379	2.0862	0.294758			1.48874	2.14615	1.21561	0.22707	1.84149	0.728891				
0.746786	2.59721	1.49546	2.1409	0.746321	2.59722	1.54076	2.5774	1.64652	1.32915	2.08689	0.305358			1.49369	2.14205	1.21506	0.253616	1.84319	0.741481				
0.740793	2.59722	1.5004	2.13854	0.740328	2.59725	1.5467	2.57504	1.64961	1.34459	2.08761	0.316041			1.49862	2.13923	1.21444	0.283855	1.84491	0.754038				
0.7348	2.59717	1.50533	2.13733	0.734335	2.59715	1.55264	2.57251	1.65273	1.36015	2.08835	0.326729			1.50356	2.13764	1.21375	0.318041	1.84667	0.766616				
0.728807	2.59699	1.51026	2.1372	0.728343	2.59695	1.55858	2.56974	1.65588	1.37588	2.08911	0.33742			1.50849	2.13714	1.21297	0.356528	1.84845	0.779203				
0.722815	2.59671	1.51519	2.13812	0.722351	2.59669	1.5645	2.56675	1.65908	1.39176	2.08991	0.348185			1.51342	2.13769	1.2121	0.399665	1.85026	0.791796				
0.716824	2.59637	1.52013	2.14001	0.716359	2.59634	1.57042	2.56353	1.66231	1.40787	2.09072	0.358988			1.51835	2.13921	1.21113	0.44778	1.8521	0.804318				
0.710834	2.59591	1.52507	2.14279	0.710369	2.59584	1.57633	2.56009	1.66557	1.42412	2.09156	0.369809			1.52329	2.1417	1.21003	0.501236	1.85397	0.816841				
0.704845	2.59528	1.53002	2.14641	0.70438	2.59528	1.58223	2.55628	1.66888	1.4406	2.09243	0.38064			1.52824	2.14499	1.20881	0.560395	1.85587	0.829365				
0.698857	2.59461	1.53497	2.15074	0.698392	2.5946	1.58813	2.55218	1.67222	1.45737	2.09332	0.391512			1.53319	2.14905	1.20745	0.625612	1.8578	0.841852				
0.692871	2.59385	1.53994	2.15577	0.692407	2.59376	1.59401	2.54779	1.6756	1.4744	2.09423	0.402404			1.53815	2.1539	1.20593	0.697158	1.85976	0.854358				
0.686887	2.59292	1.54492	2.16143	0.686423	2.59281	1.59989	2.54299	1.67903	1.49174	2.09518	0.413307			1.54313	2.15937	1.20423	0.775359	1.86174	0.8668				
0.680905	2.59186	1.54992	2.16771	0.680441	2.59179	1.60575	2.53781	1.68249	1.50942	2.09614	0.424251			1.54812	2.1654	1.20235	0.860423	1.86376	0.879247				
0.674926	2.59071	1.55493	2.17454	0.674462	2.59064	1.6116	2.53218	1.68599	1.52745	2.09713	0.435217			1.55312	2.172	1.20026	0.952401	1.8658	0.891696				
0.66895	2.58941	1.55995	2.18184	0.668486	2.58927	1.61743	2.5261	1.68954	1.54595	2.09815	0.446193			1.55814	2.17915	1.19795	1.05132	1.86787	0.904109				
0.662976	2.58793	1.56499	2.18956	0.662513	2.58779	1.62325	2.51951	1.69313	1.56491	2.09919	0.457174			1.56318	2.18675	1.19541	1.1571	1.86997	0.916505				
0.657007	2.58627	1.57006	2.1977	0.656544	2.58613	1.62906	2.51237	1.69676	1.58431	2.10026	0.468158			1.56823	2.19472	1.19261	1.26934	1.8721	0.928891				
0.651041	2.58443	1.57514	2.2062	0.650579	2.5843	1.63485	2.50466	1.70044	1.6043	2.10135	0.479179			1.57331	2.20311	1.18955	1.38755	1.87426	0.941237				
0.64508	2.58244	1.58024	2.21503	0.644618	2.58231	1.64062	2.49634	1.70416	1.62484	2.10247	0.49022			1.5784	2.21184	1.18621	1.51102	1.87645	0.953526				
0.639124	2.58027	1.58536	2.22417	0.638662	2.58009	1.64637	2.48731	1.70794	1.64603	2.10362	0.501233			1.58352	2.22082	1.18258	1.63888	1.87866	0.965859				
0.633173	2.57784	1.5905	2.23353	0.632711	2.57762	1.6521	2.47756	1.71176	1.66797	2.10478	0.51227			1.58865	2.23014	1.17865	1.77001	1.8809	0.978178				
0.627228	2.57512	1.59567	2.24312	0.626767	2.57489	1.6578	2.46708	1.71563	1.69059	2.10598	0.523318			1.59381	2.23967	1.17441	1.90315	1.88318	0.990453				
0.621289	2.57215	1.60085	2.25294	0.620829	2.57192	1.66348	2.4558	1.71956	1.71395	2.1072	0.534372			1.59899	2.24938	1.16986	2.03692	1.88547	1.00271				
0.615358	2.56893	1.60606	2.26293	0.614898	2.56868	1.66914	2.44364	1.72354	1.73815	2.10845	0.545465			1.60419	2.25933	1.16501	2.16993	1.8878	1.01491				
0.609434	2.56535	1.6113	2.27306	0.608975	2.56506	1.67476	2.4306	1.72758	1.76322	2.10972	0.556505			1.60941	2.26939	1.15985	2.30073	1.89016	1.02713				
0.603519	2.5614	1.61655	2.28328	0.603061	2.56103	1.68035	2.41668	1.73168	1.78915	2.11101	0.567554			1.61466	2.27959	1.15439	2.42786	1.89254	1.03936				
0.597614	2.55702	1.62183	2.2936	0.597156	2.55666	1.68591	2.40189	1.73584	1.81596	2.11234	0.578682			1.61993	2.28989	1.14865	2.55014	1.89495	1.05151				
0.591719	2.55221	1.62714	2.30399	0.591262	2.55185	1.69144	2.38621	1.74006	1.84361	2.11368	0.589739			1.62523	2.30024	1.14262	2.66646	1.89739	1.06367				
0.585836	2.54692	1.63246	2.31439	0.58538	2.5465	1.69692	2.3697	1.74435	1.87209	2.11506	0.600761			1.63055	2.31065	1.13634	2.77582	1.89986	1.07582				
0.579966	2.54103	1.63782	2.32482	0.579511	2.54054	1.70237	2.35239	1.7487	1.90138	2.11646	0.611875			1.63589	2.32109	1.12981	2.87751	1.90236	1.08795				
0.57411	2.53453	1.64319	2.33528	0.573656	2.53398	1.70778	2.33433	1.75312	1.93133	2.11788	0.622962			1.64126	2.33151	1.12306	2.97102	1.90488	1.10005				
0.568269	2.5273	1.64859	2.34567	0.567817	2.52671	1.71314	2.3157	1.75761	1.9619	2.11933	0.633962			1.64665	2.34192	1.1161	3.05595	1.90744	1.11211				
0.562447	2.51929	1.65402	2.35599	0.561996	2.51863	1.71847	2.29665	1.76217	1.99294	2.12081	0.645028			1.65207	2.35229	1.10896	3.13205	1.91002	1.12418				
0.556643	2.51037	1.65947	2.36624	0.556194	2.50963	1.72374	2.27731	1.76681	2.02424	2.12231	0.656128			1.65751	2.3626	1.10165	3.19937	1.91262	1.13626				
0.550862	2.50038	1.66494	2.37642	0.550414	2.49956	1.72898	2.2579	1.77152	2.05564	2.12383	0.667171			1.66297	2.37281	1.09419	3.25791	1.91526	1.1483				
0.545105	2.48925	1.67043	2.38649	0.544659	2.48834	1.73416	2.23859	1.77629	2.08694	2.12539	0.678185			1.66846	2.38286	1.08662	3.30774	1.91792	1.16033				
0.539374	2.47682	1.67595	2.39643	0.538931	2.4758	1.73931	2.21964	1.78115	2.11797	2.12696	0.689222			1.67396	2.39283	1.07893	3.34904	1.92061	1.17235				
0.533675	2.46285	1.68149	2.4062	0.533234	2.4617	1.74441	2.2013	1.78607	2.14842	2.12857	0.700271			1.6795	2.40272	1.07116	3.38206	1.92333	1.18436				
0.528009	2.44716	1.68706	2.41581	0.527571	2.44587	1.74946	2.18379	1.79106	2.17816	2.1302	0.711288			1.68505	2.41239	1.06332	3.407	1.92608	1.19634				
0.522381	2.42955	1.69264	2.42527	0.521947	2.42807	1.75448	2.1673	1.79612	2.20701	2.13185	0.72229			1.69063	2.42187	1.05544	3.42401	1.92885	1.20834				
0.516797	2.40971	1.69825	2.43453	0.516366	2.40806	1.75947	2.15202	1.80125	2.2348	2.13353	0.733284			1.69623	2.43123	1.04752	3.43333	1.93166	1.22038				
0.511261	2.38738	1.70388	2.4436	0.510834	2.38554	1.76441	2.13816	1.80643	2.26137	2.13523	0.744274			1.70185	2.44038	1.03959	3.43513	1.93449	1.23237				
0.50578	2.3622	1.70952	2.45245	0.505357	2.36013	1.76933	2.12588	1.81168	2.28659	2.13696	0.755262			1.70749	2.44931	1.03167	3.42957	1.93734	1.24433				
0.50036	2.33382	1.71519	2.46113	0.499942	2.33151	1.77423	2.11528	1.81699	2.31048	2.13872	0.766213			1.71315	2.45802	1.02377	3.41677	1.94023	1.25632				
0.49501	2.30197	1.72088	2.46957	0.494598	2.29932	1.77909	2.10646	1.82234	2.33294	2.1405	0.777145			1.71883	2.46655	1.0159	3.39673	1.94314	1.26832				
0.489737	2.26616	1.72659	2.47778	0.489332	2.26321	1.78395	2.09952	1.82775	2.35395	2.14231	0.788104			1.72454	2.47485	1.00809	3.36954	1.94608	1.28032				
0.484552	2.22604	1.73232	2.48573	0.484153	2.22277	1.78878	2.09452	1.83321	2.3736	2.14414	0.799004			1.73026	2.48291	1.00035	3.33524	1.94905	1.29237				
0.479464	2.18132	1.73806	2.49348	0.479074	2.17763	1.79361	2.09154	1.83871	2.39182	2.14599	0.80991			1.73599	2.49076	0.9927	3.29381	1.95205	1.3044				
0.474485	2.13172	1.74382	2.50101	0.474104	2.12764	1.79844	2.09063	1.84424	2.40873	2.14787	0.820856			1.74175	2.49834	0.985152	3.24523	1.95507	1.31642				
0.469627	2.07706	1.7496	2.5083	0.469255	2.07263	1.80326	2.0919	1.84982	2.42436	2.14978	0.831713			1.74752	2.50568	0.977724	3.18944	1.95812	1.32851				
0.4649	2.01731	1.7554	2.51538	0.464539	2.01248	1.80809	2.09539	1.85543	2.43873	2.15171	0.842561			1.75331	2.51283	0.970433	3.12643	1.9612	1.34063				
0.460317	1.95261	1.76121	2.52222	0.459968	1.94741	1.81293	2.10124	1.86108	2.45203	2.15367	0.853405			1.75912	2.51978	0.963296	3.05608	1.96431	1.35277				
0.455889	1.88327	1.76704	2.52879	0.455553	1.8777	1.81779	2.10958	1.86675	2.46428	2.15565	0.864247			1.76494	2.52644	0.95633	2.97843	1.96744	1.36492				
0.451626	1.8097	1.77288	2.53515	0.451303	1.80382	1.82266	2.12053	1.87245	2.47554	2.15766	0.875087			1.77078	2.53291	0.949551	2.89344	1.97061	1.37711				
0.447538	1.73258	1.77874	2.54133	0.447228	1.72646	1.82757	2.13424	1.87817	2.48585	2.15969	0.885855			1.77663	2.53916	0.942977	2.8011	1.9738	1.38936				
0.443631	1.6526	1.78461	2.54728	0.443336	1.64629	1.83251	2.15088	1.88392	2.49533	2.16175	0.896621			1.7825	2.54513	0.936625	2.7016	1.97702	1.40171				
0.439912	1.57051	1.79049	2.55296	0.439631	1.56411	1.8375	2.17055	1.88969	2.5041	2.16383	0.907388			1.78838	2.55094	0.93051	2.59504	1.98027	1.41407				
0.436383	1.48717	1.79639	2.55848	0.436118	1.48068	1.84253	2.19324	1.89547	2.51214	2.16593	0.918155			1.79427	2.55656	0.924649	2.4816	1.98354	1.42648				
0.433049	1.4032	1.8023	2.56384	0.432798	1.39664	1.84762	2.21897	1.90128	2.5195	2.16806	0.928885			1.80017	2.56193	0.919058	2.36164	1.98685	1.43905				
0.429908	1.31918	1.80822	2.56893	0.429673	1.31267	1.85277	2.24751	1.9071	2.52629	2.17022	0.939597			1.80609	2.5671	0.913751	2.23562	1.99018	1.45164				
0.426961	1.2356	1.81415	2.57382	0.42674	1.22916	1.85799	2.27838	1.91294	2.53254	2.1724	0.950299			1.81202	2.57207	0.908741	2.104	1.99355	1.46431				
0.424206	1.1528	1.8201	2.57858	0.424	1.14644	1.86328	2.31098	1.91879	2.5383	2.1746	0.96096			1.81796	2.5769	0.904041	1.96738	1.99694	1.47712				
0.421641	1.07108	1.82605	2.58315	0.42145	1.0648	1.86866	2.34446	1.92465	2.5436	2.17683	0.971601			1.82391	2.58155	0.899662	1.8265	2.00036	1.49005				
0.419263	0.990469	1.83202	2.58752	0.419086	0.984273	1.8741	2.3779	1.93053	2.54849	2.17909	0.982232			1.82987	2.58596	0.895612	1.68213	2.00382	1.50306				
0.41707	0.911059	1.83799	2.59173	0.416907	0.904964	1.87963	2.41044	1.93641	2.55298	2.18137	0.992857			1.83585	2.59025	0.891899	1.53513	2.0073	1.51624				
0.415059	0.832878	1.84398	2.5958	0.41491	0.826839	1.88523	2.44132	1.94231	2.55709	2.18367	1.00348			1.84183	2.59438	0.888528	1.38644	2.01081	1.5296				
0.413226	0.755838	1.84997	2.59971	0.413092	0.749909	1.8909	2.46991	1.94821	2.56094	2.186	1.01406			1.84782	2.59831	0.885501	1.23692	2.01436	1.54306				
0.411571	0.679908	1.85598	2.60342	0.41145	0.674054	1.89663	2.49585	1.95413	2.56448	2.18835	1.02459			1.85382	2.6021	0.88282	1.08753	2.01794	1.55674				
0.410089	0.605026	1.86199	2.60704	0.409981	0.599246	1.90241	2.51907	1.96005	2.56775	2.19073	1.03517			1.85983	2.60576	0.880482	0.939102	2.02154	1.57065				
0.408779	0.531139	1.86801	2.61053	0.408684	0.525438	1.90825	2.53954	1.96598	2.57078	2.19313	1.04569			1.86584	2.60927	0.878486	0.792474	2.02518	1.58471				
0.407638	0.458147	1.87403	2.61385	0.407556	0.452527	1.91413	2.55736	1.97191	2.57354	2.19555	1.05619			1.87187	2.61264	0.876825	0.648412	2.02886	1.59903				
0.406664	0.386063	1.88007	2.61701	0.406596	0.380535	1.92005	2.57286	1.97785	2.57609	2.198	1.06668			1.8779	2.6159	0.875494	0.507579	2.03256	1.61362				
0.405856	0.314846	1.88611	2.62009	0.4058	0.309353	1.92601	2.58625	1.9838	2.57846	2.20047	1.07188			1.88394	2.61903	0.874483	0.370566	2.0363	1.62843				
0.405211	0.244407	1.89216	2.62306	0.405168	0.238985	1.93199	2.59778	1.98975	2.58064					1.88999	2.62202	0.873784	0.237751	2.04008	1.64359				
0.404728	0.174795	1.89822	2.6259	0.404697	0.169442	1.93799	2.60772	1.99571	2.58268					1.89604	2.62491	0.873386	0.109449	2.04389	1.65905				
0.404405	0.10603	1.90428	2.62864	0.404386	0.100741	1.94402	2.61628	2.00167	2.58454					1.9021	2.62763	0.873276	0.00149919	2.04773	1.67483				
0.404239	0.0381528	1.91035	2.63125	0.404233	0.032897	1.95007	2.62367	2.00764	2.5862					1.90817	2.63032	0.873351	-0.0875237	2.05162	1.691				
0.404229	-0.0289295	1.91642	2.63377	0.404234	-0.0341102	1.95613	2.63004	2.01361	2.5878					1.91424	2.6329	0.873526	-0.159052	2.05554	1.70755				
0.404372	-0.0950811	1.9225	2.6362	0.40439	-0.100156	1.9622	2.63557	2.01958	2.58926					1.92032	2.63533	0.873736	-0.214169	2.0595	1.7245				
0.404668	-0.160221	1.92859	2.63855	0.404697	-0.16523	1.96829	2.64031	2.02555	2.59054					1.9264	2.63772	0.873929	-0.253979	2.0635	1.74187				
0.405112	-0.224364	1.93468	2.64078	0.405152	-0.229315	1.97439	2.64444	2.03153	2.59173					1.93249	2.64001	0.874135	-0.289904	2.06754	1.75971				
0.405703	-0.287463	1.94077	2.64297	0.405755	-0.2923	1.9805	2.64808	2.03751	2.59284					1.93858	2.64218	0.874295	-0.314557	2.07162	1.77801				
0.406438	-0.349356	1.94687	2.64504	0.406501	-0.354108	1.98661	2.65121	2.0435	2.59383					1.94468	2.64429	0.87457	-0.352618	2.07574	1.79683				
0.407315	-0.410006	1.95298	2.647	0.407389	-0.414663	1.99273	2.65392	2.04948	2.59469					1.95078	2.6463	0.874994	-0.403087	2.07991	1.81612				
0.408331	-0.469344	1.95909	2.64893	0.408415	-0.473884	1.99886	2.6563	2.05547	2.59549					1.95689	2.64825	0.87561	-0.465288	2.08412	1.83595				
0.409481	-0.527228	1.9652	2.65081	0.409576	-0.531682	2.00499	2.6584	2.06146	2.59618					1.96301	2.65015	0.876471	-0.538058	2.08838	1.8563				
0.410764	-0.583671	1.97132	2.65259	0.410869	-0.587951	2.01112	2.66022	2.06745	2.59679					1.96912	2.65197	0.877637	-0.619904	2.09269	1.87717				
0.412175	-0.638475	1.97745	2.65429	0.412289	-0.642627	2.01726	2.66179	2.07345	2.59734					1.97524	2.65369	0.879173	-0.709433	2.09704	1.89856				
0.41371	-0.69154	1.98357	2.65594	0.413834	-0.695582	2.02341	2.66316	2.07944	2.59777					1.98137	2.65535	0.880911	-0.794335	2.10145	1.92042				
0.415366	-0.742738	1.9897	2.65754	0.415499	-0.746635	2.02955	2.66436	2.08543	2.59809					1.9875	2.65699	0.882839	-0.874725	2.10591	1.94274				
0.417138	-0.792035	1.99584	2.65907	0.41728	-0.795787	2.0357	2.66536	2.09143	2.5984					1.99363	2.65851	0.884947	-0.950809	2.11041	1.96547				
0.419021	-0.839285	2.00197	2.66057	0.419172	-0.842822	2.04185	2.66623	2.09742	2.59863					1.99977	2.66	0.887227	-1.02265	2.11498	1.98859				
0.420749	-0.87868	2.00811	2.66198	0.421169	-0.887598	2.04801	2.66703	2.10342	2.5987					2.00591	2.66148	0.889667	-1.09043	2.11959	2.01202				
0.422283	-0.910956	2.01426	2.6633	0.423268	-0.930057	2.05416	2.66765	2.10942	2.59878					2.01205	2.66284	0.892259	-1.15428	2.12426	2.03571				
0.423593	-0.936544	2.0204	2.66462	0.425461	-0.970004	2.06032	2.66814	2.11541	2.59874					2.01819	2.66418	0.894993	-1.21433	2.12899	2.05952				
0.424654	-0.956208	2.02655	2.66591	0.427744	-1.00727	2.06648	2.66857	2.12141	2.59865					2.02434	2.66547	0.897863	-1.27072	2.13377	2.08337				
0.425448	-0.970242	2.03271	2.66714	0.43011	-1.04167	2.07263	2.66893	2.12741	2.59849					2.0305	2.66666	0.900858	-1.32345	2.1386	2.10724				
0.426188	-0.982646	2.03886	2.6683	0.432551	-1.07303	2.07879	2.66919	2.1334	2.5982					2.03665	2.66788	0.90397	-1.3726	2.14349	2.13096				
0.426708	-0.991188	2.04502	2.66943	0.435061	-1.10119	2.08495	2.66935	2.1394	2.59787					2.04281	2.66904	0.907192	-1.41819	2.14843	2.15443				
0.427531	-1.00432	2.05118	2.67051	0.437633	-1.12588	2.09111	2.66943	2.14539	2.59744					2.04897	2.67014	0.910515	-1.46014	2.15343	2.17752				
0.428666	-1.02148	2.05734	2.67156	0.440257	-1.14689	2.09727	2.66947	2.15138	2.59698					2.05513	2.6712	0.91393	-1.49843	2.15848	2.20016				
0.430129	-1.04223	2.06351	2.67256	0.44258	-1.16215	2.10343	2.66949	2.15737	2.59641					2.06129	2.6722	0.91743	-1.53285	2.16359	2.22228				
0.431936	-1.06574	2.06968	2.6735	0.444582	-1.17268	2.10959	2.66939	2.16336	2.59569					2.06746	2.67318	0.921004	-1.56317	2.16874	2.24378				
0.434106	-1.09102	2.07585	2.67445	0.44625	-1.17956	2.11575	2.66923	2.16935	2.59493					2.07363	2.67411	0.924643	-1.5891	2.17394	2.2646				
0.436655	-1.11696	2.08202	2.67536	0.447574	-1.18372	2.12191	2.66904	2.17534	2.59411					2.0798	2.67501	0.928337	-1.61019	2.17919	2.2846				
0.439261	-1.13934	2.08819	2.67622	0.448551	-1.18606	2.12807	2.66877	2.18132	2.59315					2.08597	2.6759	0.932074	-1.62579	2.18448	2.30376				
0.441913	-1.15792	2.09437	2.67705	0.449451	-1.18773	2.13422	2.66848	2.18731	2.59212					2.09215	2.67675	0.93584	-1.63506	2.18982	2.32217				
0.444604	-1.17238	2.10055	2.67784	0.450077	-1.18855	2.14038	2.66816	2.19329	2.59094					2.09833	2.67754	0.939619	-1.63691	2.1952	2.33964				
0.447323	-1.18239	2.10673	2.67856	0.451057	-1.18921	2.14654	2.66774	2.19926	2.58966					2.10451	2.6783	0.943394	-1.62985	2.20062	2.34811				
0.450061	-1.18773	2.11291	2.67928	0.45239	-1.18895	2.15269	2.66727	2.20524	2.58904					2.11069	2.67905	0.947141	-1.61189						
0.452805	-1.18805	2.11909	2.68001	0.454075	-1.18683	2.15884	2.66674							2.11687	2.67975	0.950832	-1.58035						
0.455543	-1.1829	2.12528	2.68067	0.456106	-1.18147	2.165	2.66619							2.12305	2.68044	0.954434	-1.53177						
0.458263	-1.17198	2.13146	2.68126	0.458473	-1.17105	2.17115	2.66558							2.12924	2.68107	0.957901	-1.46171						
0.460952	-1.15494	2.13765	2.68188	0.461158	-1.15336	2.1773	2.66495							2.13543	2.68164	0.961179	-1.3646						
0.463593	-1.13138	2.14384	2.68244	0.463796	-1.1292	2.18345	2.66423							2.14161	2.68222	0.964199	-1.23394						
0.466173	-1.10084	2.15003	2.68295	0.466369	-1.09812	2.18959	2.66346							2.1478	2.6828	0.966874	-1.06318						
0.468673	-1.06294	2.15622	2.68346	0.468863	-1.05973	2.19574	2.66264							2.15399	2.68328	0.969105	-0.847539						
0.471078	-1.01744	2.16241	2.68393	0.47126	-1.01361	2.20188	2.66218							2.16019	2.68374	0.970785	-0.586971						
0.473369	-0.964041	2.16861	2.68435	0.473541	-0.959539									2.16638	2.68422	0.971814	-0.445843						
0.475527	-0.902514	2.1748	2.68474	0.475688	-0.897382									2.17257	2.68461								
0.477534	-0.832748	2.181	2.68509	0.477682	-0.82701									2.17877	2.68495								
0.47937	-0.754873	2.18719	2.68537	0.479504	-0.7485									2.18496	2.68527								
0.481017	-0.669096	2.19339	2.68562	0.481136	-0.662151									2.19116	2.68554								
0.482457	-0.575854	2.19959	2.68585	0.48256	-0.568366									2.19736	2.68578								
0.483675	-0.475876	2.20578	2.68598	0.483759	-0.46786									2.20355	2.68589								
0.484654	-0.370003			0.484719	-0.361577																		
0.485382	-0.259389			0.485428	-0.250647																		
0.485851	-0.145341			0.485876	-0.136369																		
0.486053	-0.0876232			0.486057	-0.0785498																		
