Sym0		Asym0		Sym1		Sym2		Asym1		Asym2	
362  Points		364  Points		296  Points		177  Points		307  Points		172  Points	
Freq (MHz)	Vph (m/ms)	Freq (MHz)	Vph (m/ms)	Freq (MHz)	Vph (m/ms)	Freq (MHz)	Vph (m/ms)	Freq (MHz)	Vph (m/ms)	Freq (MHz)	Vph (m/ms)
0.00265834	7.44712	0.000182572	0.140419	0.444278	1022.45	0.721698	1850.08	0.360844	9971.44	0.888562	2764.9
0.00723322	7.44692	0.000395696	0.20668	0.444258	423.561	0.721753	718.568	0.360884	554.755	0.888531	949.576
0.0118074	7.44646	0.000689791	0.272766	0.444219	267.086	0.721857	445.928	0.360997	285.402	0.888471	573.186
0.0163806	7.44578	0.00106462	0.338705	0.444164	195.019	0.72201	323.319	0.361182	192.198	0.88838	410.452
0.0209522	7.44484	0.00151958	0.404408	0.444092	153.565	0.722211	253.634	0.361438	144.949	0.888261	319.663
0.0255219	7.44369	0.00205415	0.469853	0.444004	126.633	0.72246	208.695	0.361766	116.402	0.888112	261.742
0.0300893	7.44229	0.00266767	0.535007	0.443899	107.728	0.722757	177.314	0.362164	97.2974	0.887935	221.573
0.0346538	7.44067	0.00335927	0.599808	0.443778	93.7247	0.723102	154.164	0.362633	83.6219	0.887729	192.076
0.0392151	7.43881	0.00412828	0.664253	0.443643	82.9354	0.723494	136.384	0.363171	73.3543	0.887495	169.495
0.0437727	7.43671	0.00497361	0.72828	0.443492	74.3665	0.723933	122.303	0.363778	65.3659	0.887234	151.652
0.0483262	7.43437	0.00589436	0.79187	0.443327	67.3961	0.724419	110.878	0.364453	58.9768	0.886947	137.197
0.0528751	7.43179	0.00688938	0.85498	0.443149	61.6145	0.724951	101.422	0.365195	53.753	0.886633	125.246
0.0574189	7.42897	0.0079576	0.91759	0.442958	56.7413	0.725528	93.4696	0.366002	49.4044	0.886295	115.201
0.0619572	7.42589	0.0090977	0.979656	0.442755	52.5778	0.726151	86.6887	0.366874	45.7299	0.885932	106.638
0.0664894	7.42256	0.0103085	1.04117	0.442541	48.9791	0.726818	80.8395	0.36781	42.5855	0.885545	99.2524
0.0710151	7.41898	0.0115888	1.10209	0.442317	45.8377	0.727528	75.7431	0.368808	39.8654	0.885136	92.8157
0.0755337	7.41513	0.0129371	1.1624	0.442084	43.0714	0.728282	71.2636	0.369866	37.4903	0.884706	87.1559
0.0800446	7.41101	0.0143521	1.22208	0.441843	40.6168	0.729079	67.2961	0.370984	35.3993	0.884254	82.1402
0.0845474	7.40662	0.0158325	1.28112	0.441594	38.424	0.729917	63.758	0.37216	33.5451	0.883783	77.6643
0.0890414	7.40195	0.0173767	1.33948	0.44134	36.4532	0.730797	60.5838	0.373393	31.8903	0.883293	73.6454
0.0935262	7.39701	0.0189833	1.39716	0.441081	34.6725	0.731716	57.7204	0.37468	30.4049	0.882786	70.0168
0.098001	7.39177	0.0206509	1.45415	0.440818	33.0555	0.732676	55.1246	0.376021	29.0648	0.882261	66.724
0.102465	7.38623	0.022378	1.51042	0.440553	31.5808	0.733674	52.7611	0.377414	27.85	0.881722	63.7226
0.106918	7.38039	0.0241631	1.56598	0.440287	30.2304	0.734711	50.6001	0.378858	26.7441	0.881168	60.9753
0.111359	7.37424	0.0260047	1.6208	0.440021	28.9893	0.735784	48.617	0.38035	25.7334	0.880601	58.4512
0.115788	7.36776	0.0279015	1.67489	0.439757	27.845	0.736894	46.791	0.381889	24.8065	0.880021	56.1241
0.120203	7.36096	0.0298519	1.72824	0.439497	26.7865	0.73804	45.1043	0.383474	23.9536	0.87943	53.9718
0.124605	7.35383	0.0318545	1.78084	0.439241	25.8047	0.73922	43.5417	0.385103	23.1663	0.87883	51.9753
0.128991	7.34634	0.0339079	1.83269	0.438992	24.8917	0.740434	42.0901	0.386774	22.4376	0.878221	50.1184
0.133362	7.3385	0.0360106	1.88378	0.43875	24.0405	0.741681	40.7383	0.388486	21.7614	0.877604	48.3867
0.137716	7.33029	0.0381612	1.93413	0.438518	23.2453	0.742961	39.4765	0.390237	21.1322	0.87698	46.7682
0.142052	7.3217	0.0403584	1.98373	0.438297	22.5009	0.744271	38.296	0.392025	20.5456	0.876351	45.2521
0.146371	7.31273	0.0426009	2.03257	0.43809	21.8026	0.745612	37.1895	0.39385	19.9973	0.875717	43.829
0.15067	7.30335	0.0448872	2.08067	0.437897	21.1465	0.746983	36.1501	0.395709	19.484	0.875081	42.4907
0.154949	7.29356	0.0472161	2.12802	0.43772	20.5289	0.748382	35.1721	0.3976	19.0023	0.874442	41.2298
0.159206	7.28335	0.0495863	2.17463	0.437562	19.9468	0.749809	34.2503	0.399523	18.5496	0.873802	40.0398
0.163441	7.27269	0.0519965	2.22051	0.437424	19.3973	0.751263	33.38	0.401476	18.1233	0.873162	38.915
0.167652	7.26158	0.0544455	2.26565	0.437308	18.8779	0.752742	32.557	0.403457	17.7213	0.872523	37.8502
0.171839	7.25	0.0569322	2.31007	0.437217	18.3863	0.754248	31.7778	0.405465	17.3415	0.871886	36.8407
0.176	7.23794	0.0594553	2.35378	0.437152	17.9206	0.755777	31.0388	0.407498	16.9823	0.871252	35.8825
0.180133	7.22537	0.0620138	2.39678	0.437115	17.4789	0.75733	30.3372	0.409555	16.6419	0.870623	34.9718
0.184238	7.21229	0.0646065	2.43907	0.437108	17.0595	0.758906	29.6701	0.411635	16.3191	0.869998	34.1051
0.188312	7.19868	0.0672323	2.48067	0.437135	16.6611	0.760503	29.0352	0.413736	16.0124	0.86938	33.2794
0.192356	7.18452	0.0698903	2.52158	0.437196	16.2822	0.762121	28.4302	0.415857	15.7207	0.868769	32.4919
0.196366	7.1698	0.0725793	2.56181	0.437294	15.9215	0.76376	27.853	0.417996	15.4429	0.868167	31.7401
0.200342	7.15449	0.0752985	2.60138	0.437431	15.5781	0.765418	27.3018	0.420153	15.1781	0.867573	31.0216
0.204282	7.13858	0.0780467	2.64029	0.437611	15.2508	0.767095	26.7749	0.422325	14.9253	0.866989	30.3344
0.208185	7.12206	0.0808232	2.67855	0.437834	14.9388	0.768789	26.2707	0.424512	14.6838	0.866417	29.6765
0.212048	7.10489	0.083627	2.71617	0.438104	14.6411	0.770501	25.7878	0.426713	14.4528	0.865856	29.0461
0.21587	7.08708	0.0864573	2.75316	0.438423	14.357	0.772228	25.3249	0.428925	14.2316	0.865308	28.4415
0.21965	7.06859	0.0893131	2.78953	0.438793	14.0857	0.773971	24.8808	0.431149	14.0196	0.864774	27.8614
0.223385	7.04942	0.0921937	2.82529	0.439217	13.8267	0.775729	24.4544	0.433383	13.8163	0.864255	27.3042
0.227073	7.02954	0.0950982	2.86044	0.439697	13.5792	0.777501	24.0446	0.435626	13.621	0.863751	26.7688
0.230714	7.00894	0.0980259	2.89501	0.440237	13.3427	0.779286	23.6504	0.437876	13.4333	0.863263	26.2538
0.234304	6.98761	0.100976	2.929	0.440837	13.1167	0.781084	23.2711	0.440132	13.2528	0.862793	25.7582
0.237843	6.96553	0.103948	2.96241	0.441502	12.9006	0.782894	22.9058	0.442395	13.0789	0.862341	25.2811
0.241328	6.94269	0.106941	2.99527	0.442233	12.6941	0.784715	22.5537	0.444661	12.9114	0.861908	24.8213
0.244758	6.91907	0.109954	3.02757	0.443032	12.4967	0.786546	22.2141	0.446931	12.7499	0.861494	24.3781
0.248131	6.89469	0.112987	3.05933	0.443902	12.3079	0.788387	21.8863	0.449203	12.594	0.861102	23.9506
0.251445	6.86951	0.116039	3.09056	0.444846	12.1275	0.790237	21.5698	0.451477	12.4434	0.86073	23.5381
0.254699	6.84355	0.11911	3.12127	0.445865	11.9551	0.792095	21.264	0.453751	12.2979	0.860381	23.1398
0.257891	6.81679	0.122198	3.15146	0.446961	11.7903	0.793962	20.9683	0.456025	12.1571	0.860054	22.755
0.26102	6.78925	0.125303	3.18115	0.448137	11.6328	0.795835	20.6822	0.458297	12.0208	0.859751	22.3832
0.264085	6.76092	0.128426	3.21034	0.449394	11.4823	0.797716	20.4053	0.460567	11.8887	0.859473	22.0237
0.267084	6.73182	0.131564	3.23905	0.450734	11.3385	0.799602	20.1371	0.462833	11.7607	0.85922	21.676
0.270016	6.70195	0.134718	3.26729	0.452158	11.2013	0.801493	19.8772	0.465095	11.6366	0.858992	21.3395
0.272881	6.67133	0.137887	3.29506	0.453668	11.0702	0.80339	19.6252	0.467353	11.516	0.858791	21.0138
0.275678	6.63998	0.141071	3.32237	0.455265	10.9451	0.80529	19.3808	0.469604	11.399	0.858618	20.6984
0.278406	6.60792	0.144269	3.34922	0.456948	10.8257	0.807194	19.1436	0.471849	11.2852	0.858472	20.3929
0.281066	6.57518	0.147481	3.37564	0.45872	10.7117	0.809101	18.9132	0.474086	11.1745	0.858355	20.0969
0.283658	6.5418	0.150706	3.40163	0.46058	10.6031	0.811011	18.6895	0.476315	11.0668	0.858268	19.8099
0.286181	6.50779	0.153944	3.42719	0.462529	10.4994	0.812923	18.472	0.478535	10.9619	0.85821	19.5316
0.288637	6.47321	0.157194	3.45233	0.464566	10.4006	0.814836	18.2606	0.480745	10.8597	0.858183	19.2616
0.291026	6.43808	0.160456	3.47706	0.466691	10.3064	0.81675	18.0549	0.482945	10.7601	0.858187	18.9998
0.29335	6.40247	0.16373	3.50139	0.468902	10.2167	0.818664	17.8547	0.485134	10.6629	0.858222	18.7456
0.295608	6.3664	0.167015	3.52533	0.471201	10.1311	0.820579	17.6599	0.487311	10.568	0.858291	18.4988
0.297525	6.33464	0.170311	3.54888	0.473584	10.0496	0.822493	17.4701	0.489475	10.4754	0.858391	18.2592
0.299122	6.30735	0.173618	3.57206	0.47573	9.98177	0.824406	17.2852	0.491627	10.3849	0.858526	18.0265
0.300417	6.28465	0.176935	3.59486	0.477608	9.92613	0.826318	17.1049	0.493764	10.2964	0.858694	17.8005
0.301425	6.26662	0.180261	3.6173	0.479195	9.88162	0.828227	16.9292	0.495888	10.2099	0.858897	17.5808
0.302158	6.25333	0.183598	3.63938	0.480471	9.84734	0.830135	16.7577	0.497996	10.1253	0.859135	17.3672
0.302622	6.2448	0.186943	3.6611	0.481422	9.82265	0.83204	16.5904	0.499821	10.0529	0.859408	17.1597
0.303286	6.23253	0.190297	3.68249	0.482035	9.80707	0.833941	16.4271	0.501367	9.99232	0.859717	16.9578
0.304	6.21916	0.19366	3.70353	0.482924	9.78498	0.835839	16.2677	0.502639	9.94289	0.860062	16.7615
0.304959	6.20093	0.197031	3.72425	0.4839	9.76135	0.837734	16.1119	0.50364	9.90423	0.860444	16.5706
0.306154	6.17783	0.20041	3.74464	0.485243	9.72987	0.839624	15.9597	0.504374	9.87605	0.860862	16.3848
0.307573	6.14982	0.203797	3.7647	0.486967	9.69111	0.841509	15.8109	0.504842	9.85811	0.861319	16.204
0.309201	6.1169	0.207191	3.78446	0.489089	9.64573	0.84339	15.6654	0.505514	9.83248	0.861812	16.028
0.311024	6.07907	0.210593	3.8039	0.491629	9.59452	0.845266	15.5231	0.506242	9.80479	0.862344	15.8567
0.312799	6.04124	0.214001	3.82305	0.494609	9.53833	0.847136	15.3839	0.507229	9.76745	0.862914	15.69
0.314531	6.00346	0.217416	3.8419	0.497658	9.48475	0.849	15.2476	0.508471	9.72073	0.863523	15.5276
0.316222	5.96577	0.220838	3.86045	0.500772	9.43365	0.850858	15.1142	0.509963	9.66494	0.86417	15.3695
0.317873	5.92822	0.224266	3.87872	0.503949	9.38488	0.85271	14.9836	0.511702	9.60048	0.864856	15.2154
0.319489	5.89086	0.2277	3.89671	0.507186	9.33833	0.854555	14.8557	0.51368	9.52777	0.865581	15.0653
0.321071	5.85372	0.23114	3.91442	0.510481	9.29387	0.856394	14.7303	0.515639	9.45635	0.866345	14.9191
0.322622	5.81685	0.234585	3.93186	0.513831	9.25139	0.858225	14.6075	0.517579	9.38618	0.867148	14.7766
0.324146	5.78029	0.238036	3.94904	0.517234	9.21078	0.86005	14.487	0.5195	9.31721	0.867991	14.6377
0.325643	5.74407	0.241492	3.96595	0.520687	9.17193	0.861867	14.369	0.521401	9.2494	0.868873	14.5024
0.327118	5.70822	0.244953	3.98261	0.524188	9.13474	0.863677	14.2531	0.523282	9.1827	0.869794	14.3704
0.328571	5.67278	0.247973	3.99692	0.527734	9.09912	0.865479	14.1395	0.525143	9.11707	0.870755	14.2417
0.330007	5.63776	0.25055	4.00897	0.531323	9.06499	0.867274	14.0281	0.526984	9.05249	0.871755	14.1162
0.331426	5.6032	0.252683	4.01883	0.534952	9.03224	0.869061	13.9187	0.528805	8.98891	0.872794	13.9938
0.332831	5.56911	0.25437	4.02656	0.53862	9.00081	0.870841	13.8113	0.530606	8.92629	0.873872	13.8745
0.334225	5.53553	0.255612	4.03221	0.542324	8.97061	0.872613	13.7058	0.532386	8.86462	0.874989	13.758
0.335608	5.50245	0.256407	4.03581	0.546062	8.94157	0.874377	13.6023	0.534145	8.80386	0.876144	13.6444
0.336984	5.46992	0.25755	4.04096	0.549832	8.91364	0.876133	13.5006	0.535884	8.74398	0.877338	13.5335
0.338354	5.43792	0.258793	4.04653	0.553632	8.88673	0.877882	13.4007	0.537602	8.68496	0.878571	13.4253
0.339719	5.40649	0.260484	4.05406	0.557459	8.86079	0.879623	13.3025	0.5393	8.62677	0.879841	13.3196
0.341082	5.37562	0.262624	4.0635	0.561313	8.83577	0.881356	13.206	0.540978	8.56939	0.881149	13.2165
0.342444	5.34533	0.265214	4.0748	0.565191	8.8116	0.883083	13.1112	0.542635	8.5128	0.882494	13.1158
0.343807	5.31563	0.268255	4.0879	0.569092	8.78823	0.884802	13.018	0.544272	8.45697	0.883876	13.0175
0.345171	5.28651	0.271748	4.10272	0.573013	8.76563	0.886514	12.9263	0.545889	8.4019	0.885295	12.9215
0.346539	5.25799	0.275244	4.11732	0.576953	8.74373	0.888219	12.8362	0.547486	8.34755	0.88675	12.8277
0.347912	5.23006	0.278744	4.1317	0.580911	8.72251	0.889918	12.7476	0.549063	8.29391	0.888241	12.7361
0.34929	5.20273	0.282247	4.14586	0.584885	8.7019	0.89161	12.6604	0.550621	8.24097	0.889767	12.6466
0.350675	5.176	0.285752	4.15981	0.588873	8.68189	0.893297	12.5747	0.552161	8.18871	0.891328	12.5591
0.352068	5.14987	0.28926	4.17356	0.592875	8.66243	0.894978	12.4903	0.553681	8.13713	0.892923	12.4736
0.35347	5.12433	0.292771	4.1871	0.596888	8.64348	0.896653	12.4073	0.555183	8.08619	0.894552	12.39
0.354882	5.09938	0.296284	4.20044	0.600911	8.62501	0.898324	12.3257	0.556666	8.0359	0.896214	12.3083
0.356305	5.07503	0.2998	4.21358	0.604943	8.60699	0.899991	12.2453	0.558132	7.98623	0.897909	12.2284
0.35774	5.05126	0.303318	4.22653	0.608983	8.58939	0.901653	12.1662	0.559581	7.93719	0.899636	12.1503
0.359186	5.02807	0.306837	4.23928	0.61303	8.57218	0.903312	12.0884	0.561013	7.88876	0.901394	12.0739
0.360646	5.00546	0.310359	4.25185	0.617081	8.55534	0.904968	12.0118	0.562428	7.84093	0.903183	11.9991
0.36212	4.98342	0.313882	4.26422	0.621136	8.53883	0.906621	11.9364	0.563828	7.79369	0.905002	11.9259
0.363608	4.96194	0.317407	4.27642	0.625194	8.52264	0.908273	11.8622	0.565212	7.74703	0.906851	11.8543
0.36511	4.94102	0.320933	4.28843	0.629253	8.50673	0.909924	11.7892	0.56658	7.70094	0.908728	11.7842
0.366628	4.92066	0.32446	4.30026	0.633313	8.49109	0.911574	11.7173	0.567935	7.65543	0.910634	11.7156
0.368162	4.90084	0.327988	4.31192	0.637372	8.4757	0.913224	11.6466	0.569275	7.61047	0.912567	11.6484
0.369712	4.88155	0.331518	4.3234	0.641429	8.46053	0.914876	11.5769	0.570602	7.56607	0.914527	11.5826
0.371279	4.8628	0.335048	4.33471	0.645482	8.44556	0.916529	11.5084	0.571916	7.52221	0.916513	11.5181
0.372863	4.84456	0.338579	4.34585	0.649532	8.43078	0.918184	11.4409	0.573217	7.4789	0.918524	11.4549
0.374465	4.82684	0.342111	4.35683	0.653576	8.41617	0.919843	11.3745	0.574507	7.43613	0.92056	11.393
0.376083	4.80962	0.345643	4.36764	0.657614	8.4017	0.921507	11.3092	0.575786	7.39389	0.922619	11.3324
0.37772	4.7929	0.349175	4.37828	0.661645	8.38736	0.923175	11.2449	0.577054	7.35217	0.924702	11.2729
0.379375	4.77666	0.352707	4.38877	0.665666	8.37313	0.92485	11.1816	0.578312	7.31098	0.926806	11.2146
0.381049	4.7609	0.35624	4.39909	0.669678	8.35901	0.926532	11.1193	0.579561	7.2703	0.928933	11.1573
0.38274	4.74561	0.359772	4.40926	0.67368	8.34496	0.928222	11.0581	0.580801	7.23014	0.93108	11.1012
0.384451	4.73079	0.363304	4.41927	0.677669	8.33098	0.929921	10.9978	0.582034	7.19048	0.933247	11.0462
0.38618	4.71641	0.366835	4.42913	0.681645	8.31705	0.93141	10.9461	0.583258	7.15134	0.935433	10.9921
0.387929	4.70248	0.370366	4.43883	0.685608	8.30315	0.932687	10.9027	0.584476	7.11269	0.937353	10.9458
0.389696	4.68899	0.373896	4.44839	0.689554	8.28928	0.933747	10.8671	0.585688	7.07455	0.939001	10.9069
0.391482	4.67592	0.377425	4.45779	0.693485	8.27541	0.934589	10.8393	0.586894	7.0369	0.940371	10.8752
0.393288	4.66327	0.380953	4.46705	0.697398	8.26154	0.93521	10.819	0.588095	6.99974	0.941458	10.8503
0.395113	4.65102	0.38448	4.47616	0.701292	8.24765	0.935608	10.806	0.589292	6.96307	0.94226	10.8321
0.396956	4.63918	0.388006	4.48513	0.705167	8.23372	0.936182	10.7875	0.590485	6.92689	0.942775	10.8206
0.39882	4.62773	0.39153	4.49395	0.70902	8.21976	0.936808	10.7675	0.591676	6.89119	0.943515	10.8041
0.400702	4.61666	0.395052	4.50263	0.712851	8.20573	0.937661	10.7405	0.592864	6.85598	0.944323	10.7862
0.402603	4.60596	0.398573	4.51117	0.716659	8.19163	0.938747	10.7066	0.59405	6.82124	0.945424	10.7621
0.404524	4.59563	0.402092	4.51957	0.720442	8.17745	0.940067	10.6661	0.595236	6.78697	0.946821	10.7319
0.406463	4.58566	0.405608	4.52783	0.7242	8.16318	0.941628	10.6194	0.596421	6.75318	0.948518	10.6958
0.408422	4.57604	0.409122	4.53595	0.72793	8.1488	0.943437	10.5665	0.597606	6.71986	0.950519	10.6541
0.410399	4.56676	0.412634	4.54394	0.731633	8.13431	0.945265	10.5147	0.598792	6.687	0.952827	10.6069
0.412395	4.55782	0.416143	4.55178	0.735306	8.11968	0.947115	10.4637	0.59998	6.65461	0.955147	10.5605
0.41441	4.5492	0.419649	4.5595	0.738948	8.10492	0.948986	10.4137	0.60117	6.62268	0.95748	10.5149
0.416444	4.5409	0.423152	4.56707	0.742559	8.09002	0.950881	10.3647	0.602363	6.59121	0.959823	10.47
0.418496	4.53291	0.426652	4.57451	0.746137	8.07495	0.952801	10.3165	0.603559	6.5602	0.962176	10.4258
0.420566	4.52522	0.430148	4.58182	0.749681	8.05972	0.954746	10.2693	0.604759	6.52964	0.964538	10.3823
0.422655	4.51783	0.433641	4.58899	0.753189	8.04431	0.95672	10.2229	0.605964	6.49954	0.96691	10.3394
0.424762	4.51073	0.43713	4.59604	0.756661	8.02871	0.958722	10.1775	0.607174	6.46989	0.969288	10.2972
0.426886	4.50391	0.440614	4.60294	0.760096	8.01292	0.960754	10.133	0.60839	6.44068	0.971674	10.2556
0.429029	4.49737	0.444095	4.60972	0.763492	7.99693	0.962818	10.0894	0.609612	6.41192	0.974067	10.2146
0.431189	4.49109	0.447571	4.61636	0.766848	7.98073	0.964914	10.0467	0.610842	6.3836	0.976465	10.1742
0.433367	4.48508	0.451042	4.62287	0.770164	7.96431	0.967044	10.0049	0.612079	6.35573	0.978867	10.1344
0.435563	4.47932	0.454508	4.62925	0.773437	7.94768	0.969209	9.96393	0.613325	6.32829	0.981274	10.0951
0.437775	4.4738	0.457969	4.6355	0.776668	7.93081	0.97141	9.92388	0.614579	6.30129	0.983684	10.0563
0.440005	4.46853	0.461425	4.64161	0.779856	7.91372	0.973648	9.88471	0.615843	6.27473	0.986097	10.0181
0.442251	4.4635	0.464875	4.64759	0.782999	7.89638	0.975925	9.84641	0.617117	6.2486	0.988511	9.98032
0.444514	4.45869	0.468319	4.65344	0.786097	7.87881	0.978241	9.80898	0.618402	6.2229	0.990927	9.94304
0.446793	4.45411	0.471757	4.65916	0.789149	7.861	0.980597	9.77241	0.619698	6.19763	0.993343	9.90622
0.449089	4.44975	0.475188	4.66474	0.792154	7.84294	0.982995	9.73669	0.621006	6.17278	0.995759	9.86984
0.451401	4.4456	0.478612	4.67019	0.795112	7.82463	0.985434	9.70181	0.622326	6.14836	0.998174	9.8339
0.453729	4.44165	0.482029	4.67551	0.798023	7.80609	0.987916	9.66778	0.62366	6.12436	1.00059	9.79837
0.456073	4.43791	0.485439	4.68069	0.800886	7.78729	0.990441	9.63456	0.625007	6.10078		
0.458433	4.43436	0.48884	4.68573	0.8037	7.76825	0.99301	9.60217	0.626368	6.07763		
0.460807	4.431	0.492234	4.69064	0.806466	7.74897	0.995623	9.57058	0.627744	6.05489		
0.463197	4.42782	0.49562	4.69542	0.809183	7.72945	0.998281	9.5398	0.629136	6.03256		
0.465603	4.42483	0.498996	4.70005	0.811851	7.70969	1.00098	9.50979	0.630543	6.01065		
0.468022	4.42201	0.502364	4.70455	0.81447	7.68971			0.631967	5.98915		
0.470457	4.41936	0.505722	4.7089	0.817041	7.66949			0.633409	5.96807		
0.472906	4.41687	0.50907	4.71312	0.819564	7.64906			0.634868	5.94739		
0.475369	4.41455	0.512408	4.71719	0.822038	7.62842			0.636345	5.92712		
0.477846	4.41238	0.515735	4.72112	0.824465	7.60756			0.637841	5.90725		
0.480337	4.41036	0.519051	4.7249	0.826844	7.58652			0.639357	5.88779		
0.482842	4.40849	0.522356	4.72854	0.829177	7.56528			0.640893	5.86874		
0.48536	4.40677	0.525649	4.73203	0.831464	7.54386			0.64245	5.85008		
0.487892	4.40518	0.528929	4.73538	0.833706	7.52227			0.644028	5.83183		
0.490436	4.40373	0.532197	4.73857	0.835903	7.50052			0.645629	5.81398		
0.492994	4.40241	0.535452	4.74162	0.838057	7.47862			0.647251	5.79652		
0.495564	4.40121	0.538693	4.74451	0.840168	7.45658			0.648897	5.77946		
0.498147	4.40014	0.54192	4.74724	0.842237	7.4344			0.650566	5.7628		
0.500742	4.39919	0.545133	4.74982	0.844265	7.41211			0.65226	5.74653		
0.503349	4.39836	0.54833	4.75225	0.846254	7.38972			0.653979	5.73066		
0.505968	4.39764	0.551513	4.75451	0.848204	7.36722			0.655723	5.71517		
0.508599	4.39703	0.554679	4.75662	0.850116	7.34465			0.657493	5.70008		
0.511241	4.39652	0.557829	4.75856	0.851993	7.32199			0.65929	5.68538		
0.513895	4.39612	0.560963	4.76035	0.853834	7.29928			0.661114	5.67106		
0.51656	4.39581	0.564079	4.76197	0.855641	7.27651			0.662966	5.65714		
0.519236	4.3956	0.567178	4.76342	0.857415	7.2537			0.664846	5.64359		
0.521923	4.39549	0.570259	4.76472	0.859158	7.23087			0.666755	5.63044		
0.52462	4.39546	0.573322	4.76584	0.86087	7.20801			0.668693	5.61766		
0.527328	4.39553	0.576366	4.76681	0.862553	7.18514			0.670661	5.60526		
0.530046	4.39568	0.579391	4.7676	0.864209	7.16228			0.67266	5.59325		
0.532775	4.39591	0.582397	4.76823	0.865837	7.13942			0.674688	5.5816		
0.535513	4.39621	0.585383	4.76869	0.86744	7.11659			0.676749	5.57034		
0.538261	4.3966	0.58835	4.76899	0.869018	7.09378			0.67884	5.55944		
0.541018	4.39706	0.591296	4.76912	0.870573	7.07101			0.680963	5.54891		
0.543785	4.39759	0.594222	4.76909	0.872105	7.04829			0.683119	5.53875		
0.546561	4.39819	0.597128	4.7689	0.873617	7.02563			0.685307	5.52895		
0.549347	4.39886	0.600013	4.76855	0.875109	7.00302			0.687527	5.51951		
0.552141	4.39959	0.602878	4.76803	0.876581	6.98049			0.689781	5.51042		
0.554944	4.40038	0.605722	4.76736	0.878036	6.95804			0.692067	5.50169		
0.557755	4.40123	0.608545	4.76654	0.879474	6.93567			0.694387	5.4933		
0.560575	4.40214	0.611348	4.76556	0.880897	6.91339			0.69674	5.48525		
0.563403	4.40311	0.614131	4.76444	0.882304	6.89121			0.699125	5.47754		
0.566239	4.40413	0.616893	4.76317	0.883698	6.86914			0.701544	5.47016		
0.569083	4.4052	0.619636	4.76175	0.885078	6.84717			0.703996	5.46311		
0.571935	4.40632	0.622358	4.7602	0.886447	6.82532			0.706481	5.45638		
0.574794	4.40749	0.625062	4.75852	0.887804	6.80359			0.708998	5.44996		
0.577661	4.4087	0.627746	4.75671	0.889151	6.78198			0.711548	5.44386		
0.580534	4.40996	0.630411	4.75477	0.890489	6.7605			0.71413	5.43805		
0.583416	4.41126	0.633059	4.75272	0.891818	6.73916			0.716744	5.43254		
0.586303	4.4126	0.635688	4.75055	0.893139	6.71795			0.719389	5.42731		
0.589198	4.41397	0.6383	4.74827	0.894452	6.69689			0.722064	5.42237		
0.5921	4.41539	0.640895	4.74589	0.89576	6.67597			0.724771	5.4177		
0.595008	4.41684	0.643475	4.74341	0.897062	6.6552			0.727507	5.41329		
0.597922	4.41832	0.646038	4.74083	0.898358	6.63458			0.730273	5.40915		
0.600842	4.41984	0.648586	4.73817	0.89965	6.61412			0.733067	5.40525		
0.603769	4.42139	0.651121	4.73543	0.900939	6.59381			0.73589	5.4016		
0.606701	4.42296	0.653641	4.73262	0.902225	6.57366			0.73874	5.39817		
0.60964	4.42457	0.656148	4.72973	0.903508	6.55368			0.741618	5.39498		
0.612583	4.4262	0.658643	4.72678	0.904789	6.53386			0.744521	5.39201		
0.615532	4.42785	0.661125	4.72377	0.906069	6.5142			0.74745	5.38924		
0.618487	4.42953	0.663597	4.72071	0.907348	6.49471			0.750404	5.38668		
0.621447	4.43123	0.666058	4.7176	0.908627	6.47539			0.753383	5.38431		
0.624412	4.43295	0.668509	4.71445	0.909907	6.45624			0.756385	5.38214		
0.627381	4.43469	0.670951	4.71126	0.911187	6.43726			0.759409	5.38014		
0.630356	4.43645	0.673385	4.70804	0.912468	6.41846			0.762456	5.37832		
0.633335	4.43823	0.67581	4.70479	0.913751	6.39983			0.765524	5.37666		
0.636318	4.44002	0.678229	4.70152	0.915037	6.38137			0.768613	5.37516		
0.639306	4.44183	0.68064	4.69822	0.916325	6.36309			0.771722	5.37382		
0.642298	4.44365	0.683046	4.69492	0.917616	6.34499			0.77485	5.37262		
0.645294	4.44548	0.685446	4.6916	0.91891	6.32707			0.777997	5.37156		
0.648294	4.44733	0.68784	4.68828	0.920209	6.30932			0.781162	5.37063		
0.651298	4.44919	0.690231	4.68496	0.921511	6.29175			0.784345	5.36983		
0.654306	4.45105	0.692618	4.68164	0.922819	6.27436			0.787544	5.36915		
0.657317	4.45293	0.695001	4.67832	0.924131	6.25714			0.790759	5.36858		
0.660332	4.45481	0.697381	4.67501	0.925449	6.24011			0.79399	5.36813		
0.663349	4.4567	0.699759	4.67171	0.926772	6.22325			0.797236	5.36778		
0.66637	4.45859	0.702136	4.66843	0.928102	6.20658			0.800497	5.36753		
0.669394	4.46049	0.70451	4.66516	0.929438	6.19008			0.803771	5.36738		
0.672421	4.46239	0.706884	4.66191	0.93078	6.17376			0.807059	5.36731		
0.675451	4.4643	0.709256	4.65868	0.93213	6.15762			0.81036	5.36734		
0.678483	4.4662	0.711629	4.65548	0.933486	6.14166			0.813673	5.36744		
0.681518	4.46811	0.714001	4.65231	0.934851	6.12587			0.816998	5.36762		
0.684555	4.47002	0.716374	4.64916	0.936223	6.11027			0.820334	5.36787		
0.687594	4.47193	0.718748	4.64604	0.937603	6.09484			0.823682	5.3682		
0.690636	4.47383	0.721123	4.64295	0.938992	6.07959			0.827039	5.36859		
0.69368	4.47574	0.723499	4.6399	0.940389	6.06451			0.830408	5.36904		
0.696725	4.47764	0.725877	4.63688	0.941795	6.04961			0.833786	5.36955		
0.699772	4.47953	0.728257	4.6339	0.94321	6.03489			0.837173	5.37012		
0.702821	4.48143	0.730639	4.63095	0.944635	6.02034			0.840569	5.37074		
0.705871	4.48331	0.733023	4.62804	0.946069	6.00596			0.843975	5.37142		
0.708923	4.4852	0.73541	4.62517	0.947513	5.99176			0.847388	5.37214		
0.711976	4.48707	0.7378	4.62234	0.948967	5.97773			0.85081	5.3729		
0.71503	4.48894	0.740193	4.61956	0.950431	5.96387			0.854239	5.37371		
0.718085	4.4908	0.742589	4.61681	0.951905	5.95019			0.857675	5.37456		
0.721141	4.49265	0.744989	4.61411	0.95339	5.93667			0.861119	5.37544		
0.724198	4.49449	0.747393	4.61145	0.954886	5.92333			0.86457	5.37637		
0.727256	4.49633	0.7498	4.60883	0.956393	5.91015			0.868027	5.37732		
0.730314	4.49815	0.752211	4.60626	0.957911	5.89714			0.871491	5.37831		
0.733372	4.49996	0.754626	4.60373	0.95944	5.8843			0.87496	5.37933		
0.736431	4.50176	0.757045	4.60124	0.960981	5.87163			0.878436	5.38037		
0.73949	4.50354	0.759469	4.5988	0.962533	5.85912			0.881917	5.38145		
0.742549	4.50532	0.761897	4.59641	0.964097	5.84678			0.885404	5.38254		
0.745608	4.50708	0.76433	4.59405	0.965674	5.8346			0.888896	5.38367		
0.748667	4.50882	0.766767	4.59175	0.967262	5.82259			0.892393	5.38481		
0.751726	4.51056	0.76921	4.58949	0.968863	5.81073			0.895894	5.38597		
0.754784	4.51227	0.771656	4.58727	0.970476	5.79904			0.899401	5.38716		
0.757842	4.51397	0.774108	4.5851	0.972101	5.78751			0.902912	5.38836		
0.760899	4.51566	0.776565	4.58298	0.97374	5.77614			0.906427	5.38958		
0.763955	4.51733	0.779027	4.5809	0.975391	5.76492			0.909947	5.39081		
0.767011	4.51898	0.781494	4.57886	0.977056	5.75387			0.91347	5.39206		
0.770065	4.52061	0.783965	4.57687	0.978733	5.74297			0.916997	5.39332		
0.773119	4.52223	0.786443	4.57493	0.980424	5.73223			0.920528	5.3946		
0.776171	4.52383	0.788925	4.57302	0.982128	5.72164			0.924063	5.39589		
0.779222	4.52541	0.791413	4.57116	0.983845	5.7112			0.927601	5.39719		
0.782272	4.52697	0.793905	4.56935	0.985576	5.70092			0.931142	5.39849		
0.78532	4.52851	0.796404	4.56758	0.987321	5.69079			0.934687	5.39981		
0.788366	4.53003	0.798907	4.56585	0.98908	5.68081			0.938234	5.40114		
0.791411	4.53153	0.801416	4.56416	0.990852	5.67098			0.941785	5.40247		
0.794454	4.533	0.80393	4.56252	0.992639	5.6613			0.945338	5.40381		
0.797495	4.53446	0.80645	4.56091	0.994439	5.65177			0.948895	5.40516		
0.800534	4.5359	0.808974	4.55935	0.996254	5.64238			0.952454	5.40651		
0.803571	4.53731	0.811505	4.55783	0.998083	5.63314			0.956015	5.40787		
0.806606	4.5387	0.81404	4.55635	0.999927	5.62405			0.959579	5.40923		
0.809639	4.54007	0.816581	4.55491	1.00178	5.6151			0.963145	5.4106		
0.812669	4.54142	0.819128	4.55351					0.966714	5.41197		
0.815696	4.54274	0.82168	4.55215					0.970284	5.41334		
0.818721	4.54404	0.824237	4.55083					0.973857	5.41471		
0.821743	4.54531	0.826799	4.54954					0.977432	5.41609		
0.824762	4.54657	0.829367	4.5483					0.981009	5.41747		
0.827779	4.54779	0.83194	4.54709					0.984588	5.41885		
0.830792	4.549	0.834518	4.54592					0.988169	5.42023		
0.833803	4.55017	0.837102	4.54478					0.991751	5.42161		
0.83681	4.55133	0.839691	4.54368					0.995335	5.42299		
0.839814	4.55245	0.842285	4.54262					0.998921	5.42437		
0.842815	4.55356	0.844884	4.54159					1.00251	5.42575		
0.845813	4.55463	0.847488	4.54059								
0.848807	4.55568	0.850098	4.53963								
0.851797	4.55671	0.852712	4.5387								
0.854784	4.55771	0.855332	4.53781								
0.857767	4.55868	0.857956	4.53695								
0.860746	4.55963	0.860586	4.53612								
0.863722	4.56055	0.86322	4.53532								
0.866694	4.56145	0.86586	4.53455								
0.869662	4.56231	0.868504	4.53381								
0.872625	4.56316	0.871153	4.5331								
0.875585	4.56397	0.873807	4.53242								
0.878541	4.56476	0.876466	4.53177								
0.881492	4.56552	0.879129	4.53115								
0.88444	4.56626	0.881797	4.53055								
0.887383	4.56697	0.884469	4.52998								
0.890322	4.56765	0.887146	4.52944								
0.893257	4.56831	0.889828	4.52893								
0.896187	4.56894	0.892514	4.52844								
0.899113	4.56955	0.895204	4.52798								
0.902034	4.57013	0.897899	4.52754								
0.904952	4.57068	0.900598	4.52712								
0.907864	4.57121	0.903301	4.52673								
0.910773	4.57171	0.906009	4.52637								
0.913677	4.57219	0.90872	4.52602								
0.916576	4.57264	0.911436	4.5257								
0.919471	4.57306	0.914156	4.5254								
0.922361	4.57347	0.91688	4.52512								
0.925247	4.57384	0.919607	4.52486								
0.928129	4.5742	0.922339	4.52463								
0.931006	4.57453	0.925074	4.52441								
0.933879	4.57483	0.927813	4.52421								
0.936747	4.57511	0.930556	4.52404								
0.939611	4.57537	0.933303	4.52388								
0.94247	4.57561	0.936053	4.52374								
0.945326	4.57582	0.938807	4.52361								
0.948176	4.57601	0.941564	4.52351								
0.951023	4.57618	0.944324	4.52342								
0.953865	4.57633	0.947089	4.52335								
0.956703	4.57646	0.949856	4.5233								
0.959537	4.57657	0.952626	4.52326								
0.962367	4.57665	0.9554	4.52323								
0.965192	4.57672	0.958177	4.52322								
0.968014	4.57676	0.960958	4.52323								
0.970831	4.57679	0.963741	4.52325								
0.973645	4.5768	0.966527	4.52329								
0.976455	4.57679	0.969316	4.52333								
0.97926	4.57676	0.972108	4.52339								
0.982063	4.57672	0.974903	4.52347								
0.984861	4.57666	0.9777	4.52355								
0.987656	4.57658	0.980501	4.52365								
0.990447	4.57649	0.983304	4.52376								
0.993235	4.57638	0.986109	4.52388								
0.996019	4.57625	0.988917	4.52402								
0.9988	4.57611	0.991728	4.52416								
1.00158	4.57596	0.994541	4.52431								
		0.997356	4.52447								
		1.00017	4.52465								
