Sym0		Sym1		Sym2		Sym3		Sym4		Sym5		Sym6		Sym7		Asym1		Asym2		Asym3		Asym4		Asym5		Asym6		Asym7	
314  Points		314  Points		314  Points		299  Points		289  Points		234  Points		191  Points		130  Points		312  Points		310  Points		296  Points		274  Points		219  Points		187  Points		124  Points	
Freq (MHz)	Vph (m/ms)	Freq (MHz)	Vph (m/ms)	Freq (MHz)	Vph (m/ms)	Freq (MHz)	Vph (m/ms)	Freq (MHz)	Vph (m/ms)	Freq (MHz)	Vph (m/ms)	Freq (MHz)	Vph (m/ms)	Freq (MHz)	Vph (m/ms)	Freq (MHz)	Vph (m/ms)	Freq (MHz)	Vph (m/ms)	Freq (MHz)	Vph (m/ms)	Freq (MHz)	Vph (m/ms)	Freq (MHz)	Vph (m/ms)	Freq (MHz)	Vph (m/ms)	Freq (MHz)	Vph (m/ms)
2.20104	2.47204	2.20304	2.47206	0.433884	343.709	0.866025	1700.67	1.28754	451.567	1.29907	1069.64	1.73205	7463.72	2.14614	6513.17	0.216536	242.191	2.20237	2.50693	0.858462	1318.68	1.08253	1939.65	1.51554	1407.25	1.71696	638.85	1.94856	695.352
2.19383	2.47197	2.19583	2.47199	0.438066	105.435	0.866026	254.586	1.28714	224.093	1.29945	316.4	1.73205	554.339	2.14613	666.091	0.217037	57.3179	2.1949	2.50667	0.858599	242.304	1.08255	313.73	1.51553	381.802	1.71709	307.72	1.94857	342.171
2.18663	2.47192	2.18863	2.47193	0.442709	62.8197	0.866028	137.592	1.28653	148.969	1.30018	185.754	1.73205	287.859	2.14611	350.989	0.218148	32.6616	2.18749	2.50649	0.858924	133.457	1.08259	170.674	1.51551	220.859	1.71732	202.693	1.94859	226.918
2.17944	2.47187	2.18144	2.47188	0.447492	45.0203	0.866031	94.2706	1.28579	111.53	1.30119	131.541	1.73205	194.406	2.14606	238.268	0.21985	22.9692	2.18015	2.50639	0.859435	92.1308	1.08266	117.228	1.51547	155.363	1.71764	151.135	1.94862	169.745
2.17226	2.47184	2.17426	2.47185	0.452368	35.2524	0.866036	71.697	1.28498	89.1036	1.30243	101.876	1.73206	146.76	2.14601	180.346	0.222115	17.8205	2.17292	2.50641	0.86013	70.3819	1.08275	89.277	1.51542	119.826	1.71806	120.502	1.94865	135.585
2.1651	2.47182	2.16709	2.47183	0.457323	29.0831	0.866044	57.8458	1.28413	74.1686	1.30384	83.1695	1.73206	117.872	2.14594	145.075	0.224908	14.6458	2.16581	2.50657	0.861007	56.9699	1.08287	72.093	1.51536	97.518	1.71857	100.208	1.9487	112.872
2.15794	2.47182	2.15993	2.47182	0.462349	24.8345	0.866056	48.4803	1.28327	63.5089	1.30539	70.298	1.73206	98.4859	2.14585	121.342	0.22819	12.5043	2.15882	2.50688	0.862059	47.8766	1.08302	60.46	1.51529	82.2107	1.71917	85.7766	1.94875	96.6779
2.1508	2.47183	2.15278	2.47182	0.467438	21.7315	0.866072	41.7252	1.28241	55.519	1.30706	60.9015	1.73207	84.5761	2.14576	104.281	0.231417	11.1422	2.15198	2.50735	0.863284	41.3088	1.08319	52.0629	1.51521	71.0555	1.71986	74.989	1.94881	84.5484
2.14367	2.47185	2.14565	2.47184	0.472587	19.3666	0.866093	36.6228	1.28157	49.3081	1.30883	53.7414	1.73207	74.1093	2.14566	91.4243	0.234415	10.2284	2.14526	2.50797	0.864675	36.345	1.08339	45.7168	1.51511	62.5646	1.72065	66.6211	1.94887	75.1241
2.13655	2.47188	2.13853	2.47187	0.47779	17.5049	0.866122	32.6328	1.28075	44.3418	1.31071	48.105	1.73208	65.9479	2.14556	81.3891	0.237054	9.59925	2.13866	2.50874	0.866227	32.4633	1.08362	40.7525	1.51501	55.8853	1.72152	59.9419	1.94895	67.5908
2.12944	2.47193	2.13142	2.47192	0.483043	16.0016	0.86616	29.4272	1.27995	40.2805	1.31267	43.5535	1.73209	59.4059	2.14545	73.3381	0.239235	9.16612	2.13215	2.50962	0.867933	29.3461	1.08389	36.7633	1.51489	50.4936	1.72249	54.4878	1.94903	61.4314
2.12235	2.472	2.12432	2.47198	0.488342	14.7626	0.866209	26.7957	1.27918	36.8976	1.31472	39.8017	1.7321	54.0448	2.14534	66.7359	0.240889	8.87812	2.12573	2.51061	0.869786	26.7888	1.08418	33.4879	1.51477	46.0498	1.72354	49.9507	1.94913	56.3015
2.11527	2.47208	2.11723	2.47205	0.493683	13.7241	0.866271	24.5967	1.27845	34.0365	1.31685	36.6564	1.73211	49.5713	2.14523	61.2236	0.24197	8.70581	2.11937	2.51168	0.871779	24.6539	1.08451	30.7507	1.51464	42.3241	1.72467	46.1177	1.94923	51.963
2.1082	2.47217	2.11016	2.47215	0.499062	12.8411	0.866347	22.732	1.27774	31.5854	1.31906	33.9819	1.73212	45.7819	2.14511	56.5521	0.243552	8.473	2.11307	2.51282	0.873905	22.8453	1.08487	28.4294	1.5145	39.1554	1.7259	42.8372	1.94935	48.2459
2.10114	2.47229	2.1031	2.47225	0.504475	12.0812	0.86644	21.1307	1.27706	29.462	1.32136	31.6802	1.73214	42.5308	2.145	52.5425	0.245308	8.23804	2.10681	2.51403	0.876156	21.294	1.08527	26.4361	1.51435	36.4276	1.7272	39.9981	1.94947	45.0257
2.0941	2.47241	2.09606	2.47238	0.509918	11.4205	0.866553	19.7409	1.27641	27.605	1.32373	29.6789	1.73216	39.7109	2.14489	49.0636	0.247755	7.94535	2.10059	2.51529	0.878523	19.9492	1.08572	24.7061	1.5142	34.0545	1.72859	37.5172	1.94961	42.209
2.08707	2.47256	2.08902	2.47252	0.515387	10.8407	0.866687	18.5234	1.2758	25.9673	1.32617	27.9229	1.73218	37.2419	2.14479	46.0165	0.250941	7.61369	2.0944	2.5166	0.881	18.7724	1.0862	23.1907	1.51404	31.9711	1.73006	35.3311	1.94975	39.7245
2.08006	2.47272	2.082	2.47267	0.520878	10.3278	0.866847	17.4482	1.27521	24.5123	1.32869	26.37	1.73221	35.062	2.14468	43.3256	0.25492	7.26104	2.08825	2.51796	0.883579	17.7343	1.08673	21.8525	1.51388	30.1276	1.73162	33.3904	1.94991	37.5168
2.07305	2.4729	2.075	2.47285	0.525679	9.9269	0.867035	16.4918	1.27465	23.211	1.33129	24.9872	1.73224	33.1233	2.14458	40.9318	0.259746	6.90291	2.08212	2.51936	0.88625	16.8119	1.0873	20.6622	1.51372	28.4847	1.73324	31.6562	1.95008	35.5421
2.06607	2.4731	2.06801	2.47304	0.529781	9.61425	0.867253	15.6357	1.27413	22.0405	1.33396	23.748	1.73227	31.3879	2.14449	38.7886	0.265473	6.5515	2.07602	2.52079	0.889007	15.987	1.08792	19.5969	1.51355	27.0113	1.73495	30.0973	1.95026	33.7653
2.0591	2.47332	2.06103	2.47326	0.533177	9.37364	0.867506	14.8651	1.27363	20.9821	1.33671	22.6315	1.73231	29.8255	2.1444	36.8586	0.271377	6.25098	2.06994	2.52227	0.891841	15.245	1.0886	18.6379	1.51338	25.6826	1.73673	28.6887	1.95046	32.1583
2.05214	2.47355	2.05407	2.47349	0.535866	9.19383	0.867796	14.1678	1.27316	20.0204	1.33952	21.6204	1.73235	28.4113	2.14431	35.1115	0.277433	5.99132	2.06388	2.52379	0.894744	14.5741	1.08933	17.7704	1.51321	24.4782	1.73858	27.4096	1.95067	30.6978
2.04519	2.47381	2.04712	2.47374	0.537844	9.06707	0.868126	13.5341	1.27272	19.1427	1.34241	20.7005	1.7324	27.1254	2.14423	33.5225	0.283622	5.76486	2.05785	2.52533	0.89771	13.9644	1.09011	16.9819	1.51305	23.3815	1.7405	26.2432	1.95089	29.3646
2.03827	2.47409	2.04019	2.47401	0.539111	8.98824	0.868502	12.9557	1.2723	18.3387	1.34536	19.8603	1.73246	25.951	2.14415	32.071	0.289924	5.56573	2.05183	2.52692	0.900729	13.4081	1.09096	16.2624	1.51288	22.3786	1.74249	25.1753	1.95113	28.143
2.03136	2.47439	2.03328	2.4743	0.540932	8.87793	0.868925	12.4259	1.27192	17.5994	1.34839	19.0899	1.73252	24.8742	2.14408	30.7401	0.296321	5.38928	2.04583	2.52854	0.903795	12.8984	1.09187	15.6032	1.51272	21.4581	1.74455	24.194	1.95138	27.0194
2.02446	2.4747	2.02637	2.47461	0.542912	8.76187	0.869401	11.9389	1.27156	16.9173	1.35148	18.3809	1.73259	23.8834	2.14402	29.5151	0.302798	5.23186	2.03985	2.53019	0.906899	12.4296	1.09286	14.9973	1.51256	20.6102	1.74668	23.2892	1.95165	25.9825
2.01758	2.47504	2.01949	2.47495	0.545605	8.61011	0.869932	11.4898	1.27122	16.2861	1.35464	17.7266	1.73267	22.9686	2.14396	28.3841	0.309342	5.09052	2.03388	2.53187	0.910035	11.997	1.09391	14.4387	1.51241	19.8267	1.74886	22.4524	1.95194	25.0228
2.01071	2.47541	2.01262	2.4753	0.549011	8.42757	0.870524	11.0745	1.27092	15.7004	1.35787	17.1208	1.73276	22.1216	2.14391	27.3366	0.315939	4.96285	2.02793	2.53359	0.913196	11.5965	1.09504	13.922	1.51226	19.1005	1.75111	21.6764	1.95225	24.1319
2.00386	2.47579	2.00577	2.47568	0.55313	8.21968	0.871179	10.6895	1.27064	15.1554	1.36116	16.5584	1.73285	21.3349	2.14386	26.3636	0.322577	4.8469	2.02199	2.53533	0.916373	11.2245	1.09624	13.443	1.51211	18.4255	1.75342	20.9546	1.95257	23.3028
1.99703	2.4762	1.99893	2.47608	0.557959	7.99208	0.871903	10.3317	1.27038	14.647	1.36452	16.035	1.73296	20.6025	2.14382	25.4576	0.329245	4.74104	2.01607	2.53711	0.919561	10.8782	1.09753	12.9978	1.51198	17.7967	1.75578	20.2818	1.95292	22.5292
1.99022	2.47663	1.99211	2.47651	0.563492	7.75024	0.872593	10.04	1.27015	14.1718	1.36793	15.5467	1.73307	19.9189	2.14378	24.6118	0.335933	4.64393	2.01017	2.53892	0.922753	10.5548	1.09891	12.583	1.51186	17.2093	1.7582	19.6531	1.95329	21.8058
1.98342	2.47709	1.98531	2.47696	0.569014	7.52675	0.873226	9.8049	1.26995	13.7265	1.37141	15.0901	1.7332	19.2795	2.14375	23.8204	0.342632	4.55442	2.00427	2.54076	0.925942	10.2521	1.10037	12.1959	1.51174	16.6595	1.76067	19.0643	1.95368	21.1279
1.97664	2.47757	1.97852	2.47743	0.574521	7.31954	0.873783	9.61924	1.26977	13.3086	1.37494	14.6624	1.73334	18.68	2.14372	23.0784	0.349332	4.47156	1.99839	2.54262	0.928714	10.0036	1.10193	11.8338	1.51164	16.1437	1.76319	18.5118	1.95409	20.4914
1.96987	2.47807	1.97175	2.47793	0.580007	7.12681	0.874246	9.47775	1.26962	12.9154	1.37853	14.2608	1.73349	18.1169	2.1437	22.3813	0.356025	4.39452	1.99252	2.54452	0.931069	9.80207	1.10359	11.4945	1.51154	15.659	1.76576	17.9924	1.95453	19.8926
1.96313	2.47861	1.965	2.47845	0.58547	6.94702	0.874599	9.37656	1.2695	12.545	1.38218	13.8831	1.73365	17.5869	2.14369	21.7251	0.362702	4.32261	1.98666	2.54644	0.933009	9.64213	1.10534	11.1761	1.51146	15.2027	1.76838	17.5032	1.95499	19.3284
1.9564	2.47916	1.95827	2.47901	0.590905	6.77885	0.87483	9.31303	1.2694	12.1955	1.38589	13.5273	1.73383	17.0873	2.14368	21.1063	0.369355	4.25521	1.9808	2.54838	0.934537	9.5197	1.1072	10.8768	1.5114	14.7722	1.77103	17.0416	1.95549	18.7957
1.94969	2.47975	1.95155	2.47958	0.596307	6.62113	0.87517	9.22334	1.26933	11.8651	1.38964	13.1915	1.73402	16.6156	2.14368	20.5218	0.375977	4.19182	1.97496	2.55035	0.935656	9.43186	1.10917	10.5951	1.51135	14.3656	1.77373	16.6054	1.95601	18.2922
1.94299	2.48036	1.94485	2.48019	0.601674	6.47283	0.875552	9.12798	1.26929	11.5523	1.39345	12.8742	1.73423	16.1694	2.14369	19.9689	0.38256	4.13196	1.96912	2.55235	0.936371	9.37657	1.11125	10.3295	1.51131	13.9809	1.77647	16.1925	1.95656	17.8154
1.93632	2.481	1.93817	2.48082	0.607	6.33306	0.876088	9.00173	1.26927	11.2559	1.39731	12.5738	1.73445	15.7468	2.1437	19.4451	0.389096	4.07525	1.96329	2.55437	0.937396	9.29835	1.11315	10.1103	1.5113	13.6164	1.77924	15.8012	1.95714	17.3634
1.92966	2.48167	1.93151	2.48148	0.612281	6.20103	0.876798	8.8475	1.26928	10.9745	1.40121	12.2891	1.73469	15.346	2.14371	18.9481	0.39558	4.02133	1.95746	2.5564	0.938507	9.21494	1.11484	9.93181	1.5113	13.2706	1.78204	15.4297	1.95776	16.9343
1.92303	2.48237	1.92487	2.48217	0.617515	6.07604	0.877705	8.66869	1.26932	10.7071	1.40516	12.0188	1.73495	14.9654	2.14374	18.476	0.402003	3.96989	1.95163	2.55846	0.940012	9.10413	1.11628	9.78972	1.51132	12.942	1.78487	15.0767	1.95841	16.5265
1.91641	2.4831	1.91825	2.48289	0.622695	5.95746	0.878837	8.46904	1.26939	10.4526	1.40916	11.762	1.73523	14.6035	2.14377	18.0268	0.408359	3.92067	1.94581	2.56053	0.941903	8.96812	1.11745	9.68073	1.51136	12.6295	1.78773	14.7407	1.9591	16.1384
1.90981	2.48385	1.91164	2.48364	0.62782	5.84474	0.880232	8.25245	1.26948	10.2408	1.4132	11.5176	1.73553	14.2589	2.1438	17.5991	0.414642	3.87343	1.93998	2.56262	0.944172	8.80949	1.11833	9.60242	1.51142	12.332	1.79062	14.4205	1.95982	15.7686
1.90323	2.48464	1.90505	2.48442	0.632884	5.73739	0.881732	8.04827	1.26957	10.067	1.41727	11.2849	1.73585	13.9305	2.14385	17.1912	0.420846	3.82795	1.93415	2.56471	0.946807	8.63109	1.1189	9.55309	1.5115	12.0483	1.79352	14.1151	1.96059	15.4161
1.89667	2.48546	1.89849	2.48523	0.637884	5.63496	0.883342	7.85556	1.26966	9.92781	1.42139	11.0629	1.7362	13.6171	2.1439	16.8019	0.426965	3.78405	1.92831	2.56681	0.94979	8.43585	1.11974	9.48325	1.51161	11.7776	1.79645	13.8235	1.9614	15.0795
1.89012	2.48631	1.89194	2.48607	0.642817	5.53706	0.885065	7.6735	1.26973	9.82054	1.42555	10.8509	1.73656	13.3179	2.14396	16.4299	0.432993	3.74156	1.92246	2.56892	0.952729	8.25001	1.12065	9.40871	1.51174	11.519	1.79939	13.5446	1.96226	14.7579
1.8836	2.4872	1.88541	2.48695	0.647679	5.44332	0.886906	7.50134	1.26979	9.74317	1.42974	10.6484	1.73695	13.0318	2.14402	16.0741	0.438926	3.70034	1.9166	2.57102	0.95562	8.07284	1.12193	9.30959	1.51189	11.2718	1.80234	13.2778	1.96317	14.4504
1.8771	2.48812	1.87891	2.48786	0.652467	5.35342	0.888867	7.3384	1.26984	9.69431	1.43396	10.4546	1.73737	12.758	2.14409	15.7335	0.44476	3.66027	1.91072	2.57312	0.95846	7.90371	1.12358	9.18782	1.51208	11.0352	1.8053	13.0221	1.96412	14.156
1.87062	2.48907	1.87242	2.4888	0.657178	5.26708	0.890952	7.18406	1.2699	9.62495	1.43767	10.2925	1.73781	12.4959	2.14417	15.4071	0.45049	3.62122	1.90482	2.57521	0.961249	7.74204	1.12563	9.0457	1.51229	10.8086	1.80827	12.7769	1.96513	13.874
1.86416	2.49005	1.86595	2.48977	0.661811	5.18403	0.893163	7.03775	1.26997	9.55072	1.44084	10.1589	1.73828	12.2446	2.14426	15.094	0.456114	3.58312	1.8989	2.57728	0.963985	7.58732	1.12813	8.88576	1.51253	10.5913	1.81124	12.5416	1.96619	13.6037
1.85771	2.49107	1.8595	2.49078	0.666362	5.10403	0.895503	6.89895	1.27008	9.45164	1.44348	10.0516	1.73878	12.0035	2.14436	14.7934	0.46163	3.54588	1.89295	2.57933	0.966668	7.43908	1.1311	8.71072	1.51276	10.4092	1.8142	12.3154	1.96731	13.3444
1.85129	2.49213	1.85308	2.49183	0.67083	5.02688	0.897974	6.76719	1.27022	9.32935	1.44558	9.96868	1.73931	11.7721	2.14446	14.5047	0.467035	3.50943	1.88696	2.58134	0.969298	7.2969	1.13419	8.5442	1.51298	10.259	1.81717	12.098	1.96849	13.0955
1.84489	2.49322	1.84667	2.49291	0.675213	4.95239	0.900577	6.64202	1.27041	9.18578	1.44712	9.90873	1.73988	11.5498	2.14457	14.2271	0.47233	3.47372	1.88093	2.58332	0.971875	7.16038	1.1374	8.38562	1.51317	10.1382	1.82012	11.8887	1.96974	12.8564
1.83851	2.49435	1.84028	2.49403	0.67951	4.88037	0.903314	6.52305	1.27066	9.02312	1.44811	9.87082	1.74047	11.3361	2.14469	13.9601	0.477516	3.4387	1.87487	2.58526	0.974402	7.0292	1.14072	8.2345	1.51333	10.0447	1.82307	11.6872	1.97105	12.6266
1.83215	2.49551	1.83392	2.49518	0.683722	4.81068	0.906185	6.4099	1.27097	8.84371	1.44953	9.81694	1.7411	11.1305	2.14482	13.7029	0.482592	3.40435	1.86875	2.58714	0.976879	6.90303	1.14415	8.09034	1.51345	9.97713	1.826	11.4928	1.97243	12.4055
1.82581	2.49671	1.82757	2.49637	0.687848	4.74318	0.90919	6.30221	1.27132	8.67163	1.45108	9.75917	1.74177	10.9327	2.14496	13.4552	0.487562	3.37063	1.86257	2.58896	0.979308	6.78159	1.14769	7.95272	1.51353	9.93437	1.82891	11.3053	1.97387	12.1928
1.81949	2.49795	1.82125	2.4976	0.691888	4.67774	0.912329	6.19967	1.27171	8.50645	1.4532	9.6819	1.74248	10.7421	2.14511	13.2163	0.492428	3.33753	1.85634	2.59071	0.981693	6.66461	1.15133	7.82122	1.51365	9.87356	1.83179	11.1243	1.9754	11.988
1.8132	2.49923	1.81495	2.49887	0.695843	4.61424	0.915601	6.10197	1.27214	8.3478	1.45588	9.58629	1.74312	10.5816	2.14527	12.9859	0.497195	3.30505	1.85004	2.59239	0.984036	6.55186	1.15508	7.69547	1.51379	9.80835	1.83466	10.9494	1.977	11.7908
1.80692	2.50055	1.80866	2.50018	0.699715	4.5526	0.919005	6.00882	1.2726	8.1953	1.45913	9.47368	1.7437	10.4488	2.14544	12.7634	0.501866	3.27317	1.84368	2.59399	0.986342	6.44312	1.15893	7.57513	1.51398	9.72109	1.83749	10.7802	1.97868	11.6007
1.80066	2.50191	1.8024	2.50153	0.703505	4.49271	0.922538	5.91996	1.27311	8.04864	1.46296	9.3456	1.74419	10.3417	2.14562	12.5485	0.506449	3.2419	1.83725	2.5955	0.988612	6.3382	1.16287	7.45985	1.51423	9.61304	1.83994	10.6372	1.98044	11.4174
1.79443	2.50331	1.79616	2.50291	0.707215	4.43449	0.926198	5.83514	1.27366	7.9075	1.46737	9.20371	1.74459	10.2586	2.14581	12.3409	0.510947	3.21124	1.83074	2.59691	0.990853	6.23691	1.1669	7.34935	1.51455	9.4857	1.842	10.5185	1.98228	11.2406
1.78822	2.50474	1.78994	2.50434	0.710849	4.37787	0.929982	5.75413	1.27425	7.7716	1.4718	9.06698	1.7449	10.1984	2.14601	12.1401	0.515369	3.18119	1.82416	2.59824	0.993067	6.13907	1.17102	7.24334	1.51496	9.34078	1.84369	10.4224	1.98421	11.07
1.78202	2.50622	1.78374	2.50581	0.714409	4.32279	0.933886	5.67669	1.27488	7.64068	1.47624	8.93511	1.74509	10.1603	2.14622	11.9458	0.51972	3.15178	1.8175	2.59947	0.99526	6.04455	1.17522	7.14155	1.51546	9.18015	1.84502	10.3477	1.98623	10.9052
1.77585	2.50775	1.77757	2.50732	0.717899	4.26919	0.937908	5.60263	1.27556	7.51449	1.48069	8.80784	1.74538	10.1061	2.14644	11.7577	0.524008	3.123	1.81077	2.6006	0.997436	5.95318	1.1795	7.04373	1.516	9.02528	1.84599	10.2935	1.98807	10.7663
1.7697	2.50931	1.77141	2.50887	0.721322	4.21701	0.942042	5.53175	1.27629	7.39279	1.48514	8.68492	1.74569	10.0478	2.14667	11.5756	0.52824	3.09487	1.80397	2.60164	0.999599	5.86484	1.18385	6.94967	1.51658	8.8759	1.84661	10.2592	1.98969	10.6512
1.76357	2.51092	1.76527	2.51047	0.724682	4.1662	0.946284	5.46385	1.27706	7.27539	1.48961	8.56612	1.74614	9.96971	2.14692	11.3992	0.532423	3.0674	1.7971	2.60259	1.00176	5.77941	1.18827	6.85914	1.51721	8.73174	1.84749	10.2102	1.99106	10.5581
1.75746	2.51257	1.75916	2.5121	0.727984	4.11673	0.950629	5.39878	1.27789	7.16207	1.49407	8.45124	1.74671	9.87282	2.14718	11.2281	0.536564	3.04059	1.79017	2.60345	1.00391	5.69678	1.19275	6.77194	1.51787	8.59254	1.84845	10.1575	1.99218	10.4859
1.75137	2.51426	1.75307	2.51378	0.731231	4.06854	0.955072	5.33635	1.27876	7.05265	1.49854	8.34005	1.74743	9.75836	2.14745	11.0622	0.540671	3.01445	1.78317	2.60423	1.00607	5.61682	1.19729	6.68788	1.51859	8.45808	1.84974	10.0867	1.99301	10.4335
1.74531	2.51599	1.74699	2.51551	0.734428	4.02161	0.959608	5.27642	1.27969	6.94695	1.50301	8.23238	1.7483	9.62774	2.1477	10.9217	0.544751	2.989	1.77612	2.60493	1.00823	5.53945	1.20188	6.6068	1.51935	8.32815	1.85136	9.99865	1.99355	10.4004
1.73926	2.51777	1.74094	2.51727	0.73758	3.9759	0.964231	5.21884	1.28068	6.84481	1.50747	8.12805	1.74936	9.4825	2.14792	10.8047	0.54881	2.96423	1.76901	2.60556	1.01041	5.46458	1.20653	6.52851	1.52015	8.20252	1.8533	9.89428	1.99434	10.3531
1.73323	2.51959	1.7349	2.51908	0.740691	3.93137	0.968936	5.16346	1.28172	6.74608	1.51193	8.02689	1.75047	9.34204	2.14811	10.7099	0.552856	2.94014	1.76185	2.60612	1.01261	5.39211	1.21121	6.45288	1.52101	8.08103	1.85554	9.77469	1.9952	10.3024
1.72721	2.52145	1.72888	2.52093	0.743766	3.888	0.973716	5.11017	1.28282	6.65062	1.51637	7.92874	1.75163	9.20614	2.14826	10.6362	0.556893	2.91675	1.75465	2.60662	1.01483	5.32196	1.21594	6.37976	1.52192	7.96348	1.85806	9.64108	1.9964	10.2343
1.72121	2.52334	1.72287	2.52281	0.74681	3.84576	0.978565	5.05883	1.28398	6.55828	1.52081	7.83345	1.75285	9.0746	2.14837	10.5826	0.560929	2.89404	1.7474	2.60706	1.01708	5.25406	1.2207	6.309	1.52288	7.8497	1.86053	9.51116	1.99794	10.1498
1.7152	2.52523	1.71687	2.52471	0.749826	3.80463	0.983479	5.00932	1.2852	6.46895	1.52523	7.74089	1.75413	8.94725	2.14845	10.5486	0.564969	2.87203	1.74012	2.60744	1.01936	5.18834	1.2255	6.24049	1.5239	7.73955	1.86295	9.38478	1.99985	10.0498
1.70911	2.52703	1.71082	2.52656	0.75282	3.76457	0.988451	4.96155	1.28648	6.3825	1.52963	7.65092	1.75547	8.82392	2.14855	10.5002	0.569019	2.85069	1.7328	2.60778	1.02168	5.12472	1.23032	6.1741	1.52497	7.63287	1.86532	9.26176	2.00217	9.93557
1.70248	2.52805	1.70443	2.52793	0.755796	3.72556	0.993474	4.9154	1.28783	6.29881	1.53401	7.56342	1.75688	8.70444	2.14867	10.448	0.573082	2.83004	1.72544	2.60807	1.02406	5.06315	1.23516	6.10972	1.5261	7.52953	1.86764	9.14198	2.00491	9.8084
1.69499	2.52777	1.69711	2.52791	0.758759	3.68759	0.998544	4.87078	1.28925	6.21779	1.53837	7.47828	1.75835	8.58865	2.14884	10.3779	0.577165	2.81007	1.71806	2.60831	1.02648	5.00357	1.24002	6.04724	1.52729	7.42938	1.86991	9.02529	2.00775	9.68525
1.68726	2.52716	1.68942	2.52734	0.761711	3.65062	1.00365	4.82759	1.29074	6.13934	1.54271	7.39537	1.7599	8.47643	2.14905	10.2906	0.581271	2.79076	1.71066	2.60852	1.02896	4.94592	1.2449	5.98658	1.52855	7.33231	1.87212	8.91157	2.01069	9.56593
1.6795	2.52647	1.68166	2.52667	0.764658	3.61463	1.0088	4.78575	1.29231	6.06335	1.54702	7.31461	1.76151	8.36762	2.14932	10.1871	0.585406	2.77211	1.70322	2.6087	1.0315	4.89014	1.24979	5.92763	1.52986	7.23819	1.87429	8.8007	2.01372	9.4503
1.67172	2.52576	1.67388	2.52596	0.767604	3.57961	1.01397	4.74517	1.29394	5.98974	1.5513	7.23588	1.76319	8.2621	2.14964	10.0683	0.589572	2.75412	1.69577	2.60884	1.03411	4.8362	1.25468	5.8703	1.53124	7.14692	1.8764	8.69256	2.01684	9.33818
1.66393	2.52503	1.6661	2.52524	0.770551	3.54553	1.01917	4.70579	1.29566	5.91843	1.55555	7.1591	1.76495	8.15975	2.15002	9.93554	0.593774	2.73677	1.6883	2.60895	1.03679	4.78404	1.25957	5.81451	1.53269	7.0584	1.87846	8.58706	2.02005	9.22945
1.65615	2.5243	1.65831	2.5245	0.773505	3.51238	1.02438	4.66752	1.29745	5.84933	1.55976	7.08418	1.76679	8.06045	2.15042	9.80631	0.598016	2.72006	1.68081	2.60904	1.03956	4.73362	1.26447	5.76019	1.53421	6.97251	1.88048	8.48409	2.02335	9.12395
1.64836	2.52355	1.65053	2.52376	0.776467	3.48012	1.0296	4.63031	1.29932	5.78238	1.56393	7.01103	1.76871	7.9641	2.15084	9.68053	0.6023	2.70397	1.6733	2.60909	1.04241	4.68489	1.26936	5.70726	1.5358	6.88917	1.88245	8.38358	2.02674	9.02155
1.64058	2.52281	1.64274	2.52302	0.779442	3.44874	1.03484	4.59407	1.30128	5.71749	1.56807	6.93958	1.7707	7.87058	2.15128	9.55806	0.606631	2.6885	1.66577	2.60913	1.04535	4.63783	1.27424	5.65565	1.53746	6.80829	1.88438	8.28542	2.03021	8.92212
1.63279	2.52205	1.63495	2.52226	0.782433	3.41823	1.04007	4.55877	1.30332	5.6546	1.57216	6.86976	1.77278	7.7798	2.15173	9.43878	0.611012	2.67364	1.65824	2.60915	1.04839	4.59239	1.27911	5.6053	1.5392	6.72978	1.88626	8.18954	2.03376	8.82555
1.62501	2.5213	1.62717	2.52151	0.785443	3.38856	1.0453	4.52433	1.30545	5.59365	1.57621	6.80148	1.77494	7.69166	2.1522	9.32256	0.615447	2.65939	1.65069	2.60914	1.05154	4.54854	1.28396	5.55614	1.54101	6.65356	1.8881	8.09588	2.03739	8.7317
1.61723	2.52054	1.61939	2.52075	0.788475	3.35971	1.05052	4.4907	1.30767	5.53457	1.58021	6.7347	1.77719	7.60608	2.15269	9.2093	0.619939	2.64573	1.64312	2.60912	1.05479	4.50624	1.28879	5.50812	1.5429	6.57955	1.88991	8.00434	2.0411	8.64048
1.60945	2.51977	1.61161	2.51999	0.791531	3.33167	1.05572	4.45784	1.30999	5.4773	1.58417	6.66934	1.77953	7.52295	2.1532	9.09889	0.624493	2.63267	1.63555	2.60907	1.05816	4.46546	1.29361	5.46118	1.54487	6.50769	1.89168	7.91488	2.04488	8.55177
1.60167	2.51901	1.60383	2.51922	0.794614	3.30442	1.06091	4.42569	1.31239	5.42179	1.58807	6.60535	1.78196	7.44221	2.15373	8.99123	0.629112	2.62019	1.62797	2.60902	1.06165	4.42617	1.29839	5.41527	1.54693	6.43789	1.89341	7.82742	2.04873	8.46546
1.5939	2.51824	1.59606	2.51845	0.797727	3.27794	1.06608	4.39422	1.3149	5.36799	1.59193	6.54267	1.78448	7.36376	2.15428	8.88623	0.633803	2.60831	1.62038	2.60895	1.06527	4.38834	1.30316	5.37034	1.54906	6.3701	1.89512	7.7419	2.05264	8.38147
1.58613	2.51746	1.58829	2.51768	0.800872	3.25221	1.07122	4.36337	1.3175	5.31583	1.59573	6.48126	1.78708	7.28754	2.15486	8.78379	0.638571	2.59701	1.61278	2.60886	1.06903	4.35194	1.30789	5.32634	1.55128	6.30424	1.8968	7.65827	2.05662	8.2997
1.57836	2.51669	1.58052	2.51691	0.804052	3.22721	1.07632	4.33312	1.3202	5.26528	1.59948	6.42106	1.78978	7.21346	2.15545	8.68382	0.643422	2.58632	1.60517	2.60876	1.07292	4.31694	1.31258	5.28324	1.55359	6.24026	1.89846	7.57647	2.06066	8.22006
1.5706	2.51591	1.57276	2.51613	0.807269	3.20294	1.08139	4.30343	1.323	5.21627	1.60318	6.36203	1.79257	7.14146	2.15607	8.58625	0.648365	2.57623	1.59756	2.60865	1.07695	4.28331	1.31725	5.24099	1.55598	6.1781	1.90009	7.49645	2.06476	8.14246
1.56284	2.51513	1.56499	2.51535	0.810524	3.17937	1.08643	4.27426	1.3259	5.16878	1.60683	6.30413	1.79546	7.07146	2.15671	8.49099	0.653409	2.56678	1.58994	2.60853	1.08112	4.25101	1.32187	5.19956	1.55846	6.1177	1.9017	7.41816	2.06892	8.06682
1.55508	2.51435	1.55723	2.51457	0.813821	3.15649	1.09142	4.24558	1.32891	5.12274	1.61042	6.24732	1.79843	7.0034	2.15737	8.39796	0.658565	2.55797	1.58232	2.6084	1.08544	4.22002	1.32646	5.15891	1.56104	6.059	1.9033	7.34155	2.07312	7.99307
1.54732	2.51357	1.54948	2.51379	0.817161	3.13428	1.09636	4.21736	1.33202	5.07812	1.61395	6.19157	1.8015	6.93721	2.15805	8.3071	0.663848	2.54984	1.57469	2.60826	1.08992	4.1903	1.33101	5.119	1.5637	6.00195	1.90488	7.26658	2.07737	7.92113
1.53957	2.51279	1.54173	2.513	0.820546	3.11273	1.10126	4.18958	1.33524	5.03487	1.61744	6.13684	1.80466	6.87282	2.15877	8.21834	0.669272	2.54243	1.56705	2.60812	1.09455	4.16181	1.33551	5.07981	1.56645	5.9465	1.90645	7.1932	2.08167	7.85092
1.53183	2.512	1.53398	2.51222	0.823978	3.09182	1.1061	4.16221	1.33857	4.99295	1.62087	6.0831	1.80791	6.81018	2.1595	8.1316	0.674854	2.53577	1.55942	2.60796	1.09933	4.13453	1.33997	5.04131	1.5693	5.8926	1.90801	7.12137	2.08601	7.78239
1.52408	2.51122	1.52624	2.51144	0.827459	3.07155	1.11089	4.13523	1.342	4.95232	1.62425	6.03033	1.81125	6.74922	2.16027	8.04684	0.680611	2.5299	1.55178	2.6078	1.10427	4.1084	1.34438	5.00347	1.57223	5.8402	1.90956	7.05105	2.09039	7.71547
1.51635	2.51043	1.5185	2.51065	0.830992	3.0519	1.11563	4.10862	1.34554	4.91294	1.62758	5.97849	1.81468	6.68989	2.16106	7.96398	0.686558	2.52486	1.54414	2.60763	1.10936	4.08341	1.34875	4.96627	1.57526	5.78925	1.91111	6.9822	2.0948	7.65009
1.50861	2.50965	1.51076	2.50986	0.834578	3.03285	1.12031	4.08236	1.34918	4.87476	1.63086	5.92756	1.81819	6.63213	2.16188	7.88297	0.692708	2.52067	1.53649	2.60746	1.11461	4.05949	1.35308	4.92969	1.57839	5.73971	1.91266	6.91478	2.09925	7.5862
1.50088	2.50886	1.50303	2.50908	0.838219	3.01439	1.12493	4.05644	1.35293	4.83775	1.63409	5.87753	1.82179	6.57588	2.16273	7.80375	0.699065	2.5173	1.52885	2.60728	1.12	4.03662	1.35735	4.8937	1.5816	5.69153	1.91421	6.84877	2.10373	7.52373
1.49316	2.50808	1.49531	2.50829	0.841917	2.99652	1.12949	4.03083	1.35679	4.80188	1.63728	5.82836	1.82547	6.52108	2.1636	7.72628	0.705626	2.51474	1.5212	2.6071	1.12555	4.01475	1.36158	4.85829	1.5849	5.64466	1.91576	6.78411	2.10823	7.46264
1.48544	2.50729	1.48759	2.50751	0.845674	2.97923	1.13398	4.00554	1.36075	4.76709	1.64043	5.78005	1.82924	6.46769	2.16451	7.65049	0.712378	2.5129	1.51355	2.60692	1.13124	3.99384	1.36577	4.82344	1.5883	5.59907	1.91732	6.72079	2.11276	7.40288
1.47773	2.50651	1.47987	2.50673	0.849493	2.96249	1.13842	3.98054	1.36481	4.73336	1.64354	5.73257	1.83308	6.41566	2.16545	7.57635	0.719306	2.51171	1.5059	2.60673	1.13707	3.97384	1.36991	4.78913	1.59178	5.55471	1.91889	6.65876	2.11731	7.34439
1.47002	2.50573	1.47216	2.50595	0.853376	2.94631	1.14279	3.95583	1.36897	4.70064	1.64661	5.68591	1.83699	6.36493	2.16642	7.50381	0.726387	2.51107	1.49826	2.60655	1.14303	3.9547	1.374	4.75536	1.59535	5.51155	1.92046	6.598	2.12188	7.28712
1.46232	2.50496	1.46446	2.50517	0.857325	2.93068	1.14711	3.9314	1.37323	4.6689	1.64964	5.64005	1.84098	6.31545	2.16742	7.43282	0.733598	2.51089	1.49061	2.60636	1.14912	3.93639	1.37806	4.72212	1.59901	5.46953	1.92205	6.53847	2.12646	7.23104
1.45462	2.50418	1.45676	2.5044	0.861344	2.91559	1.15136	3.90724	1.37759	4.6381	1.65264	5.59498	1.84504	6.26718	2.16846	7.36333	0.740918	2.51109	1.48297	2.60618	1.15534	3.91885	1.38207	4.68938	1.60276	5.42862	1.92365	6.48015	2.13106	7.1761
1.44694	2.50341	1.44907	2.50363	0.865434	2.90103	1.15555	3.88335	1.38204	4.60821	1.65561	5.55069	1.84916	6.22007	2.16953	7.29532	0.748329	2.51158	1.47533	2.606	1.16167	3.90205	1.38604	4.65715	1.60658	5.38879	1.92526	6.42301	2.13567	7.12225
1.43925	2.50265	1.44139	2.50286	0.869599	2.887	1.15969	3.85972	1.38658	4.57919	1.65856	5.50717	1.85335	6.17408	2.17064	7.22873	0.755814	2.51232	1.4677	2.60583	1.16811	3.88594	1.38997	4.62541	1.61049	5.34999	1.9269	6.36702	2.14029	7.06946
1.43158	2.50188	1.43371	2.5021	0.873842	2.8735	1.16376	3.83635	1.39121	4.55101	1.66149	5.4644	1.85759	6.12917	2.17178	7.16354	0.76336	2.51323	1.46006	2.60566	1.17466	3.87047	1.39387	4.59416	1.61447	5.31218	1.92855	6.31216	2.14491	7.01768
1.42391	2.50113	1.42604	2.50134	0.878168	2.86051	1.16778	3.81323	1.39592	4.52362	1.66439	5.42237	1.8619	6.08529	2.17296	7.0997	0.770956	2.5143	1.45244	2.6055	1.1813	3.85561	1.39773	4.56339	1.61853	5.27533	1.93023	6.25839	2.14954	6.96689
1.41625	2.50038	1.41838	2.50059	0.882578	2.84804	1.17174	3.79038	1.40072	4.497	1.66728	5.38108	1.86625	6.04241	2.17418	7.03719	0.778592	2.51547	1.44482	2.60536	1.18803	3.84132	1.40157	4.53311	1.62267	5.23941	1.93193	6.20571	2.15417	6.91704
1.4086	2.49964	1.41073	2.49984	0.887078	2.83609	1.17565	3.76778	1.40559	4.47111	1.67016	5.34052	1.87066	6.00047	2.17545	6.97596	0.786262	2.51674	1.43721	2.60522	1.19485	3.82755	1.40538	4.50331	1.62687	5.20438	1.93365	6.15407	2.15879	6.8681
1.40096	2.4989	1.40309	2.49911	0.891673	2.82466	1.17951	3.74543	1.41053	4.44593	1.67303	5.30067	1.87511	5.95946	2.17675	6.91599	0.79396	2.51806	1.42961	2.60511	1.20173	3.81426	1.40917	4.47398	1.63114	5.17019	1.93541	6.10347	2.16341	6.82004
1.39333	2.49818	1.39545	2.49838	0.896366	2.81375	1.18333	3.72333	1.41554	4.42141	1.6759	5.26153	1.8796	5.91933	2.17809	6.85724	0.80168	2.51943	1.42203	2.60501	1.20869	3.80143	1.41294	4.44512	1.63547	5.13683	1.93719	6.05387	2.16803	6.77282
1.38571	2.49746	1.38782	2.49766	0.901162	2.80335	1.18709	3.70149	1.42061	4.39753	1.67876	5.22309	1.88413	5.88004	2.17948	6.79969	0.80942	2.52084	1.41445	2.60494	1.2157	3.78902	1.41669	4.41674	1.63987	5.10426	1.93901	6.00526	2.17263	6.72643
1.37809	2.49676	1.38021	2.49695	0.906067	2.79347	1.19081	3.67991	1.42574	4.37425	1.68163	5.18535	1.8887	5.84157	2.18091	6.7433	0.817175	2.52227	1.4069	2.6049	1.22276	3.77698	1.42044	4.38884	1.64432	5.07245	1.94085	5.95762	2.17722	6.68081
1.37049	2.49606	1.3726	2.49625	0.911086	2.78412	1.19449	3.65858	1.43093	4.35155	1.6845	5.14829	1.8933	5.80387	2.18239	6.68806	0.824943	2.52372	1.39936	2.6049	1.22987	3.76529	1.42417	4.36141	1.64882	5.04136	1.94274	5.91092	2.1818	6.63596
1.3629	2.49538	1.36501	2.49557	0.916223	2.77528	1.19813	3.63751	1.43617	4.32939	1.68739	5.11191	1.89793	5.76693	2.18391	6.63392	0.832722	2.52517	1.39185	2.60493	1.23701	3.75392	1.42791	4.33446	1.65337	5.01097	1.94466	5.86515	2.18636	6.59184
1.35532	2.49471	1.35742	2.4949	0.921483	2.76697	1.20174	3.61669	1.44145	4.30775	1.69028	5.07621	1.90259	5.73071	2.18548	6.58088	0.840511	2.52663	1.38436	2.60502	1.24419	3.74284	1.43165	4.308	1.65797	4.98124	1.94662	5.82029	2.1909	6.54842
1.34775	2.49406	1.34985	2.49424	0.926869	2.75918	1.20531	3.59614	1.44678	4.28661	1.6932	5.04117	1.90726	5.69518	2.18711	6.5289	0.848307	2.52808	1.3769	2.60517	1.25138	3.73201	1.43541	4.28202	1.66262	4.95215	1.94862	5.77632	2.19542	6.50568
1.34019	2.49343	1.34229	2.4936	0.932386	2.75191	1.20885	3.57585	1.45213	4.26593	1.69613	5.00679	1.91196	5.66031	2.18878	6.47796	0.856109	2.52953	1.36948	2.60539	1.25859	3.72141	1.43917	4.25653	1.6673	4.92368	1.95067	5.73323	2.19991	6.4636
1.33265	2.49281	1.33475	2.49298	0.938033	2.74514	1.21237	3.55581	1.45752	4.24568	1.69909	4.97307	1.91667	5.62607	2.1905	6.42803	0.863916	2.53097	1.3621	2.6057	1.26581	3.71102	1.44296	4.23153	1.67201	4.89579	1.95276	5.69099	2.20438	6.42216
1.32513	2.49221	1.32722	2.49238	0.943814	2.73888	1.21585	3.53605	1.46294	4.22585	1.70208	4.94	1.92139	5.59245	2.19228	6.37911	0.871728	2.53239	1.35478	2.6061	1.27303	3.70079	1.44678	4.20703	1.67676	4.86845	1.95489	5.64959		
1.31761	2.49164	1.3197	2.4918	0.949725	2.73309	1.21932	3.51654	1.46838	4.20641	1.7051	4.90756	1.92612	5.55942	2.19411	6.33115	0.879543	2.53381	1.34751	2.60663	1.28024	3.69072	1.45062	4.18304	1.68154	4.84165	1.95708	5.60901		
1.31012	2.49109	1.3122	2.49124	0.955766	2.72777	1.22276	3.4973	1.47383	4.18733	1.70816	4.87577	1.93086	5.52695	2.196	6.28415	0.88736	2.5352	1.34031	2.60729	1.28743	3.68077	1.45451	4.15956	1.68633	4.81537	1.95931	5.56925		
1.30263	2.49056	1.30471	2.4907	0.961932	2.72289	1.22619	3.47832	1.47929	4.1686	1.71125	4.84461	1.9356	5.49502	2.19795	6.23809	0.895179	2.53658	1.33319	2.60811	1.2946	3.67091	1.45845	4.1366	1.69115	4.78956	1.9616	5.53028		
1.29517	2.49006	1.29724	2.4902	0.968217	2.71842	1.2296	3.45961	1.48476	4.15019	1.71439	4.81407	1.94034	5.46361	2.19995	6.19294	0.903	2.53794	1.32616	2.60913	1.30174	3.66113	1.46244	4.11416	1.69599	4.76423	1.96394	5.49209		
1.28772	2.48959	1.28979	2.48972	0.974617	2.71435	1.233	3.44116	1.49023	4.13208	1.71757	4.78415	1.94508	5.4327	2.20202	6.14868	0.910822	2.53928	1.31924	2.61035	1.30884	3.65139	1.46649	4.09226	1.70083	4.73934	1.96633	5.45466		
1.2803	2.48915	1.28236	2.48927	0.981124	2.71063	1.23638	3.42297	1.4957	4.11424	1.72081	4.75485	1.94981	5.40227			0.918644	2.5406	1.31243	2.61182	1.3159	3.64169	1.47061	4.0709	1.70569	4.71487	1.96878	5.41799		
1.27289	2.48874	1.27495	2.48885	0.987729	2.70725	1.23976	3.40506	1.50117	4.09667	1.72409	4.72616	1.95453	5.3723			0.926466	2.5419	1.30574	2.61356	1.32289	3.63198	1.47481	4.05009	1.71055	4.69081	1.9713	5.38206		
1.2655	2.48837	1.26756	2.48847	0.994426	2.70416	1.24313	3.3874	1.50661	4.07935	1.72744	4.69807	1.95924	5.34277			0.934288	2.54318	1.29918	2.61558	1.32983	3.62226	1.47909	4.02983	1.71542	4.66713	1.97387	5.34686		
1.25814	2.48804	1.26018	2.48813	1.00121	2.70135	1.24649	3.37001	1.51205	4.06224	1.73084	4.67058	1.96394	5.31366			0.94211	2.54443	1.29277	2.61791	1.3367	3.6125	1.48346	4.01014	1.72028	4.64382	1.9765	5.31236		
1.2508	2.48776	1.25284	2.48783	1.00806	2.69879	1.24986	3.35288	1.51746	4.04535	1.7343	4.64368	1.96862	5.28497			0.94993	2.54567	1.28649	2.62055	1.34348	3.60267	1.48793	3.99103	1.72514	4.62086	1.97919	5.27857		
1.24348	2.48751	1.24551	2.48758	1.01499	2.69645	1.25322	3.33601	1.52285	4.02865	1.73783	4.61737	1.97328	5.25667			0.957749	2.54688	1.28035	2.6235	1.35018	3.59277	1.49251	3.97249	1.73	4.59823	1.98196	5.24547		
1.23619	2.48732	1.23821	2.48737	1.02197	2.69431	1.25658	3.31941	1.52821	4.01212	1.74143	4.59164	1.97792	5.22874			0.965566	2.54807	1.27435	2.62677	1.35678	3.58277	1.4972	3.95453	1.73484	4.57592	1.98478	5.21304		
1.22892	2.48717	1.23094	2.48721	1.02902	2.69234	1.25994	3.30306	1.53353	3.99576	1.7451	4.56649	1.98254	5.20118			0.973382	2.54924	1.26847	2.63034	1.36329	3.57265	1.50202	3.93717	1.73967	4.55392	1.98768	5.18128		
1.22168	2.48708	1.22369	2.4871	1.03611	2.69053	1.26331	3.28697	1.53882	3.97955	1.74884	4.5419	1.98713	5.17397			0.981195	2.55038	1.26272	2.6342	1.36968	3.56241	1.50696	3.9204	1.74448	4.5322	1.99064	5.15017		
1.21447	2.48705	1.21648	2.48705	1.04324	2.68887	1.26669	3.27113	1.54407	3.96348	1.75266	4.51788	1.9917	5.1471			0.989006	2.5515	1.25707	2.63835	1.37596	3.55202	1.51203	3.90422	1.74928	4.51076	1.99367	5.11971		
1.2073	2.48708	1.20929	2.48707	1.05042	2.68733	1.27007	3.25555	1.54928	3.94754	1.75655	4.49441	1.99624	5.12056			0.996814	2.55259	1.25153	2.64276	1.38212	3.54148	1.51725	3.88864	1.75405	4.48959	1.99678	5.08987		
1.20015	2.48718	1.20213	2.48714	1.05763	2.6859	1.27347	3.24022	1.55444	3.93171	1.76053	4.47149	2.00075	5.09434			1.00462	2.55367	1.24608	2.64742	1.38816	3.53078	1.52261	3.87366	1.7588	4.46866	1.99995	5.06065		
1.19303	2.48734	1.19501	2.48729	1.06487	2.68458	1.27687	3.22515	1.55955	3.91599	1.76459	4.44911	2.00523	5.06841			1.01242	2.55471	1.24072	2.65232	1.39407	3.51992	1.52811	3.85926	1.76353	4.44798	2.0032	5.03204		
1.18595	2.48758	1.18792	2.48751	1.07214	2.68334	1.28028	3.21031	1.56461	3.90036	1.76873	4.42727	2.00968	5.04279			1.02022	2.55574	1.23543	2.65746	1.39985	3.5089	1.53376	3.84544	1.76823	4.42753	2.00652	5.00402		
1.17891	2.4879	1.18086	2.4878	1.07944	2.68219	1.28371	3.19573	1.56962	3.88483	1.77295	4.40594	2.0141	5.01745			1.02801	2.55674	1.23022	2.66282	1.40551	3.4977	1.53956	3.83219	1.7729	4.40731	2.00991	4.97658		
1.1719	2.48829	1.17384	2.48817	1.08676	2.6811	1.28715	3.18139	1.57457	3.86938	1.77727	4.38514	2.01848	4.9924			1.0358	2.55771	1.22508	2.6684	1.41103	3.48635	1.54551	3.81949	1.77754	4.3873	2.01338	4.94972		
1.16493	2.48878	1.16686	2.48863	1.0941	2.68009	1.29061	3.16729	1.57946	3.85401	1.78166	4.36484	2.02283	4.96761			1.04359	2.55866	1.22	2.67418	1.41642	3.47483	1.5516	3.80735	1.78215	4.36749	2.01692	4.92341		
1.15799	2.48935	1.15992	2.48918	1.10146	2.67913	1.29408	3.15343	1.58429	3.8387	1.78615	4.34503	2.02714	4.94309			1.05137	2.55959	1.21498	2.68017	1.42168	3.46317	1.55785	3.79572	1.78672	4.34789	2.02053	4.89766		
1.1511	2.49002	1.15302	2.48982	1.10883	2.67822	1.29757	3.1398	1.58906	3.82347	1.79072	4.32571	2.03142	4.91883			1.05914	2.56049	1.21002	2.68637	1.42682	3.45137	1.56423	3.78461	1.79126	4.32847	2.02422	4.87243		
1.14425	2.49079	1.14615	2.49056	1.11622	2.67736	1.30108	3.12641	1.59377	3.8083	1.79537	4.30687	2.03566	4.89483			1.06691	2.56136	1.20511	2.69276	1.43184	3.43944	1.57076	3.77398	1.79577	4.30925	2.02798	4.84774		
1.13745	2.49166	1.13933	2.49141	1.12362	2.67654	1.30461	3.11325	1.59842	3.7932	1.80011	4.28849	2.03987	4.87107			1.07468	2.5622	1.20025	2.69935	1.43674	3.4274	1.57741	3.76382	1.80025	4.29021	2.03182	4.82355		
1.13068	2.49264	1.13256	2.49235	1.13103	2.67576	1.30816	3.10032	1.60301	3.77815	1.80494	4.27056	2.04405	4.84756			1.08243	2.56302	1.19544	2.70613	1.44153	3.41526	1.5842	3.7541	1.80469	4.27134	2.03572	4.79987		
1.12396	2.49373	1.12583	2.49341	1.13845	2.67501	1.31173	3.08762	1.60754	3.76316	1.80985	4.25307	2.04819	4.8243			1.09018	2.5638	1.19067	2.71311	1.44621	3.40303	1.5911	3.74479	1.80909	4.25266	2.0397	4.77667		
1.11729	2.49493	1.11914	2.49458	1.14588	2.6743	1.31532	3.07514	1.612	3.74824	1.81484	4.236	2.0523	4.80127			1.09792	2.56456	1.18596	2.72029	1.45079	3.39074	1.59812	3.73588	1.81346	4.23414	2.04375	4.75394		
1.11066	2.49625	1.1125	2.49587	1.15332	2.67361	1.31894	3.06288	1.61641	3.73337	1.81992	4.21936	2.05638	4.77848			1.10565	2.56529	1.18128	2.72766	1.45528	3.3784	1.60525	3.72734	1.8178	4.2158	2.04786	4.73168		
1.10408	2.4977	1.10591	2.49728	1.16077	2.67294	1.32258	3.05084	1.62075	3.71856	1.82507	4.20311	2.06043	4.75592			1.11337	2.56598	1.17664	2.73523	1.45969	3.36602	1.61248	3.71914	1.82211	4.19763	2.05205	4.70987		
1.09755	2.49927	1.09936	2.49882	1.16822	2.6723	1.32624	3.03901	1.62504	3.70381	1.83029	4.18725	2.06445	4.7336			1.12108	2.56664	1.17205	2.74299	1.46401	3.35362	1.6198	3.71127	1.82638	4.17962	2.0563	4.6885		
1.09106	2.50097	1.09286	2.50048	1.17567	2.67168	1.32993	3.0274	1.62926	3.68913	1.83559	4.17177	2.06845	4.7115			1.12878	2.56726	1.1675	2.75096	1.46826	3.34121	1.6272	3.70369	1.83063	4.16179	2.06061	4.66755		
1.08462	2.5028	1.08641	2.50228	1.18313	2.67107	1.33364	3.016	1.63343	3.67451	1.84096	4.15664	2.07241	4.68965			1.13646	2.56784	1.16298	2.75912	1.47244	3.32881	1.63469	3.69639	1.83484	4.14413	2.06498	4.64701		
1.07823	2.50477	1.08	2.50421	1.1906	2.67048	1.33739	3.0048	1.63755	3.65995	1.84639	4.14186	2.07636	4.66802			1.14413	2.56838	1.15851	2.76749	1.47656	3.31643	1.64224	3.68934	1.83903	4.12663	2.06942	4.62687		
1.07188	2.50687	1.07364	2.50627	1.19806	2.6699	1.34115	2.99382	1.64162	3.64547	1.85189	4.12741	2.08028	4.64663			1.15178	2.56887	1.15406	2.77606	1.48062	3.30409	1.64986	3.68253	1.8432	4.10931	2.07391	4.60712		
1.06558	2.50911	1.06733	2.50847	1.20553	2.66934	1.34495	2.98303	1.64563	3.63106	1.85745	4.11328	2.08419	4.62547			1.15941	2.56931	1.14966	2.78484	1.48463	3.29179	1.65754	3.67593	1.84735	4.09216	2.07845	4.58774		
1.05932	2.51148	1.06106	2.51081	1.21299	2.66878	1.34878	2.97245	1.64959	3.61672	1.86306	4.09946	2.08808	4.60454			1.16702	2.5697	1.14529	2.79383	1.48859	3.27954	1.66526	3.66953	1.85147	4.0752	2.08305	4.56872		
1.05311	2.514	1.05484	2.51329	1.22046	2.66823	1.35263	2.96207	1.65351	3.60247	1.86873	4.08592	2.09196	4.58385			1.1746	2.57004	1.14095	2.80303	1.49251	3.26736	1.67303	3.6633	1.85559	4.05841	2.0877	4.55005		
1.04695	2.51665	1.04866	2.5159	1.22793	2.66769	1.35652	2.95188	1.65739	3.5883	1.87444	4.07266	2.09582	4.5634			1.18216	2.5703	1.13665	2.81245	1.4964	3.25526	1.68084	3.65723	1.85969	4.04181	2.0924	4.53171		
1.04082	2.51945	1.04252	2.51866	1.2354	2.66715	1.36044	2.94188	1.66122	3.57421	1.8802	4.05965	2.09968	4.54318			1.18968	2.57049	1.13238	2.82207	1.50025	3.24323	1.68867	3.65129	1.86378	4.0254	2.09714	4.5137		
1.03474	2.52238	1.03643	2.52155	1.24286	2.66661	1.36439	2.93208	1.66501	3.56021	1.886	4.0469	2.10353	4.52321			1.19717	2.5706	1.12814	2.83192	1.50407	3.23129	1.69653	3.64548	1.86787	4.00919	2.10192	4.496		
1.02869	2.52545	1.03037	2.52459	1.25032	2.66608	1.36837	2.92247	1.66876	3.5463	1.89183	4.03438	2.10738	4.50349			1.20461	2.57062	1.12393	2.84199	1.50787	3.21945	1.7044	3.63977	1.87196	3.99318	2.10673	4.4786		
1.02268	2.52866	1.02435	2.52776	1.25778	2.66554	1.37238	2.91305	1.67248	3.53249	1.89769	4.02207	2.11124	4.484			1.212	2.57053	1.11975	2.85228	1.51165	3.20771	1.71228	3.63416	1.87606	3.97737	2.11159	4.46148		
1.01671	2.532	1.01837	2.53106	1.26524	2.665	1.37643	2.90381	1.67616	3.51877	1.90358	4.00997	2.1151	4.46477			1.21934	2.57033	1.1156	2.8628	1.51542	3.19608	1.72016	3.62861	1.88016	3.96178	2.11647	4.44464		
1.01077	2.53547	1.01242	2.53449	1.27269	2.66446	1.38051	2.89476	1.67982	3.50516	1.9095	3.99807	2.11896	4.44579			1.22662	2.57	1.11147	2.87355	1.51916	3.18455	1.72804	3.62312	1.88429	3.94642	2.12139	4.42806		
1.00486	2.53906	1.0065	2.53805	1.28013	2.66391	1.38463	2.88589	1.68344	3.49165	1.91542	3.98634	2.12284	4.42706			1.23382	2.56951	1.10738	2.88452	1.5229	3.17314	1.73591	3.61767	1.88843	3.93129	2.12632	4.41173		
0.998969	2.54276	1.0006	2.54172	1.28757	2.66336	1.38878	2.8772	1.68704	3.47825	1.92137	3.97478	2.12674	4.4086			1.24094	2.56887	1.1033	2.89573	1.52662	3.16185	1.74375	3.61225	1.89261	3.91639	2.13129	4.39565		
0.993104	2.54658	0.994733	2.54551	1.295	2.6628	1.39297	2.86869	1.69062	3.46495	1.92732	3.96337	2.13065	4.39039			1.24798	2.56805	1.09925	2.90718	1.53034	3.15068	1.75157	3.60683	1.89682	3.90175	2.13627	4.37979		
0.987256	2.55051	0.98888	2.54941	1.30242	2.66222	1.3972	2.86036	1.69417	3.45177	1.93327	3.9521	2.13459	4.37244			1.25491	2.56705	1.09523	2.91886	1.53406	3.13963	1.75935	3.6014	1.90107	3.88737	2.14126	4.36415		
0.981422	2.55452	0.983043	2.5534	1.30983	2.66163	1.40147	2.85221	1.6977	3.4387	1.93922	3.94096	2.13856	4.35476			1.26174	2.56584	1.09122	2.93078	1.53777	3.12871	1.76709	3.59595	1.90537	3.87327	2.14627	4.34872		
0.975595	2.55862	0.977215	2.55747	1.31723	2.66103	1.40578	2.84424	1.70121	3.42574	1.94516	3.92994	2.14256	4.33736			1.26847	2.56443	1.08724	2.94294	1.54148	3.11791	1.77477	3.59046	1.90974	3.85944	2.15129	4.33349		
0.969771	2.56279	0.971391	2.56162	1.32462	2.66041	1.41013	2.83645	1.70471	3.4129	1.9511	3.91903	2.14659	4.32022			1.27508	2.56282	1.08327	2.95534	1.5452	3.10725	1.7824	3.5849	1.91417	3.84592	2.15631	4.31844		
0.963944	2.56701	0.965565	2.56583	1.33199	2.65977	1.41452	2.82883	1.70819	3.40018	1.95701	3.90821	2.15066	4.30336			1.2816	2.56102	1.07932	2.96798	1.54892	3.09671	1.78995	3.57927	1.91868	3.8327	2.16133	4.30358		
0.958105	2.57127	0.95973	2.57008	1.33935	2.6591	1.41896	2.82138	1.71165	3.38758	1.96291	3.89747	2.15477	4.28678			1.28801	2.55905	1.07539	2.98087	1.55264	3.0863	1.79742	3.57354	1.92327	3.81981	2.16636	4.28888		
0.952249	2.57554	0.95388	2.57435	1.34669	2.65841	1.42345	2.81412	1.71511	3.3751	1.96878	3.88681	2.15893	4.27048			1.29434	2.55692	1.07146	2.994	1.55637	3.07603	1.8048	3.56769	1.92797	3.80726	2.17138	4.27435		
0.946368	2.57982	0.948006	2.57863	1.35401	2.65769	1.42798	2.80703	1.71856	3.36274	1.97463	3.87621	2.16314	4.25446			1.30058	2.55466	1.06755	3.00738	1.5601	3.06588	1.81208	3.56172	1.93277	3.79506	2.1764	4.25997		
0.940454	2.58407	0.942102	2.58289	1.36131	2.65694	1.43257	2.80012	1.722	3.35051	1.98044	3.86566	2.1674	4.23873			1.30676	2.5523	1.06365	3.021	1.56385	3.05587	1.81925	3.55559	1.93768	3.78323	2.1814	4.24573		
0.934499	2.58828	0.936159	2.58712	1.36859	2.65615	1.4372	2.79339	1.72543	3.3384	1.98621	3.85516	2.17172	4.22329			1.31288	2.54985	1.05975	3.03486	1.5676	3.04599	1.82629	3.5493	1.94273	3.77178	2.1864	4.23163		
0.928494	2.59242	0.930169	2.59128	1.37584	2.65531	1.44189	2.78684	1.72886	3.32641	1.99194	3.8447	2.1761	4.20814			1.31896	2.54735	1.05586	3.04897	1.57137	3.03624	1.83321	3.54283	1.94791	3.76071	2.19138	4.21765		
0.922433	2.59646	0.924124	2.59535	1.38307	2.65444	1.44664	2.78047	1.73228	3.31455	1.99762	3.83426	2.18055	4.19328			1.32501	2.54481	1.05197	3.06331	1.57514	3.02663	1.83999	3.53615	1.95323	3.75005	2.19634	4.2038		
0.916308	2.60039	0.918017	2.59931	1.39026	2.65351	1.45145	2.77429	1.7357	3.30282	2.00325	3.82385	2.18506	4.17871			1.33103	2.54226	1.04807	3.0779	1.57894	3.01715	1.84662	3.52927	1.95871	3.73981	2.20128	4.19006		
0.910113	2.60419	0.911842	2.60315	1.39741	2.65252	1.45633	2.7683	1.73912	3.29121	2.00883	3.81344	2.18964	4.16444			1.33704	2.5397	1.04417	3.09271	1.58274	3.00779	1.85309	3.52218	1.96435	3.72997				
0.903843	2.60783	0.905594	2.60684	1.40453	2.65147	1.46127	2.76251	1.74254	3.27973	2.01436	3.80305	2.19429	4.15046			1.34304	2.53715	1.04026	3.10776	1.58656	2.99857	1.8594	3.51485	1.97016	3.72056				
0.897495	2.61131	0.899268	2.61036	1.4116	2.65035	1.46628	2.75691	1.74596	3.26838	2.01982	3.79265	2.19902	4.13677			1.34903	2.53462	1.03634	3.12304	1.5904	2.98948	1.86555	3.5073	1.97613	3.71158				
0.891066	2.61461	0.892862	2.61371	1.41863	2.64916	1.47137	2.75151	1.74939	3.25715	2.02522	3.78225	2.20383	4.12338			1.35502	2.53212	1.03241	3.13853	1.59425	2.98051	1.87153	3.49951	1.98228	3.70301				
0.884557	2.61773	0.886375	2.61688	1.4256	2.64788	1.47653	2.74631	1.75281	3.24605	2.03056	3.77185					1.36103	2.52966	1.02845	3.15424	1.59812	2.97168	1.87734	3.4915	1.9886	3.69485				
0.877968	2.62066	0.879808	2.61986	1.43252	2.64651	1.48178	2.74133	1.75624	3.23508	2.03583	3.76142					1.36704	2.52725	1.02447	3.17015	1.60201	2.96297	1.88299	3.48326	1.99509	3.6871				
0.871301	2.62341	0.873162	2.62266	1.43938	2.64505	1.48712	2.73656	1.75968	3.22423	2.04103	3.75099					1.37306	2.52488	1.02046	3.18627	1.60591	2.95439	1.88847	3.47481	2.00175	3.67973				
0.864559	2.62598	0.866441	2.62528	1.44618	2.64348	1.49255	2.73201	1.76312	3.2135	2.04616	3.74053					1.3791	2.52257	1.01642	3.20257	1.60984	2.94593	1.8938	3.46616	2.00858	3.67275				
0.857747	2.62838	0.859648	2.62773	1.4529	2.64181	1.49808	2.72769	1.76657	3.20291	2.05122	3.73006					1.38515	2.52031	1.01234	3.21906	1.61378	2.9376	1.89897	3.45732	2.01556	3.66612				
0.850869	2.63062	0.852787	2.63001	1.45955	2.64002	1.5037	2.72359	1.77003	3.19243	2.05621	3.71956					1.39123	2.51812	1.00822	3.23571	1.61775	2.92939	1.90399	3.4483	2.02269	3.65983				
0.843929	2.63271	0.845864	2.63214	1.46613	2.63812	1.50943	2.71972	1.7735	3.18209	2.06112	3.70904					1.39733	2.51598	1.00405	3.25251	1.62173	2.92131	1.90888	3.43913	2.02996	3.65387				
0.836933	2.63466	0.838883	2.63413	1.47263	2.63609	1.51527	2.71608	1.77697	3.17186	2.06596	3.69851					1.40345	2.5139	0.999821	3.26947	1.62574	2.91335	1.91363	3.42983	2.03736	3.6482				
0.829885	2.63647	0.831849	2.63598	1.47905	2.63394	1.52121	2.71267	1.78046	3.16176	2.07073	3.68795					1.40959	2.51189	0.995538	3.28655	1.62976	2.9055	1.91826	3.4204	2.04489	3.64281				
0.822789	2.63817	0.824766	2.63771	1.48539	2.63168	1.52727	2.70949	1.78396	3.15178	2.07543	3.67737					1.41575	2.50994	0.991191	3.30374	1.63381	2.89778	1.92278	3.41087	2.05253	3.63769				
0.815651	2.63977	0.817639	2.63934	1.49165	2.6293	1.53342	2.70652	1.78747	3.14192	2.08005	3.66677					1.42195	2.50806	0.986774	3.32104	1.63789	2.89018	1.9272	3.40125	2.06028	3.6328				
0.808474	2.64127	0.810473	2.64086	1.49784	2.62681	1.53969	2.70378	1.79099	3.13219	2.08461	3.65616					1.42816	2.50624	0.982282	3.33842	1.64198	2.88269	1.93152	3.39156	2.06813	3.62813				
0.801262	2.64268	0.80327	2.64229	1.50395	2.62422	1.54605	2.70123	1.79452	3.12257	2.08909	3.64553					1.43441	2.50448	0.97771	3.35587	1.6461	2.87532	1.93575	3.38181	2.07606	3.62366				
0.794018	2.64401	0.796035	2.64365	1.50999	2.62153	1.55252	2.69888	1.79807	3.11308	2.09351	3.63489					1.44068	2.50279	0.973053	3.37337	1.65024	2.86806	1.9399	3.37203	2.08408	3.61938				
0.786746	2.64527	0.78877	2.64493	1.51597	2.61876	1.55907	2.69672	1.80163	3.1037	2.09787	3.62425					1.44698	2.50116	0.968306	3.39092	1.65441	2.86092	1.94398	3.36222	2.09216	3.61526				
0.779448	2.64647	0.78148	2.64615	1.5219	2.61592	1.56571	2.69473	1.8052	3.09444	2.10216	3.61361					1.4533	2.4996	0.963465	3.4085	1.6586	2.85389	1.948	3.35239	2.10031	3.61129				
0.772127	2.64762	0.774165	2.64731	1.52777	2.61302	1.57244	2.6929	1.80879	3.08529	2.10639	3.60296					1.45965	2.4981	0.958528	3.42609	1.66281	2.84697	1.95196	3.34256	2.10852	3.60746				
0.764786	2.64872	0.766829	2.64842	1.53359	2.61007	1.57924	2.69121	1.8124	3.07627	2.11056	3.59232					1.46603	2.49666	0.953489	3.44368	1.66705	2.84017	1.95586	3.33274	2.11677	3.60375				
0.757426	2.64977	0.759474	2.64948	1.53937	2.60708	1.58611	2.68966	1.81602	3.06735	2.11467	3.58169					1.47244	2.49528	0.948348	3.46127	1.67132	2.83347	1.95972	3.32293	2.12507	3.60014				
0.750049	2.65079	0.752102	2.65051	1.54512	2.60406	1.59304	2.68822	1.81966	3.05855	2.11873	3.57107					1.47888	2.49396	0.943103	3.47885	1.67561	2.82688	1.96353	3.31315	2.1334	3.59663				
0.742658	2.65177	0.744714	2.6515	1.55084	2.60101	1.60003	2.6869	1.82331	3.04987	2.12274	3.56047					1.48534	2.4927	0.937752	3.49642	1.67992	2.8204	1.96731	3.3034	2.14176	3.59321				
0.735253	2.65273	0.737313	2.65247	1.55653	2.59796	1.60707	2.68568	1.82698	3.04129	2.12669	3.54988					1.49183	2.4915	0.932295	3.51397	1.68427	2.81403	1.97105	3.29369	2.15015	3.58986				
0.727837	2.65366	0.729899	2.65341	1.56221	2.5949	1.61416	2.68455	1.83067	3.03283	2.13061	3.53932					1.49835	2.49036	0.926734	3.53151	1.68864	2.80777	1.97476	3.28402	2.15855	3.58656				
0.720409	2.65458	0.722475	2.65433	1.56787	2.59185	1.62129	2.68351	1.83438	3.02448	2.13447	3.52879					1.5049	2.48927	0.92107	3.54905	1.69304	2.80161	1.97845	3.27441	2.16696	3.58332				
0.712973	2.65548	0.715041	2.65523	1.57352	2.58881	1.62846	2.68253	1.8381	3.01623	2.1383	3.51829					1.51147	2.48824	0.915305	3.56658	1.69747	2.79555	1.98212	3.26484	2.17538	3.58011				
0.705528	2.65637	0.707598	2.65612	1.57916	2.58579	1.63566	2.68162	1.84185	3.0081	2.14208	3.50782					1.51807	2.48726	0.909443	3.58414	1.70192	2.7896	1.98577	3.25534	2.18379	3.57693				
0.698076	2.65725	0.700148	2.657	1.58479	2.58278	1.6429	2.68077	1.84561	3.00007	2.14583	3.49739					1.5247	2.48634	0.903487	3.60172	1.70641	2.78375	1.9894	3.2459	2.1922	3.57377				
0.690617	2.65813	0.692691	2.65788	1.59043	2.57981	1.65016	2.67998	1.84939	2.99215	2.14954	3.48701					1.53135	2.48547	0.897441	3.61936	1.71092	2.77801	1.99301	3.23653	2.20059	3.57061				
0.683154	2.659	0.685229	2.65876	1.59606	2.57686	1.65745	2.67923	1.85319	2.98433	2.15322	3.47667					1.53803	2.48465	0.891312	3.63706	1.71546	2.77236	1.99662	3.22723						
0.675686	2.65988	0.677762	2.65964	1.6017	2.57394	1.66476	2.67852	1.85701	2.97662	2.15688	3.46637					1.54474	2.48388	0.885104	3.65487	1.72004	2.76682	2.00022	3.21799						
0.668214	2.66076	0.670292	2.66052	1.60735	2.57106	1.6721	2.67786	1.86085	2.96901	2.1605	3.45613					1.55148	2.48315	0.878824	3.6728	1.72464	2.76138	2.0038	3.20884						
0.66074	2.66166	0.662818	2.66141	1.613	2.56822	1.67945	2.67722	1.86471	2.9615	2.1641	3.44594					1.55823	2.48248	0.872478	3.6909	1.72928	2.75605	2.00739	3.19975						
0.653263	2.66256	0.655342	2.66231	1.61866	2.56542	1.68681	2.67663	1.86859	2.95409	2.16767	3.4358					1.56502	2.48185	0.866073	3.70919	1.73395	2.75081	2.01097	3.19075						
0.645786	2.66349	0.647865	2.66323	1.62434	2.56267	1.69419	2.67606	1.87249	2.94678	2.17122	3.42573					1.57183	2.48126	0.859615	3.72771	1.73866	2.74567	2.01454	3.18182						
0.638307	2.66443	0.640386	2.66416	1.63002	2.55995	1.70159	2.67551	1.87641	2.93958	2.17475	3.41571					1.57866	2.48072	0.853113	3.74651	1.7434	2.74064	2.01812	3.17297						
0.63083	2.6654	0.632908	2.66512	1.63572	2.55728	1.70899	2.67499	1.88036	2.93247	2.17826	3.40576					1.58552	2.48022	0.846573	3.76562	1.74817	2.73571	2.0217	3.16421						
0.623353	2.66639	0.625431	2.66611	1.64143	2.55466	1.71641	2.67449	1.88432	2.92546	2.18176	3.39587					1.5924	2.47977	0.840003	3.7851	1.75298	2.73088	2.02528	3.15553						
0.615878	2.66742	0.617956	2.66713	1.64716	2.55208	1.72383	2.67401	1.88831	2.91854	2.18524	3.38604					1.5993	2.47935	0.833411	3.80498	1.75783	2.72615	2.02886	3.14692						
0.608406	2.66849	0.610483	2.66819	1.6529	2.54956	1.73127	2.67354	1.89232	2.91172	2.18871	3.37628					1.60623	2.47897	0.826805	3.82534	1.76272	2.72152	2.03245	3.13841						
0.600937	2.6696	0.603013	2.66929	1.65866	2.54708	1.73871	2.67309	1.89635	2.905	2.19217	3.36659					1.61317	2.47863	0.820192	3.84622	1.76766	2.717	2.03604	3.12997						
0.593474	2.67076	0.595548	2.67043	1.66444	2.54465	1.74615	2.67265	1.90041	2.89837	2.19561	3.35697					1.62014	2.47833	0.81358	3.86767	1.77263	2.71259	2.03963	3.12162						
0.586016	2.67198	0.588089	2.67163	1.67023	2.54227	1.7536	2.67223	1.90449	2.89183	2.19905	3.34742					1.62714	2.47806	0.806979	3.88977	1.77765	2.70828	2.04324	3.11336						
0.578565	2.67326	0.580635	2.6729	1.67605	2.53994	1.76106	2.67181	1.90859	2.88539	2.20248	3.33794					1.63415	2.47782	0.800394	3.91259	1.78271	2.70409	2.04685	3.10517						
0.571121	2.67461	0.57319	2.67423	1.68189	2.53767	1.76852	2.67141	1.91271	2.87903							1.64118	2.47762	0.793836	3.93619	1.78783	2.7	2.05047	3.09708						
0.563688	2.67605	0.565753	2.67564	1.68776	2.53545	1.77598	2.67101	1.91686	2.87277							1.64824	2.47745	0.787313	3.96064	1.793	2.69603	2.0541	3.08906						
0.556265	2.67758	0.558327	2.67714	1.69367	2.53332	1.78345	2.67062	1.92104	2.8666							1.65531	2.47731	0.780833	3.98604	1.79822	2.69217	2.05774	3.08113						
0.548855	2.67921	0.550913	2.67875	1.69967	2.53134	1.79092	2.67024	1.92524	2.86052							1.6624	2.4772	0.774404	4.01247	1.8035	2.68843	2.06139	3.07329						
0.541459	2.68096	0.543513	2.68046	1.70467	2.5279	1.79838	2.66986	1.92946	2.85453							1.66951	2.47712	0.768036	4.04003	1.80884	2.68482	2.06505	3.06552						
0.53408	2.68285	0.536129	2.68231	1.71103	2.5265	1.80585	2.66948	1.93371	2.84862							1.67664	2.47707	0.761738	4.0688	1.81425	2.68133	2.06872	3.05784						
0.52672	2.68489	0.528764	2.68431	1.71708	2.52464	1.81332	2.66911	1.93798	2.84281							1.68379	2.47704	0.755518	4.09891	1.81972	2.67797	2.0724	3.05025						
0.519382	2.68711	0.52142	2.68647	1.72308	2.52274	1.82078	2.66873	1.94229	2.83708							1.69095	2.47704	0.749387	4.13046	1.82527	2.67475	2.0761	3.04273						
0.51207	2.68952	0.5141	2.68883	1.72909	2.52086	1.82825	2.66836	1.94661	2.83144							1.69814	2.47707	0.743353	4.16358	1.83089	2.67167	2.07981	3.0353						
0.504787	2.69217	0.506809	2.69141	1.73511	2.51902	1.83571	2.66799	1.95097	2.82589							1.70533	2.47712	0.737426	4.1984	1.8366	2.66873	2.08353	3.02795						
0.497538	2.69508	0.499549	2.69425	1.74114	2.51721	1.84317	2.66762	1.95535	2.82042							1.71255	2.47719	0.731615	4.23506	1.84238	2.66593	2.08727	3.02069						
0.490328	2.69831	0.492328	2.69738	1.7472	2.51545	1.85062	2.66724	1.95976	2.81504							1.71978	2.47728	0.72593	4.27371	1.84826	2.66328	2.09102	3.0135						
0.483163	2.70188	0.48515	2.70085	1.75327	2.51372	1.85807	2.66686	1.9642	2.80974							1.72702	2.4774	0.72038	4.31451	1.85422	2.66079	2.09478	3.00639						
0.476051	2.70588	0.478022	2.70472	1.75937	2.51205	1.86552	2.66647	1.96867	2.80453							1.73428	2.47753	0.714974	4.35762	1.86028	2.65845	2.09856	2.99937						
0.469	2.71036	0.470953	2.70906	1.76549	2.51041	1.87296	2.66608	1.97318	2.79941							1.74156	2.47769	0.709722	4.40323	1.86643	2.65626	2.10236	2.99242						
0.46202	2.71542	0.463953	2.71395	1.77162	2.50882	1.88039	2.66568	1.97771	2.79437							1.74885	2.47786	0.704631	4.45154	1.87268	2.65423	2.10617	2.98555						
0.455125	2.72115	0.457033	2.71948	1.77778	2.50727	1.88781	2.66528	1.98227	2.78942							1.75615	2.47805	0.699711	4.50273	1.87902	2.65234	2.11	2.97876						
0.448327	2.72768	0.450206	2.72578	1.78396	2.50576	1.89522	2.66486	1.98687	2.78456							1.76347	2.47826	0.694969	4.55704	1.88546	2.65061	2.11384	2.97205						
0.441643	2.73514	0.443488	2.73296	1.79016	2.50429	1.90262	2.66443	1.9915	2.77978							1.7708	2.47849	0.690411	4.61467	1.89199	2.64901	2.1177	2.96541						
0.435091	2.74372	0.436898	2.74122	1.79638	2.50286	1.91001	2.66399	1.99617	2.77509							1.77814	2.47873	0.686044	4.67589	1.8986	2.64755	2.12157	2.95886						
0.428694	2.75361	0.430456	2.75072	1.80262	2.50148	1.91739	2.66353	2.00088	2.7705							1.7855	2.47899	0.681874	4.74093	1.9053	2.64622	2.12546	2.95237						
0.422475	2.76503	0.424185	2.76169	1.80888	2.50013	1.92475	2.66306	2.00562	2.76599							1.79286	2.47926	0.677905	4.81007	1.91208	2.645	2.12937	2.94597						
0.416457	2.77824	0.418109	2.77437	1.81516	2.49883	1.93209	2.66256	2.01041	2.76157							1.80024	2.47954	0.67414	4.88358	1.91893	2.6439	2.1333	2.93963						
0.410668	2.79352	0.412253	2.78905	1.82147	2.49756	1.93942	2.66205	2.01523	2.75724							1.80763	2.47984	0.670583	4.96178	1.92585	2.6429	2.13724	2.93338						
0.40513	2.81116	0.406643	2.806	1.82779	2.49633	1.94673	2.66151	2.0201	2.75301							1.81503	2.48015	0.667234	5.04497	1.93283	2.642	2.1412	2.92719						
0.399866	2.83146	0.401301	2.82554	1.83414	2.49514	1.95401	2.66094	2.02502	2.74888							1.82244	2.48048	0.664094	5.1335	1.93987	2.64118	2.14518	2.92108						
0.394893	2.85472	0.396245	2.84794	1.8405	2.49399	1.96127	2.66035	2.02999	2.74485							1.82986	2.48081	0.661163	5.22773	1.94696	2.64043	2.14918	2.91504						
0.390224	2.88121	0.391491	2.87351	1.84689	2.49287	1.9685	2.65972	2.03501	2.74091							1.8373	2.48116	0.658439	5.32805	1.9541	2.63976	2.15319	2.90907						
0.385865	2.9112	0.387046	2.9025	1.8533	2.49179	1.9757	2.65906	2.04008	2.73709							1.84474	2.48151	0.65592	5.43487	1.96128	2.63915	2.15722	2.90318						
0.381819	2.94494	0.382912	2.93517	1.85972	2.49075	1.98286	2.65835	2.04522	2.73337							1.85219	2.48188	0.653602	5.54864	1.96851	2.6386	2.16128	2.89735						
0.378081	2.98266	0.37909	2.97176	1.86617	2.48974	1.98999	2.65761	2.05041	2.72976							1.85965	2.48226	0.651482	5.66987	1.97576	2.6381	2.16535	2.8916						
0.374646	3.02457	0.375571	3.01248	1.87264	2.48877	1.99708	2.65681	2.05567	2.72626							1.86712	2.48264	0.649555	5.79908	1.98305	2.63765	2.16944	2.88591						
0.371505	3.07093	0.37235	3.05758	1.87913	2.48783	2.00413	2.65596	2.061	2.72289							1.8746	2.48303	0.647815	5.93686	1.99037	2.63723	2.17354	2.88029						
0.36865	3.12197	0.369416	3.1073	1.88564	2.48692	2.01112	2.65505	2.06641	2.71963							1.88208	2.48344	0.646258	6.08386	1.99771	2.63686	2.17767	2.87474						
0.366071	3.17798	0.366761	3.16189	1.89217	2.48604	2.01806	2.65408	2.07189	2.71651							1.88958	2.48385	0.644877	6.24079	2.00508	2.63651	2.18182	2.86926						
0.36376	3.23925	0.364376	3.22167	1.89871	2.4852	2.02495	2.65304	2.07746	2.71351							1.89708	2.48426	0.643665	6.40845	2.01246	2.63619	2.18599	2.86385						
0.361708	3.30614	0.362253	3.28696	1.90528	2.48439	2.03177	2.65193	2.08311	2.71065							1.90459	2.48468	0.642616	6.58772	2.01986	2.6359	2.19017	2.8585						
0.359909	3.37902	0.360384	3.35813	1.91187	2.48361	2.03852	2.65074	2.08885	2.70793							1.91211	2.48511	0.641723	6.77959	2.02728	2.63564	2.19438	2.85322						
0.358355	3.45835	0.358763	3.43563	1.91847	2.48287	2.04521	2.64947	2.09468	2.70535							1.91963	2.48555	0.640978	6.98517	2.03471	2.63539	2.1986	2.848						
0.357042	3.54463	0.357383	3.51991	1.9251	2.48215	2.05183	2.64812	2.10061	2.70291							1.92716	2.48599	0.640374	7.20573	2.04216	2.63516	2.20285	2.84285						
0.355964	3.63841	0.35624	3.61155	1.93174	2.48146	2.05837	2.64668	2.10664	2.70062							1.9347	2.48643	0.639904	7.44268	2.04961	2.63494								
0.355118	3.74034	0.35533	3.71114	1.9384	2.4808	2.06484	2.64516	2.11277	2.69846							1.94224	2.48688	0.63956	7.69765	2.05708	2.63474								
0.354498	3.85114	0.354648	3.8194	1.94508	2.48017	2.07122	2.64355	2.11899	2.69645							1.94979	2.48734	0.639335	7.97249	2.06455	2.63455								
0.354102	3.97164	0.35419	3.93711	1.95178	2.47956	2.07754	2.64185	2.12531	2.69457							1.95735	2.4878	0.639229	8.22984	2.07203	2.63437								
0.353926	4.10277	0.353953	4.06519	1.9585	2.47899	2.08378	2.64008	2.13172	2.69283							1.96491	2.48826	0.639202	8.46363	2.07951	2.6342								
0.353967	4.24559	0.353934	4.20464	1.96523	2.47844	2.08995	2.63822	2.13822	2.69121							1.97247	2.48872	0.63922	8.66779	2.087	2.63404								
0.35422	4.40133	0.354128	4.35666	1.97198	2.47791	2.09605	2.6363	2.14481	2.68971							1.98004	2.48919	0.63926	8.83668	2.0945	2.63388								
0.354612	4.54866	0.354534	4.52258	1.97875	2.47741	2.10208	2.63431	2.15149	2.68833							1.98762	2.48966	0.639303	8.96529	2.102	2.63373								
0.355071	4.68363	0.355146	4.70396	1.98554	2.47694	2.10806	2.63226	2.15823	2.68705							1.99519	2.49013	0.639352	9.08709	2.1095	2.63358								
0.355535	4.8023	0.355963	4.9026	1.99234	2.47649	2.11399	2.63016	2.16505	2.68587							2.00278	2.4906	0.639392	9.17386	2.117	2.63344								
0.355956	4.901	0.356981	5.1206	1.99916	2.47607	2.11987	2.62801	2.17194	2.68477							2.01036	2.49107	0.639462	9.3129	2.1245	2.6333								
0.356296	4.97646	0.358195	5.36043	2.006	2.47567	2.1257	2.62583	2.17888	2.68376							2.01795	2.49154	0.639574	9.50909	2.132	2.63315								
0.356631	5.04815	0.359602	5.62497	2.01286	2.47529	2.1315	2.62363	2.18588	2.68283							2.02554	2.49201	0.639741	9.76966	2.1395	2.63301								
0.356877	5.09935	0.361199	5.91769	2.01973	2.47494	2.13728	2.6214	2.19293	2.68196							2.03313	2.49248	0.639979	10.1049	2.147	2.63287								
0.357282	5.18162	0.362981	6.24272	2.02661	2.4746	2.14302	2.61915	2.20003	2.68115							2.04072	2.49295	0.640303	10.529	2.15449	2.63272								
0.357872	5.29814	0.364944	6.60505	2.03351	2.47429	2.14875	2.6169									2.04831	2.49341	0.64073	11.0622	2.16199	2.63257								
0.358685	5.45362	0.367083	7.0108	2.04043	2.474	2.15446	2.61465									2.05589	2.49386	0.641206	11.6523	2.16948	2.63242								
0.359763	5.65476	0.369089	7.4056	2.04736	2.47373	2.16016	2.6124									2.06348	2.49431	0.641724	12.3087	2.17696	2.63226								
0.361162	5.91092	0.3709	7.77723	2.05431	2.47348	2.16586	2.61016									2.07105	2.49475	0.642276	13.0429	2.18444	2.6321								
0.362939	6.23519	0.372466	8.11232	2.06127	2.47325	2.17156	2.60794									2.07862	2.49517	0.642854	13.8693	2.19191	2.63193								
0.364899	6.59664	0.373748	8.39718	2.06825	2.47304	2.17727	2.60574									2.08618	2.49558	0.643449	14.8061	2.19937	2.63175								
0.367034	7.00136	0.374715	8.61895	2.07524	2.47284	2.18298	2.60356									2.09373	2.49597	0.644054	15.8768	2.20683	2.63156								
0.369343	7.45682	0.375622	8.8329	2.08224	2.47267	2.18871	2.60142									2.10125	2.49633	0.64466	17.1118										
0.37182	7.9724	0.376263	8.98771	2.08926	2.47251	2.19446	2.59932									2.10874	2.49665	0.64526	18.5522										
0.37446	8.55988	0.377281	9.24003	2.0963	2.47237	2.20023	2.59726									2.1162	2.49693	0.645846	20.2533										
0.377259	9.23444	0.378697	9.60521	2.10334	2.47225											2.1236	2.49714	0.64641	22.2931										
0.380212	10.0159	0.380539	10.1074	2.1104	2.47214											2.13094	2.49728	0.646945	24.7839										
0.383315	10.9305	0.382842	10.7841	2.11748	2.47205											2.1382	2.49732	0.647445	27.8939										
0.386562	12.014	0.385645	11.6932	2.12456	2.47198											2.14536	2.49724	0.647903	31.8874										
0.389948	13.3163	0.388993	12.9287	2.13166	2.47192											2.1524	2.49703	0.648313	37.2037										
0.39347	14.9092	0.392478	14.4319	2.13877	2.47187											2.15933	2.49669	0.64867	44.6326										
0.397121	16.8998	0.396093	16.2983	2.14589	2.47184											2.16615	2.49623	0.648969	55.7482										
0.400896	19.4552	0.399834	18.6749	2.15303	2.47182											2.17287	2.49566	0.649206	74.2068										
0.40479	22.8519	0.403696	21.8004	2.16018	2.47182											2.17952	2.49501	0.649378	110.889										
0.408797	27.582	0.407672	26.0905	2.16733	2.47183											2.18612	2.4943	0.649483	219.149										
0.41291	34.6148	0.411756	32.3382	2.1745	2.47185											2.19267	2.49355	0.649519	9125.18										
0.417118	46.1606	0.415939	42.2687	2.18168	2.47189											2.1992	2.49277												
0.421401	68.59	0.420205	60.4795	2.18888	2.47193											2.20571	2.49198												
0.425685	130.928	0.424505	104.676	2.19608	2.47199																								
0.429146	1196.03	0.428486	368.451	2.20329	2.47206																								
