Sym0		Sym1		Sym2		Sym3		Sym4		Sym5		Sym6		Sym7		Asym1		Asym2		Asym3		Asym4		Asym5		Asym6		Asym7	
313  Points		313  Points		312  Points		296  Points		289  Points		226  Points		185  Points		118  Points		310  Points		308  Points		295  Points		265  Points		218  Points		184  Points		116  Points	
Freq (MHz)	Vgr (m/ms)	Freq (MHz)	Vgr (m/ms)	Freq (MHz)	Vgr (m/ms)	Freq (MHz)	Vgr (m/ms)	Freq (MHz)	Vgr (m/ms)	Freq (MHz)	Vgr (m/ms)	Freq (MHz)	Vgr (m/ms)	Freq (MHz)	Vgr (m/ms)	Freq (MHz)	Vgr (m/ms)	Freq (MHz)	Vgr (m/ms)	Freq (MHz)	Vgr (m/ms)	Freq (MHz)	Vgr (m/ms)	Freq (MHz)	Vgr (m/ms)	Freq (MHz)	Vgr (m/ms)	Freq (MHz)	Vgr (m/ms)
2.203	2.45033	2.2038	2.45083	0.447962	1.02792	0.866025	0.00238114	1.29902	-0.0399919	1.34112	0.0669674	1.73205	0.00124778	2.16506	-0.008652	0.21675	0.296243	0.649517	-0.0113244	0.894103	0.0633645	1.08254	0.0166184	1.51554	-0.00113118	1.78815	0.0321691	1.94856	0.00267051
2.19591	2.44826	2.19671	2.44877	0.450935	1.19165	0.866032	0.00447807	1.2989	-0.0562177	1.34131	0.102532	1.73205	0.00228056	2.16503	-0.0118394	0.217607	0.400319	0.649485	-0.0184513	0.894286	0.0902337	1.08259	0.0228593	1.51554	-0.00166978	1.78825	0.0456051	1.94856	0.0051998
2.18884	2.44411	2.18964	2.44458	0.454855	1.42949	0.866051	0.0087239	1.29869	-0.0876009	1.34171	0.172649	1.73206	0.00438565	2.16499	-0.0181295	0.219066	0.604222	0.649411	-0.032587	0.894625	0.143789	1.08268	0.0353889	1.51553	-0.00270132	1.78842	0.0724746	1.94859	0.0103338
2.18178	2.43988	2.18257	2.44035	0.459204	1.54446	0.866083	0.0131257	1.29839	-0.116479	1.34231	0.240375	1.73208	0.00655087	2.16493	-0.0242828	0.221102	0.798361	0.649296	-0.0462517	0.895118	0.196797	1.0828	0.048003	1.51552	-0.00365427	1.78867	0.0992789	1.94862	0.0155185
2.17472	2.43558	2.17552	2.4361	0.46379	1.61225	0.866127	0.0177224	1.29802	-0.142277	1.3431	0.305073	1.7321	0.00871951	2.16485	-0.030221	0.223684	0.980449	0.649143	-0.0592081	0.895763	0.249002	1.08295	0.0607862	1.51551	-0.00456691	1.78899	0.125953	1.94868	0.0206881
2.16769	2.43124	2.16848	2.43175	0.468531	1.65921	0.866185	0.0224755	1.29757	-0.164659	1.34408	0.366284	1.73213	0.010895	2.16475	-0.0358455	0.226774	1.1493	0.648954	-0.071332	0.896558	0.300243	1.08315	0.0738492	1.5155	-0.00545736	1.78939	0.152482	1.94874	0.025944
2.16066	2.42683	2.16145	2.42731	0.473388	1.69533	0.866257	0.0274828	1.29706	-0.183422	1.34522	0.423794	1.73216	0.0130841	2.16464	-0.0411935	0.229849	1.28508	0.64873	-0.0824337	0.8975	0.350374	1.08338	0.0872381	1.51548	-0.006245	1.78987	0.178839	1.94883	0.0312557
2.15365	2.42233	2.15444	2.42282	0.478339	1.72504	0.866344	0.0328233	1.29651	-0.198688	1.34653	0.477641	1.73221	0.0153591	2.16451	-0.046222	0.23273	1.39203	0.648477	-0.092309	0.898585	0.399163	1.08365	0.100928	1.51546	-0.00694388	1.79043	0.205028	1.94893	0.0366209
2.14665	2.41777	2.14744	2.41827	0.483368	1.75045	0.866447	0.0385379	1.29591	-0.210641	1.34799	0.5279	1.73225	0.0176888	2.16437	-0.0508452	0.235279	1.4744	0.648196	-0.100842	0.899809	0.446492	1.08397	0.114987	1.51544	-0.00752365	1.79106	0.230997	1.94904	0.0420927
2.13966	2.41315	2.14045	2.41368	0.488465	1.7727	0.866567	0.0446502	1.29529	-0.219471	1.34958	0.574842	1.73231	0.020011	2.16422	-0.0550671	0.237394	1.53582	0.647893	-0.107858	0.901168	0.492189	1.08432	0.129551	1.51542	-0.00798208	1.79176	0.2567	1.94917	0.0476611
2.13269	2.40846	2.13347	2.40899	0.493623	1.79244	0.866705	0.0512075	1.29464	-0.225564	1.35131	0.618711	1.73237	0.0224353	2.16405	-0.058895	0.239004	1.57896	0.647572	-0.113242	0.902656	0.536139	1.08472	0.144596	1.5154	-0.00837309	1.79254	0.282108	1.94931	0.0533642
2.12573	2.4037	2.12651	2.40422	0.498834	1.81006	0.866863	0.058304	1.29399	-0.229219	1.35316	0.659824	1.73244	0.0249468	2.16388	-0.0622856	0.240056	1.60552	0.647238	-0.116883	0.904269	0.578233	1.08516	0.160197	1.51537	-0.00857083	1.7934	0.307214	1.94948	0.0591614
2.11878	2.39886	2.11957	2.39942	0.504094	1.82584	0.867043	0.0659532	1.29332	-0.230745	1.35513	0.698465	1.73251	0.0275158	2.16369	-0.0652106	0.2416	1.64221	0.646896	-0.118615	0.906001	0.618309	1.08564	0.176382	1.51535	-0.00861576	1.79432	0.332012	1.94966	0.0650883
2.11185	2.39397	2.11263	2.39456	0.509396	1.83993	0.867245	0.0742403	1.29265	-0.230408	1.3572	0.734905	1.7326	0.0301414	2.1635	-0.0677304	0.243317	1.68058	0.646552	-0.118455	0.907846	0.656336	1.08618	0.193212	1.51532	-0.00853033	1.79532	0.356425	1.94985	0.0712162
2.10493	2.38904	2.10571	2.38962	0.514738	1.85239	0.867472	0.0831606	1.29199	-0.228448	1.35938	0.769399	1.73269	0.0328803	2.1633	-0.0698485	0.245714	1.73017	0.646211	-0.116266	0.909798	0.692249	1.08676	0.210804	1.5153	-0.00824263	1.79638	0.38042	1.95007	0.0775126
2.09803	2.38403	2.09881	2.3846	0.520112	1.86336	0.867726	0.092763	1.29133	-0.225172	1.36165	0.802162	1.73279	0.035729	2.1631	-0.071514	0.248842	1.78874	0.645879	-0.111947	0.911851	0.725922	1.0874	0.229102	1.51527	-0.00778407	1.79752	0.404046	1.9503	0.0839704
2.09114	2.37897	2.09192	2.37952	0.525517	1.87292	0.868009	0.103145	1.29068	-0.220722	1.36402	0.83345	1.73289	0.0386218	2.16289	-0.0727417	0.252759	1.85386	0.645563	-0.105528	0.913998	0.757336	1.08808	0.248229	1.51525	-0.00715909	1.79872	0.427226	1.95055	0.0906344
2.08427	2.37381	2.08504	2.37438	0.530248	1.88012	0.868323	0.114328	1.29005	-0.21527	1.36647	0.863365	1.73301	0.0416613	2.16268	-0.0736194	0.257523	1.92272	0.645269	-0.0968978	0.916232	0.786451	1.08883	0.268254	1.51523	-0.00631812	1.79999	0.449864	1.95083	0.0975355
2.07741	2.36859	2.07818	2.36918	0.534293	1.88542	0.86867	0.126351	1.28944	-0.209039	1.36901	0.892053	1.73314	0.044819	2.16246	-0.0740895	0.263192	1.9928	0.645003	-0.0860058	0.918547	0.81319	1.08964	0.289141	1.51521	-0.00527887	1.80132	0.472063	1.95112	0.104677
2.07056	2.36334	2.07134	2.36394	0.537647	1.88927	0.869054	0.139239	1.28884	-0.202071	1.37164	0.919633	1.73327	0.0480961	2.16225	-0.0741533	0.269051	2.05418	0.644771	-0.0728688	0.920936	0.83757	1.0905	0.310989	1.5152	-0.00401836	1.80272	0.49373	1.95143	0.112065
2.06374	2.35798	2.06451	2.35859	0.540303	1.89194	0.869476	0.153095	1.28827	-0.194502	1.37433	0.946221	1.73341	0.0514953	2.16203	-0.0739303	0.275076	2.10758	0.644581	-0.0574624	0.923393	0.85957	1.09144	0.333828	1.51519	-0.00254903	1.80418	0.514806	1.95177	0.119714
2.05692	2.35258	2.05769	2.35321	0.542259	1.89372	0.869939	0.167894	1.28772	-0.186435	1.37711	0.971936	1.73357	0.0550217	2.16182	-0.0733674	0.281244	2.15376	0.644455	-0.0422218	0.925909	0.879208	1.09244	0.357712	1.51519	-0.000837327	1.8057	0.535338	1.95212	0.127708
2.05013	2.34715	2.05089	2.34776	0.543511	1.89471	0.870447	0.183704	1.28719	-0.177953	1.37996	0.99684	1.73373	0.0587443	2.16161	-0.0724755	0.287535	2.19347	0.644379	-0.0278356	0.928479	0.896456	1.09351	0.382693	1.51519	0.0011254	1.80728	0.555252	1.95251	0.135983
2.04335	2.34162	2.04411	2.34223	0.545312	1.896	0.871002	0.2006	1.28669	-0.169113	1.38288	1.02094	1.73391	0.062567	2.1614	-0.0712758	0.293933	2.22738	0.64434	-0.0149841	0.931095	0.91132	1.09465	0.408759	1.51519	0.00329804	1.80891	0.574514	1.95291	0.144588
2.03658	2.33605	2.03734	2.33668	0.547272	1.89729	0.871607	0.218559	1.28621	-0.159961	1.38586	1.04431	1.73409	0.0665316	2.1612	-0.0698113	0.30042	2.25605	0.644327	-0.00423318	0.933751	0.923813	1.09587	0.435942	1.51521	0.00571522	1.8106	0.593115	1.95334	0.153618
2.02983	2.3304	2.03059	2.33106	0.549938	1.89873	0.872266	0.23765	1.28576	-0.150539	1.38892	1.06698	1.73429	0.0707213	2.161	-0.0681092	0.306984	2.27997	0.644326	0.00416125	0.936439	0.934016	1.09717	0.46425	1.51523	0.00838779	1.81234	0.611034	1.9538	0.162972
2.0231	2.32471	2.02386	2.32538	0.553314	1.90012	0.872982	0.257895	1.28534	-0.140869	1.39204	1.089	1.7345	0.0750692	2.1608	-0.0661657	0.31361	2.29952	0.644331	0.00964657	0.939154	0.941919	1.09856	0.493698	1.51525	0.0113374	1.81413	0.628236	1.95429	0.172742
2.01638	2.31899	2.01714	2.31962	0.557398	1.90109	0.873758	0.279337	1.28495	-0.130992	1.39522	1.11044	1.73473	0.0795583	2.16061	-0.0639732	0.320286	2.31508	0.644344	0.017754	0.941888	0.947558	1.10003	0.524314	1.51529	0.014549	1.81598	0.644643	1.9548	0.18299
2.00968	2.31317	2.01044	2.31383	0.562191	1.90136	0.874598	0.302006	1.28458	-0.120938	1.39846	1.13122	1.73496	0.0842714	2.16043	-0.0615746	0.327002	2.32701	0.644367	0.0269065	0.944635	0.951066	1.10159	0.556042	1.51534	0.0179925	1.81786	0.66028	1.95534	0.193672
2.003	2.30731	2.00376	2.30798	0.56769	1.90041	0.875385	0.322711	1.28425	-0.110763	1.40176	1.15141	1.73521	0.0891988	2.16026	-0.0589976	0.333748	2.33554	0.644413	0.0397608	0.94739	0.952473	1.10324	0.588881	1.5154	0.0217243	1.8198	0.675137	1.95592	0.204868
1.99634	2.30142	1.99709	2.30206	0.573184	1.8981	0.876098	0.341131	1.28394	-0.100404	1.40512	1.17104	1.73548	0.0943208	2.16009	-0.0562392	0.340513	2.34086	0.644499	0.0569079	0.950145	0.951899	1.105	0.622775	1.51546	0.0257408	1.82177	0.689132	1.95653	0.216569
1.98969	2.29544	1.99044	2.29612	0.57867	1.89449	0.876718	0.356956	1.28367	-0.0899109	1.40854	1.19009	1.73576	0.099657	2.15993	-0.0533516	0.34729	2.34317	0.644644	0.0788029	0.952543	0.949875	1.10685	0.657668	1.51554	0.0300344	1.82378	0.702225	1.95717	0.228812
1.98306	2.28944	1.98381	2.29014	0.584144	1.88955	0.877228	0.369713	1.28342	-0.0792658	1.412	1.20856	1.73606	0.105188	2.15978	-0.050264	0.354069	2.34266	0.644876	0.106185	0.954582	0.946997	1.1088	0.693509	1.51564	0.0345902	1.82583	0.714446	1.95785	0.24167
1.97644	2.28339	1.97719	2.28407	0.589601	1.88323	0.877615	0.379357	1.28321	-0.0684925	1.41553	1.22645	1.73637	0.110991	2.15964	-0.0470102	0.360842	2.33946	0.64523	0.139713	0.956262	0.943956	1.11086	0.730193	1.51574	0.0394365	1.82792	0.725742	1.95857	0.255117
1.96985	2.27726	1.97059	2.27797	0.595038	1.87554	0.877868	0.385674	1.28303	-0.057638	1.4191	1.24383	1.7367	0.117047	2.15951	-0.0436577	0.367602	2.33362	0.645684	0.175612	0.957586	0.941029	1.11302	0.767687	1.51587	0.0445719	1.83003	0.736065	1.95933	0.269215
1.96327	2.27113	1.96401	2.27183	0.600451	1.8665	0.878239	0.394755	1.28288	-0.0466212	1.42272	1.26064	1.73705	0.123315	2.15939	-0.0401661	0.374342	2.32526	0.646246	0.213865	0.958557	0.938628	1.1153	0.805808	1.516	0.0499932	1.83217	0.745376	1.96013	0.283973
1.95671	2.26494	1.95745	2.26564	0.605836	1.85613	0.878651	0.404795	1.28276	-0.0354549	1.42639	1.27686	1.73741	0.129893	2.15928	-0.0365717	0.381054	2.31451	0.646921	0.254434	0.959177	0.937048	1.11737	0.839466	1.51616	0.0557527	1.83434	0.753656	1.96097	0.299408
1.95017	2.2587	1.95091	2.25939	0.611189	1.84441	0.87923	0.418784	1.28267	-0.0241651	1.43011	1.29252	1.7378	0.136738	2.15918	-0.0328885	0.387731	2.3014	0.647718	0.297417	0.960066	0.934583	1.11921	0.868481	1.51632	0.0617796	1.83653	0.760926	1.96186	0.315613
1.94364	2.25242	1.94438	2.25314	0.616506	1.83133	0.87999	0.436915	1.28262	-0.012745	1.43387	1.3076	1.7382	0.143827	2.15909	-0.0290861	0.394367	2.28602	0.648642	0.342689	0.96103	0.931688	1.12077	0.892595	1.51651	0.0681075	1.83874	0.767111	1.9628	0.332598
1.93714	2.24611	1.93787	2.24684	0.621783	1.81693	0.880953	0.459509	1.2826	-0.00118129	1.43767	1.32211	1.73863	0.151226	2.15901	-0.0251623	0.400956	2.26837	0.6497	0.390244	0.962337	0.927428	1.12204	0.911723	1.51672	0.0747453	1.84097	0.772177	1.96378	0.350325
1.93065	2.23978	1.93138	2.24049	0.627017	1.8012	0.882145	0.486903	1.28261	0.0105529	1.44152	1.33605	1.73908	0.158955	2.15894	-0.0211708	0.40749	2.24855	0.6509	0.44008	0.963979	0.921627	1.12299	0.925738	1.51694	0.0817109	1.84321	0.776115	1.96482	0.368893
1.92418	2.2334	1.92491	2.2341	0.632203	1.78419	0.883599	0.519574	1.28265	0.0208993	1.4454	1.34939	1.73955	0.166993	2.15889	-0.0171025	0.413963	2.2267	0.652246	0.492108	0.965952	0.914035	1.1236	0.934787	1.51719	0.0889812	1.84546	0.77891	1.96592	0.388327
1.91773	2.22699	1.91846	2.22768	0.637338	1.76593	0.88515	0.553438	1.2827	0.0297978	1.44932	1.36216	1.74004	0.175356	2.15884	-0.0129389	0.420371	2.20283	0.653746	0.546313	0.968244	0.904319	1.1245	0.947849	1.51746	0.0965691	1.84772	0.780584	1.96707	0.408556
1.9113	2.22053	1.91202	2.22127	0.642419	1.74646	0.886801	0.58857	1.28276	0.0372604	1.45328	1.37431	1.74056	0.184079	2.15881	-0.0087017	0.426707	2.17702	0.655406	0.602541	0.970843	0.892322	1.12548	0.961913	1.51775	0.1045	1.84998	0.78107	1.96828	0.429675
1.90488	2.21406	1.90561	2.21483	0.647441	1.7258	0.888555	0.62492	1.28282	0.0431666	1.45727	1.38583	1.74111	0.193168	2.15879	-0.00437554	0.432965	2.14939	0.657232	0.660745	0.973406	0.879576	1.12685	0.981146	1.51806	0.112766	1.85224	0.780406	1.96956	0.451697
1.89849	2.20759	1.89921	2.20831	0.652402	1.70401	0.890416	0.662405	1.28287	0.0475899	1.4613	1.39677	1.74168	0.202582	2.15879	1.16121e-005	0.439141	2.1201	0.659229	0.720843	0.975931	0.866221	1.12861	1.00545	1.5184	0.121352	1.85449	0.77861	1.97089	0.47459
1.89211	2.20108	1.89283	2.20181	0.657299	1.6812	0.892387	0.700984	1.2829	0.0504329	1.46535	1.40707	1.74228	0.212414	2.15879	0.00446231	0.44523	2.08923	0.661402	0.782618	0.978417	0.852415	1.13081	1.03463	1.51877	0.130287	1.85674	0.775602	1.9723	0.49835
1.88576	2.19455	1.88647	2.19529	0.662128	1.65744	0.894471	0.740606	1.28295	0.0544555	1.46891	1.41552	1.74291	0.222669	2.15881	0.00898169	0.451227	2.05703	0.663756	0.845903	0.980863	0.838413	1.13346	1.06871	1.51916	0.139567	1.85898	0.771515	1.97378	0.522967
1.87942	2.18798	1.88013	2.18874	0.666887	1.63279	0.896672	0.781158	1.28301	0.0589013	1.47196	1.42233	1.74357	0.233307	2.15885	0.01358	0.457129	2.02361	0.666296	0.910527	0.983267	0.824372	1.1366	1.10744	1.51952	0.147953	1.8612	0.766321	1.97533	0.548478
1.8731	2.18144	1.87381	2.18219	0.671574	1.60735	0.89899	0.822527	1.28309	0.0650379	1.47449	1.42768	1.74426	0.244356	2.15889	0.0182777	0.462933	1.9892	0.669024	0.976289	0.985631	0.810399	1.13986	1.14562	1.51984	0.15527	1.86341	0.760022	1.97695	0.574787
1.8668	2.17489	1.86751	2.17562	0.676185	1.58128	0.90143	0.864683	1.28322	0.0728772	1.4765	1.43171	1.74498	0.255881	2.15895	0.0229989	0.468637	1.95405	0.671943	1.04297	0.987955	0.796693	1.14323	1.18311	1.52013	0.161514	1.8656	0.752742	1.97865	0.601871
1.86052	2.16835	1.86123	2.1691	0.680721	1.55466	0.903992	0.907408	1.28338	0.0824039	1.47798	1.4347	1.74574	0.267887	2.15902	0.0277673	0.474237	1.91839	0.675057	1.11023	0.99024	0.783471	1.14671	1.21977	1.52036	0.166531	1.86777	0.744491	1.98043	0.629746
1.85425	2.1618	1.85496	2.16253	0.685179	1.52759	0.906679	0.950623	1.28361	0.0937169	1.47893	1.43656	1.74653	0.280331	2.15911	0.0326297	0.479735	1.88248	0.678366	1.1778	0.992488	0.770813	1.15029	1.25547	1.52053	0.170261	1.86991	0.73535	1.98229	0.658271
1.84801	2.15525	1.84872	2.156	0.689558	1.50024	0.909492	0.994198	1.2839	0.106969	1.4803	1.43898	1.74736	0.293299	2.15921	0.0375637	0.485128	1.84659	0.681871	1.24548	0.994699	0.758846	1.15397	1.29019	1.52064	0.17276	1.87202	0.725367	1.98424	0.687392
1.84179	2.14875	1.84249	2.14949	0.693858	1.47275	0.912431	1.03795	1.28422	0.12046	1.48179	1.44161	1.74823	0.30679	2.15933	0.0425822	0.490417	1.81106	0.685571	1.31282	0.996878	0.74775	1.15775	1.32375	1.52081	0.176336	1.8741	0.71463	1.98627	0.717121
1.83558	2.1423	1.83628	2.14301	0.698078	1.44527	0.915496	1.0818	1.28459	0.134187	1.48381	1.44508	1.74902	0.318932	2.15946	0.0476528	0.495604	1.77606	0.689465	1.37959	0.999025	0.737557	1.16163	1.35608	1.52099	0.180162	1.87615	0.703266	1.98839	0.747308
1.82939	2.13588	1.83009	2.13658	0.702219	1.41792	0.918689	1.12549	1.285	0.148179	1.48639	1.44919	1.74971	0.329609	2.15961	0.0527694	0.500691	1.74193	0.693552	1.4455	1.00114	0.728371	1.1656	1.38717	1.52125	0.185493	1.87817	0.691345	1.99059	0.777826
1.82323	2.12958	1.82392	2.13028	0.706281	1.39086	0.922007	1.16892	1.28545	0.162478	1.4895	1.45385	1.75031	0.338669	2.15977	0.0579778	0.505681	1.70895	0.697827	1.51014	1.00324	0.72036	1.16965	1.41694	1.52159	0.192397	1.88015	0.678957	1.99289	0.808655
1.81707	2.12347	1.81777	2.12417	0.710265	1.36427	0.925451	1.21193	1.28594	0.177048	1.49318	1.45879	1.75079	0.345978	2.15994	0.0632531	0.510578	1.6773	0.702288	1.57332	1.00531	0.713491	1.17379	1.4453	1.52201	0.200977	1.88185	0.667843	1.99527	0.839698
1.81094	2.11767	1.81163	2.1183	0.714173	1.33821	0.929018	1.2543	1.28647	0.191958	1.4974	1.46377	1.75115	0.351482	2.16013	0.0686035	0.515384	1.64724	0.706929	1.6347	1.00737	0.707866	1.17801	1.47224	1.52253	0.211344	1.88328	0.658239	1.99775	0.870816
1.80482	2.11257	1.80551	2.11306	0.718006	1.31286	0.932707	1.29599	1.28705	0.207213	1.50164	1.46807	1.75138	0.355043	2.16034	0.0740461	0.520107	1.61895	0.711745	1.69408	1.00941	0.703534	1.18231	1.49778	1.52316	0.223539	1.88444	0.6502	2.00031	0.901912
1.79872	2.10926	1.79941	2.10946	0.721768	1.28835	0.936515	1.33676	1.28767	0.222757	1.5059	1.4716	1.75172	0.360161	2.16056	0.0795558	0.52475	1.5926	0.716729	1.75123	1.01144	0.700521	1.18668	1.52185	1.52382	0.236151	1.88535	0.643776	2.00296	0.932902
1.79262	2.11322	1.79331	2.11185	0.725459	1.26479	0.94044	1.37648	1.28834	0.238709	1.51016	1.47435	1.7521	0.365868	2.1608	0.0851416	0.52932	1.56832	0.721875	1.80592	1.01346	0.698898	1.19111	1.54446	1.52452	0.249264	1.88601	0.639122	2.00535	0.959771
1.78649	1.98821	1.78719	1.97185	0.729084	1.24225	0.944478	1.41507	1.28905	0.255011	1.51442	1.47632	1.75262	0.37376	2.16105	0.0908211	0.533823	1.54622	0.727176	1.85801	1.01548	0.698612	1.19561	1.56562	1.52526	0.262744	1.88643	0.636099	2.00744	0.982491
1.78112	2.39844	1.7819	2.36947	0.732646	1.22088	0.948626	1.45233	1.28981	0.271692	1.5187	1.4775	1.75329	0.383829	2.16132	0.096571	0.538265	1.52634	0.732624	1.90737	1.0175	0.699754	1.20017	1.58534	1.52604	0.27667	1.88703	0.631735	2.0092	1.00113
1.77262	2.80373	1.77348	2.78794	0.736147	1.20073	0.95288	1.48823	1.29063	0.288826	1.52297	1.47789	1.75413	0.396435	2.16157	0.101649	0.542652	1.50872	0.73821	1.9539	1.01953	0.702341	1.20478	1.60358	1.52686	0.291083	1.88768	0.62702	2.01061	1.01577
1.7649	2.67589	1.76578	2.67368	0.739592	1.18183	0.957235	1.52262	1.29149	0.306332	1.52725	1.47738	1.75515	0.411656	2.1618	0.106059	0.546993	1.4934	0.743927	1.9975	1.02156	0.706322	1.20945	1.62036	1.52773	0.305943	1.88856	0.620554	2.01167	1.02647
1.75714	2.68477	1.75802	2.68427	0.742984	1.16429	0.961688	1.55542	1.2924	0.324288	1.53152	1.47608	1.75636	0.429647	2.16199	0.109716	0.551292	1.48036	0.749766	2.03814	1.02361	0.711789	1.21416	1.63578	1.52863	0.32129	1.88966	0.612506	2.01235	1.03326
1.74937	2.68717	1.75025	2.68703	0.746327	1.14813	0.966233	1.5866	1.29336	0.342701	1.53579	1.47396	1.75763	0.44837	2.16214	0.112607	0.555556	1.46955	0.755718	2.07581	1.02568	0.7187	1.21891	1.64981	1.52958	0.337114	1.89096	0.602823	2.01334	1.04294
1.7416	2.68793	1.74247	2.68787	0.749626	1.13339	0.970867	1.61604	1.29438	0.361607	1.54005	1.47098	1.75896	0.467752	2.16226	0.114789	0.559793	1.46093	0.761774	2.11051	1.02777	0.727064	1.2237	1.6624	1.53058	0.35344	1.89247	0.591627	2.01442	1.0535
1.73382	2.68805	1.7347	2.68804	0.752884	1.12006	0.975582	1.6437	1.29545	0.380992	1.5443	1.46709	1.76034	0.487755	2.16234	0.116182	0.564008	1.45446	0.767927	2.14218	1.02989	0.736942	1.22853	1.67366	1.53163	0.370308	1.89416	0.579073	2.01591	1.06775
1.72604	2.68782	1.72692	2.68786	0.756105	1.10816	0.980375	1.66956	1.29658	0.400881	1.54853	1.46234	1.76178	0.508508	2.16245	0.118205	0.568207	1.44999	0.774167	2.17086	1.03203	0.748279	1.23338	1.68359	1.53273	0.387682	1.89582	0.566837	2.01782	1.08541
1.71827	2.68742	1.71915	2.68749	0.759294	1.09772	0.98524	1.6936	1.29777	0.421283	1.55275	1.45675	1.76328	0.530014	2.16257	0.120449	0.572396	1.44747	0.780485	2.19663	1.03422	0.761163	1.23827	1.6922	1.53387	0.405541	1.89744	0.555052	2.02018	1.10655
1.7105	2.68692	1.71138	2.68698	0.762455	1.08869	0.990173	1.71578	1.29902	0.442206	1.55696	1.45028	1.76484	0.552161	2.16274	0.123422	0.57658	1.44688	0.786874	2.2195	1.03644	0.775522	1.24317	1.69952	1.53507	0.423966	1.89903	0.543725	2.023	1.13089
1.70273	2.68632	1.7036	2.68638	0.765592	1.08109	0.995166	1.73607	1.30033	0.463739	1.56114	1.44289	1.76647	0.575036	2.16297	0.127238	0.580766	1.44802	0.793325	2.2395	1.0387	0.791407	1.2481	1.70554	1.53632	0.442994	1.90058	0.53295	2.02631	1.15811
1.69496	2.68565	1.69584	2.68576	0.768709	1.07483	1.00022	1.75455	1.3017	0.485811	1.56531	1.43464	1.76817	0.598656	2.16324	0.131966	0.584957	1.4508	0.799829	2.25665	1.04102	0.808903	1.25304	1.71034	1.53763	0.462528	1.90211	0.522771	2.0297	1.1846
1.68719	2.68496	1.68807	2.68504	0.77181	1.06989	1.00532	1.77112	1.30314	0.508445	1.56944	1.42555	1.76994	0.622969	2.16358	0.137556	0.589159	1.45524	0.806379	2.27108	1.04338	0.827934	1.25799	1.71393	1.539	0.482637	1.90361	0.513153	2.03316	1.2103
1.67943	2.68416	1.6803	2.68426	0.774899	1.06631	1.01046	1.78583	1.30465	0.53174	1.57355	1.4156	1.77177	0.648009	2.16399	0.144084	0.593376	1.4611	0.812967	2.28276	1.04581	0.84855	1.26295	1.71631	1.54043	0.503354	1.90508	0.504196	2.0367	1.23518
1.67166	2.68333	1.67254	2.68344	0.777979	1.06399	1.01565	1.79873	1.30622	0.555628	1.57763	1.40481	1.77368	0.673704	2.16442	0.150707	0.597611	1.46839	0.819585	2.29172	1.04829	0.870778	1.26792	1.71753	1.54191	0.524609	1.90652	0.495891	2.04031	1.25919
1.6639	2.68247	1.66478	2.68257	0.781054	1.06289	1.02087	1.80977	1.30786	0.580104	1.58168	1.39326	1.77567	0.700078	2.16486	0.157437	0.60187	1.47703	0.826225	2.29802	1.05084	0.894658	1.27289	1.71756	1.54346	0.546484	1.90795	0.488291	2.04398	1.28232
1.65615	2.68157	1.65702	2.68165	0.784128	1.06302	1.02612	1.819	1.30957	0.605225	1.58569	1.3809	1.77773	0.727083	2.16533	0.164307	0.606156	1.4869	0.832879	2.30172	1.05347	0.920211	1.27786	1.71646	1.54507	0.568932	1.90935	0.481365	2.04773	1.30455
1.64839	2.68059	1.64927	2.68069	0.787203	1.06425	1.03139	1.82645	1.31136	0.63102	1.58967	1.36777	1.77988	0.754724	2.16581	0.171277	0.610472	1.49797	0.83954	2.30284	1.05617	0.947419	1.28282	1.71428	1.54675	0.591987	1.91073	0.475068	2.05153	1.32592
1.64064	2.67957	1.64151	2.6797	0.790284	1.06658	1.03668	1.83219	1.31322	0.657472	1.59361	1.35396	1.7821	0.782977	2.16632	0.178385	0.614821	1.51019	0.846201	2.30138	1.05895	0.976361	1.28777	1.71099	1.5485	0.615638	1.9121	0.469495	2.0554	1.34642
1.63289	2.67852	1.63376	2.67865	0.793373	1.07	1.04199	1.8362	1.31516	0.684545	1.5975	1.33952	1.78441	0.81171	2.16685	0.185678	0.619208	1.52349	0.852854	2.29744	1.06181	1.00702	1.29272	1.70669	1.55031	0.63985	1.91345	0.464606	2.05932	1.36599
1.62514	2.67741	1.62602	2.67754	0.796474	1.0744	1.0473	1.8385	1.31718	0.71228	1.60135	1.32447	1.7868	0.840946	2.16739	0.193064	0.623635	1.53786	0.859491	2.291	1.06477	1.0394	1.29765	1.70136	1.5522	0.664664	1.91479	0.460379	2.0633	1.38469
1.6174	2.67625	1.61827	2.67638	0.799589	1.07975	1.05262	1.83918	1.31928	0.740695	1.60516	1.30886	1.78927	0.870638	2.16796	0.200584	0.628105	1.5533	0.866107	2.28211	1.06783	1.07353	1.30256	1.69504	1.55416	0.690042	1.91611	0.456834	2.06733	1.4025
1.60966	2.67503	1.61053	2.67516	0.80272	1.08605	1.05794	1.83823	1.32147	0.769773	1.60893	1.29278	1.79183	0.900704	2.16855	0.208258	0.632621	1.59442	0.872693	2.2708	1.07098	1.10938	1.30745	1.68773	1.55619	0.715994	1.91743	0.453922	2.07141	1.41945
1.60193	2.67376	1.6028	2.6739	0.805872	1.0932	1.06326	1.83572	1.32374	0.799474	1.61264	1.27627	1.79448	0.931075	2.16917	0.216098	0.637328	1.58743	0.879243	2.25715	1.07424	1.147	1.31232	1.67952	1.5583	0.742466	1.91874	0.451648	2.07554	1.43552
1.59419	2.67245	1.59507	2.6726	0.809045	1.10119	1.06856	1.83168	1.32609	0.829807	1.61631	1.25943	1.79722	0.961655	2.1698	0.224107	0.641804	1.58157	0.885751	2.24117	1.07762	1.18631	1.31717	1.67045	1.56049	0.769491	1.92004	0.450014	2.07972	1.45076
1.58647	2.67105	1.58734	2.67123	0.812242	1.11003	1.07385	1.82616	1.32854	0.860749	1.61993	1.24239	1.80004	0.992429	2.17046	0.232231	0.646478	1.62614	0.892208	2.22293	1.08111	1.22727	1.32199	1.66051	1.56275	0.797026	1.92134	0.449022	2.08393	1.46517
1.57874	2.6696	1.57961	2.66977	0.815466	1.1196	1.07913	1.81922	1.33107	0.892287	1.6235	1.22513	1.80296	1.02333	2.17115	0.240558	0.651211	1.64749	0.89861	2.20259	1.08472	1.2698	1.32678	1.64978	1.5651	0.825021	1.92264	0.448614	2.08819	1.47871
1.57102	2.6681	1.57189	2.66825	0.818719	1.12987	1.08438	1.8109	1.3337	0.924387	1.62701	1.20777	1.80596	1.0542	2.17186	0.249075	0.656008	1.67032	0.90495	2.18013	1.08845	1.31391	1.33153	1.63832	1.56752	0.85345	1.92394	0.448789	2.09249	1.49147
1.56331	2.6665	1.56418	2.66668	0.822002	1.14088	1.0896	1.80128	1.33642	0.95703	1.63048	1.19041	1.80906	1.08498	2.17259	0.257744	0.660874	1.69485	0.911222	2.15569	1.09232	1.35946	1.33625	1.62618	1.57003	0.8823	1.92523	0.449549	2.09682	1.5034
1.5556	2.66488	1.55647	2.66506	0.825319	1.15255	1.0948	1.79039	1.33924	0.990149	1.6339	1.17314	1.81224	1.11561	2.17335	0.266607	0.665813	1.7214	0.917421	2.12947	1.09632	1.4063	1.34094	1.6134	1.57263	0.911536	1.92654	0.450864	2.10119	1.51453
1.54789	2.66315	1.54876	2.66334	0.82867	1.16484	1.09996	1.77832	1.34215	1.02371	1.63727	1.1561	1.81551	1.14598	2.17413	0.275654	0.670832	1.75021	0.923541	2.10153	1.10045	1.45432	1.34559	1.60002	1.57531	0.941054	1.92784	0.452748	2.10558	1.52489
1.54019	2.66134	1.54106	2.66154	0.832057	1.17776	1.10509	1.76515	1.34516	1.05767	1.64059	1.13928	1.81887	1.176	2.17494	0.28491	0.675938	1.78174	0.929578	2.07207	1.10473	1.50331	1.3502	1.58615	1.57807	0.970886	1.92916	0.455151	2.11001	1.53448
1.53249	2.65948	1.53336	2.65969	0.835483	1.19129	1.11017	1.75092	1.34827	1.09194	1.64386	1.1228	1.82232	1.20562	2.17578	0.294388	0.681139	1.81644	0.935528	2.04133	1.10915	1.55316	1.35476	1.57185	1.58092	1.00091	1.93048	0.458076	2.11446	1.54331
1.52481	2.6575	1.52567	2.65774	0.838949	1.20542	1.11522	1.7357	1.35148	1.12652	1.64708	1.1068	1.82585	1.23474	2.17664	0.304034	0.686446	1.85476	0.941387	2.00943	1.11372	1.60362	1.35929	1.55719	1.58386	1.03108	1.93181	0.461554	2.11893	1.55137
1.51712	2.65547	1.51799	2.6557	0.842456	1.22008	1.12021	1.71966	1.35478	1.16131	1.65026	1.09126	1.82946	1.26329	2.17754	0.313941	0.691869	1.89723	0.947152	1.97662	1.11843	1.65444	1.36377	1.54221	1.58689	1.06141	1.93315	0.465543	2.12343	1.55868
1.50944	2.65334	1.51031	2.65356	0.846007	1.2353	1.12516	1.70278	1.35819	1.19623	1.6534	1.0763	1.83315	1.29116	2.17846	0.324065	0.697421	1.94429	0.952822	1.94319	1.12329	1.70541	1.36821	1.52707	1.59	1.09174	1.9345	0.469991	2.12795	1.56522
1.50177	2.65106	1.50264	2.65132	0.849602	1.25109	1.13006	1.68517	1.3617	1.23116	1.65649	1.06204	1.83693	1.31832	2.17941	0.334385	0.703116	1.99604	0.958394	1.90935	1.12829	1.75631	1.3726	1.51181	1.5932	1.12201	1.93586	0.474932	2.13249	1.57104
1.49411	2.64873	1.49497	2.64901	0.853244	1.26739	1.13491	1.66702	1.36532	1.26607	1.65954	1.04849	1.84078	1.34473	2.18039	0.345009	0.708968	2.05224	0.963867	1.87534	1.13345	1.80689	1.37696	1.49647	1.59649	1.15222	1.93725	0.480353	2.13704	1.57611
1.48645	2.6463	1.48731	2.6466	0.856934	1.28425	1.13971	1.6483	1.36903	1.3009	1.66256	1.03566	1.84471	1.37026	2.18141	0.355871	0.714988	2.11224	0.969242	1.84136	1.13875	1.85683	1.38126	1.48123	1.59987	1.18222	1.93864	0.486277	2.14161	1.58045
1.4788	2.64376	1.47966	2.64406	0.860674	1.30165	1.14445	1.62915	1.37284	1.3355	1.66553	1.0237	1.84871	1.39489	2.18245	0.366969	0.721187	2.17464	0.974519	1.80775	1.14419	1.90596	1.38552	1.46611	1.60333	1.21198	1.94006	0.492686	2.14618	1.58405
1.47116	2.64107	1.47202	2.64138	0.864464	1.31964	1.14913	1.60971	1.37675	1.36977	1.66848	1.01266	1.85278	1.41862	2.18353	0.378303	0.727569	2.23748	0.9797	1.7747	1.14977	1.95398	1.38974	1.45118	1.60688	1.24143	1.94149	0.499543	2.15077	1.58694
1.46352	2.63827	1.46438	2.63859	0.868308	1.33819	1.15376	1.58999	1.38077	1.40364	1.67139	1.0025	1.85691	1.44136	2.18464	0.389958	0.734131	2.29867	0.984786	1.74241	1.15549	2.0007	1.39392	1.43662	1.61051	1.27047	1.94295	0.506856	2.15536	1.58908
1.45589	2.63536	1.45675	2.63569	0.872206	1.35731	1.15833	1.5702	1.38487	1.43706	1.67428	0.993272	1.86111	1.46307	2.18579	0.401892	0.740866	2.35625	0.98978	1.71109	1.16135	2.04596	1.39805	1.42248	1.61423	1.29905	1.94443	0.514632	2.15996	1.59047
1.44827	2.63229	1.44913	2.63263	0.87616	1.37709	1.16284	1.55038	1.38908	1.46989	1.67714	0.985035	1.86538	1.48377	2.18697	0.414081	0.747762	2.40862	0.994685	1.68095	1.16733	2.08951	1.40215	1.40883	1.61803	1.32706	1.94593	0.522873	2.16456	1.59114
1.44067	2.62907	1.44152	2.62945	0.880172	1.3975	1.1673	1.53056	1.39338	1.50202	1.67997	0.977849	1.8697	1.50338	2.18818	0.426602	0.7548	2.45494	0.999504	1.65209	1.17343	2.13121	1.4062	1.39576	1.62191	1.35448	1.94745	0.53158	2.16917	1.59109
1.43307	2.62572	1.43392	2.62612	0.884244	1.41857	1.1717	1.51095	1.39777	1.5334	1.68279	0.971685	1.87407	1.52192	2.18943	0.439436	0.761963	2.49504	1.00424	1.6246	1.17966	2.17096	1.41022	1.38338	1.62587	1.38122	1.949	0.540724	2.17377	1.59034
1.42548	2.62224	1.42633	2.62262	0.888378	1.44038	1.17604	1.49156	1.40225	1.56389	1.6856	0.966529	1.8785	1.53934	2.19072	0.452572	0.769234	2.52914	1.0089	1.5987	1.18599	2.2086	1.41421	1.37178	1.6299	1.40721	1.95058	0.550321	2.17837	1.5888
1.4179	2.61855	1.41875	2.619	0.892577	1.46297	1.18033	1.47249	1.40681	1.59349	1.68839	0.962461	1.88298	1.55567	2.19205	0.466005	0.776594	2.55776	1.01349	1.57439	1.19243	2.24404	1.41816	1.36102	1.63401	1.43238	1.95218	0.560378	2.18296	1.5865
1.41033	2.61468	1.41118	2.61514	0.896842	1.48645	1.18456	1.45382	1.41147	1.6221	1.69116	0.959463	1.8875	1.57094	2.19342	0.479821	0.78403	2.58165	1.01801	1.55168	1.19897	2.27724	1.42208	1.35117	1.63818	1.45669	1.95382	0.570869	2.18754	1.58352
1.40277	2.61068	1.40362	2.61112	0.901176	1.51081	1.18874	1.4356	1.4162	1.64958	1.69394	0.957555	1.89207	1.58506	2.19483	0.493974	0.791529	2.60154	1.02247	1.53072	1.20561	2.30813	1.42597	1.34238	1.64243	1.48011	1.95549	0.581841	2.19212	1.57977
1.39522	2.60646	1.39608	2.60694	0.905581	1.53614	1.19286	1.41795	1.42101	1.67589	1.6967	0.956718	1.89667	1.59808	2.19628	0.508441	0.79908	2.61803	1.02687	1.51142	1.21233	2.33666	1.42985	1.33466	1.64675	1.50255	1.95719	0.593257	2.19668	1.5753
1.38769	2.60201	1.38854	2.60254	0.910062	1.56256	1.19694	1.40087	1.42589	1.70102	1.69947	0.956942	1.90131	1.60999	2.19777	0.523299	0.806674	2.63174	1.03121	1.49379	1.21912	2.36282	1.4337	1.32811	1.65112	1.52399	1.95892	0.605158	2.20123	1.5729
1.38017	2.59737	1.38102	2.59795	0.914621	1.59011	1.20097	1.38444	1.43085	1.72489	1.70224	0.958252	1.90598	1.62083	2.19931	0.538529	0.814304	2.64315	1.03551	1.47785	1.226	2.38659	1.43753	1.32285	1.65556	1.54441	1.96069	0.617507		
1.37267	2.59253	1.37351	2.59309	0.919261	1.61888	1.20495	1.36868	1.43587	1.7474	1.70501	0.96066	1.91069	1.63057	2.20089	0.546234	0.821965	2.65268	1.03976	1.46354	1.23293	2.40797	1.44135	1.31885	1.66006	1.56371	1.96249	0.630312		
1.36517	2.58747	1.36602	2.58804	0.923986	1.64898	1.20888	1.35365	1.44096	1.76853	1.7078	0.964171	1.91542	1.63918			0.82965	2.66063	1.04397	1.45078	1.23993	2.42698	1.44516	1.31626	1.66461	1.58194	1.96433	0.64361		
1.3577	2.58214	1.35854	2.58274	0.9288	1.68047	1.21278	1.33938	1.4461	1.78829	1.71059	0.968732	1.92017	1.64678			0.837356	2.6673	1.04815	1.43954	1.24697	2.44356	1.44896	1.31515	1.66921	1.59904	1.96621	0.657357		
1.35024	2.57656	1.35108	2.57717	0.933707	1.7134	1.21663	1.32585	1.4513	1.80662	1.7134	0.974342	1.92494	1.65333			0.84508	2.67291	1.0523	1.42981	1.25406	2.45775	1.45277	1.31552	1.67386	1.61495	1.96814	0.671593		
1.34279	2.57071	1.34363	2.5714	0.938712	1.74783	1.22045	1.31316	1.45655	1.82347	1.71623	0.981033	1.92973	1.65883			0.852819	2.67761	1.05642	1.42144	1.26119	2.46958	1.45657	1.31755	1.67855	1.62974	1.9701	0.686277		
1.33537	2.56456	1.3362	2.56529	0.943818	1.78374	1.22423	1.30129	1.46185	1.83884	1.71908	0.988789	1.93454	1.66333			0.86057	2.68157	1.06052	1.41442	1.26835	2.47899	1.46039	1.32125	1.68329	1.64335	1.97211	0.701448		
1.32796	2.55818	1.32879	2.55891	0.949031	1.82107	1.22798	1.29021	1.46719	1.85267	1.72195	0.997605	1.93936	1.6668			0.868332	2.68489	1.06461	1.40869	1.27553	2.48607	1.46422	1.32667	1.68806	1.65577	1.97416	0.717126		
1.32057	2.55147	1.3214	2.55224	0.954353	1.85977	1.23169	1.27997	1.47257	1.86501	1.72485	1.00748	1.94418	1.6693			0.876102	2.68769	1.06867	1.40413	1.28273	2.49072	1.46806	1.3339	1.69287	1.66701	1.97625	0.733261		
1.3132	2.54444	1.31403	2.54525	0.95979	1.89966	1.23538	1.27053	1.47798	1.87583	1.72778	1.0184	1.94901	1.67084			0.88388	2.69006	1.07273	1.40074	1.28994	2.49293	1.47193	1.34301	1.6977	1.67706	1.9784	0.74986		
1.30585	2.53709	1.30668	2.53795	0.965343	1.94046	1.23904	1.26192	1.48342	1.88509	1.73074	1.03032	1.95385	1.67144			0.891664	2.69206	1.07678	1.39843	1.29715	2.49277	1.47583	1.35408	1.70257	1.68595	1.98059	0.766981		
1.29852	2.52941	1.29935	2.53029	0.971015	1.98192	1.24268	1.25411	1.48889	1.89285	1.73374	1.04326	1.95868	1.67109			0.899453	2.69367	1.08082	1.39707	1.30436	2.49018	1.47977	1.36716	1.70746	1.69366	1.98284	0.784598		
1.29121	2.52141	1.29204	2.52233	0.976808	2.02363	1.2463	1.24705	1.49437	1.89904	1.73677	1.05724	1.96352	1.66984			0.907247	2.695	1.08486	1.39668	1.31156	2.48512	1.48374	1.38234	1.71237	1.70018	1.98513	0.802667		
1.28393	2.51305	1.28475	2.51402	0.982722	2.06517	1.2499	1.2408	1.49987	1.90374	1.73985	1.07223	1.96834	1.6677			0.915044	2.69611	1.0889	1.39719	1.31874	2.47762	1.48776	1.39966	1.71729	1.70557	1.98748	0.821225		
1.27668	2.50429	1.2775	2.50533	0.988755	2.10615	1.25348	1.23531	1.50538	1.90694	1.74298	1.08823	1.97316	1.66472			0.922843	2.69695	1.09294	1.39852	1.32589	2.46762	1.49184	1.41919	1.72223	1.70984	1.98988	0.840233		
1.26945	2.49518	1.27026	2.49626	0.994906	2.14607	1.25704	1.23055	1.5109	1.90862	1.74615	1.10517	1.97797	1.66096			0.930645	2.69764	1.09699	1.40062	1.33301	2.45509	1.49597	1.44096	1.72718	1.71297	1.99234	0.859727		
1.26224	2.48573	1.26305	2.48681	1.00117	2.18452	1.26059	1.22651	1.51642	1.90885	1.74937	1.1231	1.98277	1.65633			0.938449	2.69813	1.10104	1.40342	1.34009	2.44	1.50017	1.46505	1.73214	1.71503	1.99486	0.879729		
1.25507	2.47587	1.25588	2.47698	1.00754	2.22122	1.26414	1.22317	1.52195	1.90759	1.75264	1.14197	1.98756	1.65095			0.946254	2.69846	1.10511	1.40696	1.34713	2.4224	1.50445	1.49149	1.7371	1.71603	1.99743	0.900129		
1.24792	2.46562	1.24873	2.46679	1.01402	2.25587	1.26767	1.22054	1.52746	1.90492	1.75598	1.16178	1.99232	1.64484			0.95406	2.69868	1.10918	1.41112	1.35411	2.4023	1.5088	1.52026	1.74207	1.71598	2.00006	0.920992		
1.2408	2.455	1.24161	2.45621	1.02059	2.28824	1.2712	1.21852	1.53297	1.90084	1.75937	1.18249	1.99707	1.63802			0.961866	2.69877	1.11327	1.41583	1.36102	2.37965	1.51324	1.55135	1.74703	1.7149	2.00276	0.942321		
1.23372	2.44398	1.23452	2.44522	1.02726	2.31821	1.27472	1.21713	1.53846	1.89538	1.76282	1.20406	2.0018	1.63052			0.969672	2.69872	1.11737	1.42111	1.36787	2.35454	1.51778	1.58478	1.75199	1.71284	2.00551	0.963998		
1.22666	2.43258	1.22746	2.43388	1.034	2.34582	1.27824	1.21635	1.54393	1.88862	1.76633	1.22651	2.0065	1.62238			0.977478	2.69855	1.12149	1.4269	1.37464	2.327	1.52241	1.62051	1.75694	1.70985	2.00833	0.986114		
1.21965	2.42082	1.22044	2.42219	1.04083	2.37104	1.28176	1.21616	1.54938	1.88056	1.76991	1.24974	2.01118	1.61367			0.985283	2.69829	1.12563	1.43319	1.38133	2.29714	1.52715	1.65838	1.76188	1.70597	2.01122	1.00862		
1.21266	2.40868	1.21345	2.41007	1.04772	2.394	1.28527	1.21654	1.55481	1.87125	1.77356	1.27374	2.01584	1.60438			0.993087	2.69796	1.12978	1.43989	1.38793	2.26508	1.532	1.69833	1.76681	1.70119	2.01417	1.03145		
1.20571	2.39622	1.20649	2.39764	1.05468	2.41479	1.28879	1.21743	1.56021	1.86075	1.77728	1.29847	2.02046	1.59459			1.00089	2.69753	1.13396	1.44704	1.39444	2.231	1.53698	1.74018	1.77172	1.69561	2.01719	1.05463		
1.1988	2.3834	1.19958	2.38488	1.06169	2.43355	1.29232	1.21886	1.56557	1.8491	1.78107	1.3239	2.02506	1.58435			1.00869	2.69699	1.13815	1.45462	1.40084	2.19503	1.54207	1.78372	1.77662	1.68926	2.02027	1.07811		
1.19192	2.37025	1.1927	2.37174	1.06875	2.45043	1.29585	1.22078	1.5709	1.83638	1.78494	1.34997	2.02963	1.57374			1.01649	2.69637	1.14237	1.46253	1.40713	2.15736	1.54729	1.8288	1.78149	1.68214	2.02342	1.10183		
1.18509	2.35686	1.18586	2.35837	1.07587	2.46562	1.29938	1.22314	1.5762	1.82266	1.78888	1.37658	2.03417	1.56274			1.02429	2.69568	1.14661	1.47078	1.41332	2.11833	1.55265	1.87512	1.78635	1.67441	2.02664	1.12581		
1.17829	2.34316	1.17905	2.34473	1.08302	2.47926	1.30292	1.22599	1.58145	1.80797	1.7929	1.40365	2.03867	1.55139			1.03209	2.6949	1.15088	1.47937	1.41939	2.07822	1.55814	1.92235	1.79118	1.66604	2.02994	1.14999		
1.17153	2.32922	1.17229	2.33081	1.09021	2.49149	1.30647	1.22925	1.58666	1.79244	1.797	1.43118	2.04314	1.53982			1.03988	2.69404	1.15517	1.48831	1.42534	2.03728	1.56377	1.97027	1.79599	1.65707	2.0333	1.17432		
1.16481	2.31511	1.16557	2.31672	1.09743	2.50248	1.31003	1.2329	1.59182	1.77612	1.80118	1.45908	2.04758	1.52807			1.04767	2.69311	1.15949	1.49749	1.43117	1.99581	1.56954	2.01848	1.80077	1.64764	2.03673	1.19881		
1.15814	2.30081	1.15889	2.30244	1.10468	2.5123	1.3136	1.23697	1.59693	1.75905	1.80544	1.48726	2.05198	1.51621			1.05546	2.69207	1.16384	1.50695	1.43689	1.95418	1.57545	2.06665	1.80552	1.63776	2.04023	1.22332		
1.1515	2.2864	1.15225	2.28801	1.11196	2.5211	1.31719	1.24143	1.60199	1.7414	1.80979	1.51563	2.05635	1.50426			1.06324	2.69093	1.16821	1.51674	1.44248	1.91272	1.5815	2.11452	1.81024	1.6275	2.04381	1.24785		
1.14491	2.27191	1.14565	2.27353	1.11927	2.529	1.32079	1.24623	1.607	1.7232	1.81421	1.54408	2.06068	1.4923			1.07103	2.68972	1.17261	1.52672	1.44795	1.87168	1.58768	2.16168	1.81493	1.61697	2.04745	1.27235		
1.13836	2.25734	1.1391	2.25901	1.12659	2.53608	1.3244	1.25135	1.61196	1.70451	1.81872	1.57253	2.06498	1.48039			1.0788	2.68838	1.17704	1.53696	1.45331	1.83141	1.594	2.20787	1.8196	1.60615	2.05117	1.29679		
1.13185	2.24282	1.13259	2.24445	1.13394	2.54245	1.32802	1.2568	1.61686	1.68553	1.82331	1.60095	2.06925	1.46862			1.08658	2.68693	1.1815	1.54749	1.45855	1.79217	1.60045	2.25282	1.82423	1.59519	2.05495	1.32113		
1.12539	2.22832	1.12612	2.22994	1.1413	2.54815	1.33167	1.26256	1.62171	1.66626	1.82798	1.62921	2.07348	1.45701			1.09435	2.68538	1.18599	1.55825	1.46367	1.75424	1.60703	2.29627	1.82882	1.58416	2.05881	1.34525		
1.11896	2.21393	1.11969	2.21558	1.14868	2.55322	1.33533	1.26863	1.6265	1.64677	1.83273	1.65719	2.07768	1.44559			1.10211	2.68373	1.19051	1.56924	1.46869	1.71771	1.61374	2.338	1.83339	1.57312	2.06273	1.36914		
1.11258	2.19977	1.1133	2.20136	1.15607	2.55777	1.33901	1.27499	1.63124	1.62721	1.83757	1.68482	2.08184	1.43454			1.10987	2.68188	1.19507	1.58043	1.47361	1.68283	1.62056	2.3778	1.83792	1.56214	2.06673	1.39271		
1.10624	2.1858	1.10695	2.18734	1.16348	2.56185	1.3427	1.28162	1.63592	1.60765	1.84248	1.71199	2.08597	1.42384			1.11763	2.67991	1.19966	1.59189	1.47843	1.64973	1.62749	2.41558	1.84243	1.5513	2.07079	1.41595		
1.09993	2.17207	1.10064	2.17361	1.17089	2.5655	1.34642	1.2885	1.64054	1.58814	1.84747	1.7386	2.09008	1.41356			1.12538	2.67781	1.20428	1.60364	1.48315	1.61842	1.63453	2.45124	1.8469	1.54069	2.07492	1.43882		
1.09367	2.15869	1.09438	2.16019	1.17832	2.56873	1.35016	1.29565	1.6451	1.5688	1.85254	1.76461	2.09415	1.40377			1.13312	2.67545	1.20893	1.6156	1.48779	1.58904	1.64167	2.48467	1.85134	1.53035	2.07911	1.46117		
1.08745	2.14577	1.08815	2.14719	1.18575	2.5716	1.35392	1.30302	1.64961	1.5497	1.85768	1.78995	2.0982	1.39449			1.14085	2.67289	1.21363	1.62782	1.49235	1.56158	1.64891	2.51578	1.85575	1.52045	2.08337	1.48305		
1.08126	2.13332	1.08196	2.13468	1.1932	2.57412	1.3577	1.31059	1.65407	1.53088	1.86289	1.81448	2.10222	1.38582			1.14858	2.67015	1.21835	1.64037	1.49683	1.53608	1.65623	2.54457	1.86013	1.511	2.08769	1.50438		
1.07511	2.12139	1.0758	2.1227	1.20064	2.57634	1.3615	1.31844	1.65847	1.51245	1.86817	1.83811	2.10622	1.37778			1.1563	2.66712	1.22311	1.65321	1.50123	1.51249	1.66363	2.57106	1.86449	1.5021	2.09208	1.52507		
1.06899	2.1101	1.06968	2.11136	1.2081	2.57827	1.36532	1.32651	1.66282	1.49441	1.87352	1.86079	2.11019	1.37045			1.16401	2.66376	1.22792	1.66638	1.50558	1.49074	1.6711	2.59524	1.86882	1.49382	2.09652	1.54508		
1.0629	2.09953	1.06359	2.1007	1.21556	2.5799	1.36917	1.33473	1.66712	1.47683	1.87894	1.8825	2.11414	1.36387			1.17171	2.66004	1.23275	1.67992	1.50986	1.4708	1.67864	2.61708	1.87313	1.48627	2.10101	1.56444		
1.05684	2.08981	1.05752	2.09085	1.22302	2.58131	1.37304	1.34318	1.67136	1.4598	1.88441	1.90311	2.11808	1.35807			1.1794	2.65596	1.23763	1.69387	1.51408	1.45265	1.68624	2.63665	1.87742	1.47954	2.10557	1.583		
1.05081	2.08099	1.05149	2.08194	1.23049	2.58248	1.37694	1.35185	1.67556	1.44334	1.88995	1.92259	2.122	1.35309			1.18708	2.65143	1.24255	1.70827	1.51826	1.43616	1.69389	2.65394	1.88169	1.47372	2.11017	1.60078		
1.0448	2.07316	1.04548	2.07401	1.23796	2.58341	1.38086	1.36069	1.67971	1.42746	1.89554	1.94089	2.12591	1.34897			1.19474	2.64636	1.24752	1.72318	1.52239	1.42122	1.70159	2.66898	1.88595	1.46885	2.11483	1.61779		
1.03882	2.06651	1.03949	2.06721	1.24544	2.58408	1.38481	1.36972	1.68382	1.41224	1.90118	1.95796	2.1298	1.3458			1.20238	2.64071	1.25252	1.73867	1.52648	1.40785	1.70933	2.68182	1.89019	1.46505	2.11953	1.63389		
1.03285	2.06114	1.03352	2.06166	1.25291	2.58456	1.38879	1.37891	1.68788	1.39765	1.90686	1.97376	2.13369	1.34357			1.21001	2.63434	1.25757	1.75486	1.53054	1.39591	1.71711	2.69239	1.89442	1.46241	2.12428	1.64907		
1.02689	2.05714	1.02756	2.05751	1.26039	2.58486	1.39279	1.38833	1.6919	1.3837	1.91259	1.98824	2.13758	1.34228			1.21762	2.62716	1.26267	1.7718	1.53456	1.38526	1.72491	2.70077	1.89865	1.46107	2.12907	1.66338		
1.02095	2.05473	1.02162	2.05494	1.26787	2.58493	1.39682	1.39794	1.69589	1.37047	1.91837	2.00141	2.14146	1.34198			1.22521	2.61901	1.26782	1.7896	1.53855	1.37591	1.73273	2.70695	1.90288	1.4611	2.1339	1.67675		
1.01501	2.05407	1.01568	2.05407	1.27534	2.58478	1.40088	1.40772	1.69983	1.35789	1.92417	2.01317	2.14534	1.34274			1.23277	2.60979	1.27303	1.80842	1.54252	1.36776	1.74057	2.71088	1.9071	1.46257	2.13877	1.68914		
1.00906	2.05526	1.00974	2.05501	1.28282	2.58448	1.40496	1.41769	1.70374	1.34603	1.93001	2.02351	2.14922	1.34455			1.24031	2.59931	1.27829	1.82841	1.54646	1.3607	1.74841	2.71259	1.91134	1.46565	2.14367	1.70056		
1.00312	2.05847	1.00379	2.058	1.29029	2.58391	1.40908	1.42784	1.70762	1.33489	1.93588	2.03248	2.15312	1.34744			1.24781	2.58732	1.2836	1.84977	1.55039	1.35469	1.75626	2.71198	1.91558	1.4704	2.14861	1.711		
0.997157	2.06388	0.99783	2.06317	1.29777	2.58314	1.41322	1.43818	1.71146	1.32439	1.94177	2.03998	2.15702	1.35143			1.25528	2.57367	1.28899	1.87272	1.5543	1.34964	1.7641	2.70905	1.91984	1.47698	2.15357	1.7204		
0.991177	2.0716	0.991854	2.07059	1.30524	2.58216	1.4174	1.44875	1.71528	1.31461	1.94768	2.04603	2.16094	1.35655			1.2627	2.55806	1.29444	1.89746	1.5582	1.34545	1.77193	2.70375	1.92413	1.4855	2.15856	1.72878		
0.985173	2.08167	0.985852	2.0804	1.3127	2.58095	1.4216	1.4595	1.71907	1.30551	1.95361	2.05064	2.16487	1.36282			1.27007	2.54026	1.29996	1.92423	1.56208	1.34215	1.77974	2.69596	1.92844	1.49607	2.16357	1.73616		
0.979135	2.09422	0.979819	2.09267	1.32017	2.57952	1.42584	1.47046	1.72283	1.29702	1.95954	2.05379	2.16882	1.37022			1.2774	2.52011	1.30557	1.95327	1.56596	1.33966	1.78753	2.68564	1.93278	1.50883	2.1686	1.7425		
0.973058	2.10921	0.973746	2.10738	1.32763	2.57781	1.43011	1.48169	1.72657	1.28924	1.96549	2.05542	2.17279	1.37874			1.28465	2.49736	1.31126	1.98477	1.56983	1.33783	1.79528	2.67274	1.93716	1.52392	2.17365	1.74787		
0.966933	2.1265	0.967628	2.12443	1.33508	2.57585	1.43441	1.49312	1.73029	1.28211	1.97143	2.0556	2.1768	1.38846			1.29184	2.4719	1.31705	2.01889	1.5737	1.33671	1.80299	2.65709	1.9416	1.54148	2.17872	1.75219		
0.960756	2.14596	0.961457	2.14367	1.34253	2.57364	1.43875	1.50479	1.73399	1.27553	1.97738	2.05434	2.18083	1.39934			1.29895	2.44386	1.32294	2.0557	1.57757	1.33624	1.81065	2.63863	1.94608	1.56169	2.18379	1.75548		
0.954519	2.16735	0.955227	2.16486	1.34997	2.57111	1.44312	1.51676	1.73767	1.26958	1.98332	2.05158	2.18489	1.41136			1.30598	2.41352	1.32894	2.09502	1.58143	1.33632	1.81825	2.61727	1.95063	1.58462	2.18887	1.75781		
0.948218	2.19033	0.948933	2.18767	1.3574	2.56826	1.44752	1.52903	1.74133	1.26424	1.98925	2.04736	2.18899	1.42458			1.31292	2.38125	1.33506	2.13648	1.5853	1.33698	1.82579	2.59292	1.95525	1.61034	2.19396	1.75914		
0.941848	2.21449	0.942571	2.21173	1.36483	2.56506	1.45196	1.54159	1.74498	1.25947	1.99516	2.04172	2.19313	1.43893			1.31976	2.34785	1.3413	2.17955	1.58916	1.33815	1.83325	2.56556	1.95995	1.63903	2.19905	1.75949		
0.935407	2.23944	0.936138	2.23659	1.37224	2.56147	1.45644	1.55447	1.74862	1.25524	2.00106	2.03469	2.19732	1.4544			1.3265	2.31424	1.34767	2.22347	1.59304	1.33976	1.84063	2.53508	1.96473	1.67076	2.20414	1.75941		
0.928893	2.26469	0.929633	2.26184	1.37964	2.55751	1.46096	1.56775	1.75224	1.25152	2.00693	2.02627	2.20155	1.46242			1.33314	2.28137	1.35416	2.26719	1.59691	1.34185	1.84792	2.50149	1.96961	1.70549				
0.922306	2.28976	0.923054	2.28698	1.38703	2.55308	1.46551	1.5814	1.75586	1.24832	2.01278	2.01648					1.3397	2.25021	1.36079	2.30973	1.6008	1.34436	1.8551	2.46486	1.9746	1.74331				
0.915647	2.31438	0.916403	2.31166	1.39441	2.54815	1.4701	1.5955	1.75947	1.24561	2.0186	2.00536					1.34616	2.2216	1.36753	2.3502	1.60469	1.34722	1.86218	2.42522	1.9797	1.78413				
0.908918	2.3382	0.909681	2.33555	1.40178	2.5427	1.47474	1.61012	1.76307	1.24338	2.02438	1.99297					1.35255	2.19613	1.37438	2.38784	1.60859	1.35046	1.86913	2.38276	1.98492	1.82776				
0.902121	2.3609	0.902892	2.35838	1.40912	2.53665	1.47942	1.62522	1.76666	1.24159	2.03013	1.97932					1.35886	2.17414	1.38134	2.42215	1.6125	1.35404	1.87596	2.33763	1.99027	1.87412				
0.89526	2.38233	0.896038	2.37998	1.41645	2.52997	1.48414	1.6409	1.77025	1.24023	2.03583	1.96452					1.36512	2.15572	1.38839	2.45288	1.61643	1.35796	1.88266	2.29015	1.99576	1.92292				
0.888339	2.40236	0.889123	2.40016	1.42376	2.5226	1.48891	1.65724	1.77383	1.23931	2.04149	1.94862					1.37134	2.14076	1.39553	2.48008	1.62036	1.36214	1.88921	2.24067	2.00139	1.97379				
0.881362	2.42091	0.882153	2.41888	1.43104	2.51444	1.49373	1.67426	1.77742	1.2388	2.0471	1.93162					1.37751	2.12904	1.40274	2.50385	1.62431	1.36657	1.89562	2.18955	2.00718	2.02636				
0.874334	2.43802	0.87513	2.43619	1.4383	2.50543	1.4986	1.69203	1.781	1.23863	2.05267	1.91368					1.38365	2.12026	1.41001	2.52447	1.62827	1.37132	1.90188	2.13735	2.01312	2.08016				
0.867259	2.45373	0.86806	2.45203	1.44554	2.49549	1.50352	1.71067	1.78458	1.23883	2.05817	1.89486					1.38977	2.11409	1.41734	2.54229	1.63224	1.3763	1.90798	2.08449	2.01921	2.13473				
0.860139	2.46808	0.860945	2.4665	1.45274	2.48456	1.50849	1.73025	1.78817	1.23937	2.06363	1.8752					1.39588	2.11019	1.42472	2.55756	1.63623	1.38145	1.91394	2.03148	2.02547	2.18956				
0.852981	2.48112	0.853791	2.4797	1.45991	2.47252	1.51353	1.75079	1.79175	1.24026	2.06902	1.8548					1.40198	2.10823	1.43214	2.57066	1.64023	1.38686	1.91973	1.97888	2.03188	2.24412				
0.845786	2.49295	0.846601	2.49168	1.46704	2.45931	1.51862	1.77242	1.79534	1.24149	2.07436	1.83378					1.40808	2.10796	1.43959	2.58192	1.64425	1.39251	1.92538	1.92714	2.03845	2.29787				
0.838559	2.50363	0.839377	2.50248	1.47414	2.44488	1.52378	1.79521	1.79893	1.24301	2.07963	1.81226					1.41418	2.10914	1.44708	2.59155	1.64829	1.39829	1.93088	1.8767	2.04517	2.35036				
0.831303	2.51332	0.832124	2.5123	1.48119	2.42916	1.52901	1.81923	1.80253	1.24482	2.08484	1.79029					1.42028	2.11151	1.45458	2.59978	1.65234	1.40425	1.93624	1.82799	2.05204	2.40117				
0.82402	2.52213	0.824843	2.52117	1.48819	2.41207	1.5343	1.84453	1.80614	1.2469	2.08999	1.76799					1.42639	2.11491	1.46212	2.60685	1.65641	1.41041	1.94146	1.78129	2.05906	2.44998				
0.816713	2.53003	0.817539	2.52917	1.49514	2.39362	1.53968	1.87115	1.80975	1.24925	2.09507	1.74548					1.43251	2.11921	1.46967	2.61292	1.6605	1.4167	1.94654	1.73685	2.06622	2.4965				
0.809384	2.53714	0.810212	2.53639	1.50204	2.37385	1.54513	1.89909	1.81336	1.25183	2.10008	1.7228					1.43865	2.1242	1.47723	2.61809	1.66461	1.42318	1.95151	1.69491	2.0735	2.54047				
0.802035	2.54358	0.802866	2.54289	1.50887	2.35278	1.55066	1.92834	1.81699	1.25467	2.10503	1.7001					1.4448	2.12985	1.48481	2.62252	1.66873	1.42978	1.95635	1.6555	2.08091	2.5818				
0.794669	2.5494	0.795502	2.54877	1.51565	2.33053	1.55628	1.95883	1.82062	1.25775	2.10992	1.67747					1.45097	2.13606	1.4924	2.62634	1.67288	1.4365	1.96108	1.61874	2.08844	2.62034				
0.787287	2.55461	0.788122	2.55404	1.52235	2.30725	1.56199	1.99043	1.82426	1.26101	2.11474	1.655					1.45716	2.14267	1.5	2.62959	1.67704	1.44336	1.96571	1.58464	2.09607	2.65608				
0.779891	2.55929	0.780727	2.55879	1.52899	2.2832	1.5678	2.02294	1.82792	1.26452	2.11949	1.63281					1.46337	2.14969	1.50761	2.63233	1.68123	1.45036	1.97025	1.5531	2.1038	2.68906				
0.772482	2.56352	0.773319	2.56309	1.53556	2.25864	1.5737	2.05617	1.83158	1.26823	2.12418	1.61087					1.4696	2.15705	1.51523	2.63463	1.68543	1.45748	1.9747	1.52407	2.11163	2.71928				
0.765061	2.56731	0.7659	2.56689	1.54206	2.23382	1.57969	2.08985	1.83525	1.2721	2.12881	1.58933					1.47585	2.16465	1.52286	2.6366	1.68966	1.46472	1.97907	1.49749	2.11954	2.74681				
0.75763	2.57068	0.75847	2.5703	1.54849	2.20912	1.58579	2.12357	1.83894	1.27616	2.13338	1.5683					1.48212	2.17248	1.53048	2.63823	1.69391	1.47205	1.98336	1.47318	2.12752	2.77173				
0.75019	2.57369	0.751031	2.57338	1.55484	2.1849	1.59198	2.15709	1.84263	1.28042	2.13788	1.54777					1.48841	2.18051	1.53812	2.63951	1.69817	1.47948	1.98759	1.45107	2.13557	2.79412				
0.742741	2.57636	0.743583	2.57609	1.56113	2.16146	1.59827	2.19003	1.84634	1.28479	2.14233	1.52784					1.49473	2.18871	1.54575	2.64056	1.70246	1.48706	1.99176	1.43101	2.14368	2.81408				
0.735286	2.57873	0.736128	2.57847	1.56734	2.13914	1.60465	2.22204	1.85007	1.28935	2.14672	1.50849					1.50107	2.19701	1.55339	2.64138	1.70678	1.4947	1.99587	1.41281	2.15185	2.83169				
0.727824	2.58079	0.728667	2.58055	1.5735	2.11816	1.61112	2.25283	1.8538	1.29408	2.15106	1.48976					1.50744	2.20543	1.56103	2.64196	1.71111	1.50246	1.99993	1.39643	2.16006	2.847				
0.720356	2.58256	0.7212	2.58236	1.5796	2.09873	1.61768	2.28221	1.85755	1.29893	2.15534	1.47178					1.51383	2.21393	1.56868	2.64231	1.71547	1.51032	2.00394	1.38173	2.16832	2.86013				
0.712884	2.58407	0.713728	2.58393	1.58564	2.08101	1.62432	2.30997	1.86132	1.30392	2.15957	1.45452					1.52025	2.22248	1.57632	2.64249	1.71985	1.51825	2.00792	1.36853	2.17661	2.8711				
0.705407	2.58532	0.706252	2.58522	1.59164	2.06502	1.63104	2.33594	1.8651	1.30905	2.16376	1.43794					1.52669	2.2311	1.58396	2.64251	1.72425	1.52633	2.01186	1.35673	2.18493	2.88				
0.697928	2.58637	0.698772	2.58627	1.59759	2.05087	1.63784	2.36011	1.86889	1.31427	2.16789	1.42212					1.53316	2.23971	1.59161	2.64232	1.72868	1.53449	2.01577	1.34622	2.19327	2.88685				
0.690445	2.58718	0.69129	2.58709	1.6035	2.03853	1.6447	2.38239	1.8727	1.31966	2.17198	1.40705					1.53965	2.24834	1.59925	2.64197	1.73313	1.54275	2.01965	1.33693	2.20163	2.88976				
0.682961	2.58774	0.683806	2.58768	1.60938	2.02786	1.65162	2.40288	1.87652	1.32516	2.17603	1.39274					1.54616	2.25697	1.60689	2.64147	1.7376	1.55112	2.0235	1.32878						
0.675475	2.58806	0.676321	2.58804	1.61523	2.01882	1.6586	2.42166	1.88037	1.33074	2.18004	1.37915					1.5527	2.26559	1.61453	2.64084	1.7421	1.55957	2.02734	1.32161						
0.667989	2.58816	0.668835	2.58817	1.62106	2.01137	1.66563	2.43873	1.88422	1.33642	2.18401	1.36632					1.55927	2.27416	1.62217	2.64002	1.74662	1.56814	2.03115	1.31537						
0.660503	2.58806	0.661348	2.58809	1.62687	2.00534	1.6727	2.45425	1.8881	1.34221	2.18794	1.35423					1.56586	2.28271	1.6298	2.63906	1.75117	1.57684	2.03495	1.31002						
0.653017	2.5877	0.653863	2.58774	1.63266	2.00061	1.67982	2.46834	1.89199	1.34815	2.19184	1.34281					1.57247	2.29122	1.63743	2.63797	1.75575	1.58566	2.03873	1.30548						
0.645533	2.5871	0.646378	2.58716	1.63844	1.99707	1.68698	2.48106	1.8959	1.35412	2.19571	1.33213					1.57911	2.29966	1.64506	2.63666	1.76035	1.59463	2.0425	1.30166						
0.638051	2.58625	0.638896	2.58636	1.64421	1.99466	1.69418	2.49256	1.89982	1.36021	2.19955	1.32215					1.58578	2.30805	1.65269	2.63522	1.76497	1.6037	2.04626	1.29853						
0.630572	2.58512	0.631416	2.58527	1.64998	1.99325	1.7014	2.50298	1.90376	1.36638	2.20336	1.3173					1.59247	2.31634	1.66031	2.63362	1.76962	1.61288	2.05001	1.296						
0.623096	2.58375	0.62394	2.58392	1.65574	1.99266	1.70866	2.51234	1.90773	1.37265							1.59918	2.32454	1.66792	2.63183	1.7743	1.62226	2.05376	1.29406						
0.615625	2.58207	0.616469	2.58228	1.66151	1.99292	1.71594	2.52079	1.9117	1.37899							1.60591	2.33267	1.67553	2.62986	1.77901	1.6318	2.0575	1.29268						
0.608159	2.58003	0.609002	2.58027	1.66727	1.99393	1.72324	2.52844	1.9157	1.38538							1.61267	2.34074	1.68314	2.62767	1.78374	1.64151	2.06123	1.29179						
0.6007	2.57766	0.601542	2.57794	1.67304	1.99551	1.73056	2.53529	1.91972	1.3919							1.61945	2.34869	1.69073	2.62529	1.7885	1.65138	2.06497	1.29134						
0.593248	2.5749	0.594089	2.57523	1.67882	1.99768	1.73791	2.5415	1.92375	1.3985							1.62626	2.35655	1.69832	2.6227	1.79329	1.66146	2.0687	1.29132						
0.585804	2.57166	0.586644	2.57207	1.6846	2.00039	1.74527	2.54709	1.92781	1.40512							1.63309	2.36428	1.70591	2.61985	1.79811	1.67182	2.07244	1.29172						
0.578371	2.56799	0.57921	2.56844	1.69039	2.00356	1.75264	2.55213	1.93188	1.41185							1.63994	2.37188	1.71348	2.61674	1.80297	1.68241	2.07618	1.29247						
0.570948	2.5638	0.571786	2.56428	1.69619	2.00714	1.76003	2.55666	1.93598	1.41867							1.64681	2.37942	1.72104	2.61331	1.80785	1.69322	2.07992	1.29355						
0.563539	2.55893	0.564375	2.55952	1.702	2.01108	1.76743	2.56069	1.94009	1.42552							1.6537	2.38682	1.7286	2.60961	1.81276	1.70435	2.08366	1.29497						
0.556145	2.55339	0.556979	2.55405	1.70782	2.01537	1.77484	2.56433	1.94422	1.43245							1.66061	2.39408	1.73614	2.60557	1.81771	1.71582	2.08741	1.2967						
0.548768	2.54706	0.5496	2.54782	1.71366	2.01996	1.78227	2.56759	1.94838	1.43945							1.66755	2.40124	1.74367	2.60115	1.82269	1.72766	2.09116	1.29867						
0.541411	2.53981	0.54224	2.54069	1.71951	2.02483	1.7897	2.5705	1.95255	1.44655							1.67451	2.40827	1.75119	2.59634	1.8277	1.73989	2.09492	1.30092						
0.534075	2.53151	0.534903	2.5325	1.72537	2.02995	1.79714	2.5731	1.95674	1.45372							1.68148	2.41515	1.75869	2.59105	1.83275	1.75252	2.09869	1.30344						
0.526766	2.52198	0.52759	2.52313	1.73125	2.03535	1.80458	2.57536	1.96096	1.46095							1.68848	2.42191	1.76618	2.5853	1.83784	1.76564	2.10246	1.30617						
0.519486	2.51105	0.520306	2.51235	1.73715	2.04099	1.81203	2.57734	1.9652	1.46825							1.69549	2.42857	1.77365	2.57901	1.84297	1.77933	2.10624	1.30907						
0.51224	2.49842	0.513056	2.49994	1.74306	2.04691	1.81949	2.57908	1.96945	1.47564							1.70253	2.43508	1.7811	2.5721	1.84813	1.79359	2.11003	1.31222						
0.505033	2.48384	0.505844	2.4856	1.74899	2.0532	1.82695	2.58057	1.97373	1.48311							1.70958	2.44143	1.78852	2.56458	1.85334	1.80849	2.11383	1.31555						
0.497871	2.46695	0.498677	2.469	1.75494	2.06012	1.83442	2.58181	1.97803	1.49063							1.71665	2.44768	1.79593	2.55632	1.8586	1.82413	2.11764	1.31906						
0.490761	2.44738	0.491561	2.44977	1.76091	2.06837	1.84189	2.58284	1.98236	1.49826							1.72374	2.45381	1.80331	2.54729	1.86389	1.8405	2.12146	1.32271						
0.483713	2.42465	0.484505	2.42738	1.7669	2.08079	1.84936	2.58365	1.9867	1.50595							1.73085	2.4598	1.81067	2.53742	1.86924	1.85774	2.1253	1.32652						
0.476735	2.39818	0.477519	2.40136	1.77294	2.1184	1.85684	2.58426	1.99107	1.51377							1.73797	2.46565	1.81799	2.52659	1.87464	1.87595	2.12914	1.3305						
0.469839	2.36739	0.470614	2.3711	1.77916	2.02564	1.86431	2.58468	1.99546	1.52168							1.74511	2.47136	1.82528	2.5148	1.88009	1.89513	2.13299	1.33459						
0.46304	2.33151	0.463802	2.33583	1.78466	2.5538	1.87179	2.58486	1.99987	1.5297							1.75227	2.47695	1.83254	2.50196	1.8856	1.91535	2.13686	1.3388						
0.456352	2.28985	0.457101	2.29485	1.79393	2.11931	1.87926	2.58486	2.00431	1.5378							1.75944	2.48241	1.83976	2.48794	1.89117	1.93671	2.14074	1.34315						
0.449793	2.24169	0.450527	2.24748	1.79692	1.57168	1.88674	2.58469	2.00877	1.54603							1.76663	2.48774	1.84693	2.47278	1.89681	1.95922	2.14463	1.34764						
0.443384	2.18633	0.444099	2.19299	1.80302	2.1113	1.89422	2.58428	2.01325	1.55438							1.77383	2.49297	1.85406	2.45641	1.90251	1.98292	2.14853	1.35222						
0.437145	2.12329	0.43784	2.13082	1.80913	2.11604	1.90169	2.5837	2.01776	1.56285							1.78105	2.49808	1.86114	2.43879	1.90828	2.0078	2.15245	1.3569						
0.431101	2.0523	0.431773	2.0607	1.81526	2.12169	1.90916	2.58291	2.02229	1.57152							1.78828	2.50302	1.86817	2.42001	1.91412	2.03383	2.15638	1.3617						
0.425273	1.97355	0.425919	1.9828	1.82141	2.12775	1.91663	2.5819	2.02685	1.5803							1.79553	2.50786	1.87514	2.40011	1.92005	2.06095	2.16033	1.36655						
0.419684	1.88768	0.420302	1.8977	1.82757	2.13403	1.9241	2.58064	2.03143	1.58922							1.80279	2.51259	1.88205	2.37914	1.92605	2.089	2.16429	1.37152						
0.414353	1.79575	0.414941	1.80637	1.83375	2.14041	1.93156	2.57919	2.03604	1.59838							1.81006	2.5172	1.88891	2.3573	1.93213	2.11781	2.16826	1.37657						
0.409295	1.69923	0.409853	1.71029	1.83995	2.14684	1.93902	2.5775	2.04068	1.60772							1.81735	2.5217	1.89569	2.33481	1.9383	2.1472	2.17225	1.38167						
0.404523	1.59986	0.405047	1.61116	1.84617	2.15333	1.94647	2.57554	2.04534	1.61724							1.82465	2.52605	1.90241	2.3119	1.94455	2.17688	2.17626	1.38688						
0.40004	1.49927	0.400532	1.51065	1.85241	2.15985	1.95392	2.57331	2.05004	1.62706							1.83196	2.53033	1.90907	2.2888	1.95089	2.20653	2.18027	1.39214						
0.39585	1.39893	0.396308	1.41023	1.85867	2.16641	1.96136	2.57079	2.05476	1.63713							1.83929	2.53449	1.91565	2.26582	1.95732	2.23591	2.18431	1.39749						
0.391948	1.30004	0.392374	1.31111	1.86494	2.17296	1.96879	2.56795	2.05951	1.64746							1.84663	2.53852	1.92217	2.24332	1.96383	2.26473	2.18836	1.40291						
0.388329	1.20333	0.388724	1.21413	1.87124	2.1795	1.97621	2.56475	2.06429	1.65812							1.85397	2.54247	1.92863	2.22152	1.97042	2.2927	2.19242	1.4084						
0.384986	1.10924	0.38535	1.11973	1.87755	2.18608	1.98363	2.56122	2.0691	1.66914							1.86133	2.54631	1.93502	2.20069	1.97709	2.31951	2.19651	1.41391						
0.381912	1.01793	0.382246	1.0281	1.88388	2.19264	1.99103	2.55727	2.07394	1.68052							1.8687	2.55007	1.94136	2.1811	1.98384	2.34501	2.2006	1.41667						
0.379098	0.92926	0.379403	0.939144	1.89024	2.19916	1.99842	2.55287	2.07882	1.69235							1.87609	2.5537	1.94764	2.16289	1.99065	2.36909								
0.376536	0.843129	0.376813	0.852721	1.89661	2.20564	2.0058	2.54804	2.08373	1.70466							1.88348	2.55722	1.95387	2.14617	1.99754	2.39159								
0.37422	0.759267	0.37447	0.768625	1.903	2.21215	2.01316	2.54267	2.08868	1.71748							1.89088	2.56067	1.96006	2.13102	2.00449	2.41246								
0.372144	0.677372	0.372367	0.686556	1.9094	2.21864	2.02051	2.53669	2.09367	1.73087							1.89829	2.56403	1.9662	2.11743	2.0115	2.43171								
0.370302	0.597309	0.370498	0.606259	1.91583	2.22508	2.02784	2.53013	2.0987	1.7449							1.90571	2.56728	1.97231	2.10538	2.01856	2.4494								
0.368689	0.518747	0.368859	0.527522	1.92228	2.23151	2.03515	2.52288	2.10376	1.75962							1.91314	2.57043	1.97838	2.09489	2.02567	2.46555								
0.367301	0.441493	0.367446	0.450151	1.92874	2.2379	2.04243	2.51487	2.10887	1.77508							1.92058	2.57353	1.98443	2.08587	2.03282	2.48019								
0.366135	0.365452	0.366255	0.373994	1.93522	2.24426	2.04969	2.50608	2.11403	1.79142							1.92803	2.57653	1.99045	2.07818	2.04001	2.49351								
0.365187	0.290494	0.365283	0.298921	1.94172	2.25056	2.05693	2.49633	2.11924	1.80868							1.93549	2.57941	1.99645	2.07176	2.04724	2.50557								
0.364454	0.216532	0.364526	0.224846	1.94824	2.25684	2.06414	2.48565	2.12449	1.82689							1.94295	2.58222	2.00243	2.06656	2.05451	2.51645								
0.363934	0.143513	0.363982	0.151718	1.95478	2.2631	2.07131	2.47397	2.12981	1.84619							1.95042	2.58497	2.0084	2.06239	2.0618	2.52621								
0.363624	0.071385	0.363648	0.0794873	1.96133	2.2693	2.07845	2.46114	2.13517	1.86662							1.95791	2.58763	2.01436	2.05919	2.06912	2.53501								
0.363521	0.000162513	0.363522	0.0081438	1.96791	2.27547	2.08555	2.44714	2.1406	1.88826							1.96539	2.59019	2.02032	2.05692	2.07647	2.54291								
0.363623	-0.0701251	0.363601	-0.0622438	1.9745	2.28159	2.0926	2.43189	2.1461	1.91112							1.97289	2.59269	2.02626	2.05544	2.08383	2.54999								
0.363927	-0.139536	0.363882	-0.131738	1.9811	2.28766	2.09961	2.41539	2.15166	1.93525							1.98039	2.59509	2.03221	2.05469	2.09122	2.55633								
0.364354	-0.199289	0.364363	-0.200263	1.98773	2.29368	2.10658	2.39762	2.15729	1.96067							1.9879	2.59742	2.03815	2.05458	2.09862	2.56199								
0.364837	-0.249564	0.365041	-0.267785	1.99437	2.29964	2.11348	2.37859	2.163	1.98728							1.99542	2.5997	2.04409	2.05506	2.10604	2.56706								
0.365317	-0.290764	0.365912	-0.334295	2.00103	2.30559	2.12034	2.35833	2.16879	2.01502							2.00294	2.60183	2.05004	2.05611	2.11347	2.57156								
0.365748	-0.322988	0.366975	-0.399656	2.00771	2.31147	2.12713	2.33695	2.17466	2.04382							2.01047	2.60392	2.05599	2.0576	2.12092	2.57556								
0.366094	-0.346601	0.368224	-0.463887	2.01441	2.31726	2.13386	2.31467	2.18061	2.07344							2.018	2.60596	2.06194	2.05954	2.12837	2.57908								
0.366434	-0.368062	0.369658	-0.526912	2.02112	2.32303	2.14052	2.2916	2.18665	2.10365							2.02555	2.60785	2.0679	2.06189	2.13584	2.58218								
0.366682	-0.382908	0.371273	-0.588633	2.02784	2.32874	2.14711	2.26804	2.19278	2.13423							2.03309	2.60968	2.07387	2.06455	2.14331	2.5849								
0.36709	-0.40623	0.373064	-0.649033	2.03459	2.3344	2.15364	2.24424	2.199	2.16483							2.04064	2.61146	2.07984	2.06758	2.15079	2.58723								
0.367683	-0.437496	0.375027	-0.708075	2.04135	2.33998	2.1601	2.22052	2.20531	2.1801							2.0482	2.61312	2.08583	2.07093	2.15828	2.58927								
0.368495	-0.476617	0.37716	-0.765686	2.04812	2.34552	2.16648	2.19717									2.05576	2.61465	2.09182	2.07453	2.16577	2.59099								
0.36957	-0.523336	0.379152	-0.81467	2.05492	2.35097	2.17281	2.17452									2.06332	2.61611	2.09783	2.07835	2.17326	2.59237								
0.370957	-0.577199	0.380947	-0.855526	2.06172	2.35639	2.17906	2.15288									2.07089	2.61749	2.10385	2.08248	2.18076	2.5935								
0.372715	-0.637848	0.382497	-0.888678	2.06855	2.36175	2.18526	2.13245									2.07847	2.6187	2.10988	2.08682	2.18827	2.59439								
0.374647	-0.697153	0.383764	-0.914379	2.07539	2.36703	2.1914	2.11344									2.08604	2.6198	2.11592	2.09136	2.19577	2.59501								
0.376748	-0.754996	0.384718	-0.933056	2.08224	2.37228	2.19749	2.09601									2.09362	2.62079	2.12198	2.09617	2.20328	2.59525								
0.379015	-0.811349	0.385613	-0.95003	2.08911	2.37744	2.20352	2.0877									2.1012	2.62158	2.12805	2.10121										
0.381442	-0.866139	0.386245	-0.961712	2.096	2.38253											2.10879	2.62221	2.13413	2.10644										
0.384025	-0.91933	0.387248	-0.979797	2.10289	2.38759											2.11637	2.62264	2.14023	2.11192										
0.38676	-0.970815	0.388641	-1.00398	2.10981	2.39255											2.12396	2.62279	2.14635	2.1177										
0.389641	-1.02048	0.390452	-1.03391	2.11673	2.39745											2.13154	2.6227	2.15248	2.12374										
0.392664	-1.06831	0.392712	-1.06912	2.12368	2.40229											2.13913	2.6223	2.15863	2.1301										
0.395821	-1.11404	0.395458	-1.10905	2.13063	2.40705											2.14671	2.62143	2.1648	2.13687										
0.399108	-1.15751	0.398731	-1.15272	2.1376	2.41177											2.1543	2.62009	2.171	2.14411										
0.402517	-1.19834	0.402127	-1.19386	2.14458	2.41641											2.16187	2.61813	2.17721	2.15187										
0.406041	-1.236	0.405637	-1.23196	2.15158	2.42098											2.16944	2.61537	2.18344	2.16032										
0.409668	-1.26958	0.409253	-1.26606	2.15859	2.42548											2.177	2.61165	2.18971	2.16965										
0.413385	-1.29729	0.412961	-1.29453	2.16561	2.42995											2.18455	2.60661	2.196	2.18007										
0.417172	-1.31568	0.416742	-1.31423	2.17265	2.43432											2.19208	2.59994	2.20232	2.18557										
0.420996	-1.31699	0.420564	-1.31814	2.17969	2.43861											2.19959	2.59117												
0.424791	-1.28174	0.424368	-1.28876	2.18675	2.44289											2.20707	2.58618												
0.428411	-1.1545	0.42802	-1.17696	2.19383	2.44707																								
0.43147	-0.792705	0.431176	-0.851461	2.20091	2.44913																								
0.432997	-0.527872	0.432945	-0.611589																										
