Sym0		Sym1		Sym2		Sym3		Sym4		Sym5		Asym1		Asym2		Asym3		Asym4	
396  Points		395  Points		392  Points		365  Points		241  Points		132  Points		406  Points		378  Points		327  Points		257  Points	
Freq (MHz)	Vph (m/ms)	Freq (MHz)	Vph (m/ms)	Freq (MHz)	Vph (m/ms)	Freq (MHz)	Vph (m/ms)	Freq (MHz)	Vph (m/ms)	Freq (MHz)	Vph (m/ms)	Freq (MHz)	Vph (m/ms)	Freq (MHz)	Vph (m/ms)	Freq (MHz)	Vph (m/ms)	Freq (MHz)	Vph (m/ms)
1.40365	2.4951	1.40153	2.49484	0.433063	411.994	0.866025	11323.7	1.09111	880.654	1.29904	1206.27	0.21653	267.404	1.4013	2.60574	0.727411	1050.68	1.08253	1053.8
1.39978	2.49462	1.39765	2.49435	0.433295	173.699	0.866014	569.801	1.09117	406.796	1.29904	515.434	0.216692	96.1738	1.39755	2.60576	0.727536	340.655	1.08252	438.154
1.39589	2.49412	1.39376	2.49383	0.433713	110.138	0.865982	292.243	1.09127	264.504	1.29904	327.737	0.217004	58.7053	1.3938	2.60577	0.727786	203.345	1.08251	276.571
1.392	2.49359	1.38986	2.4933	0.434312	80.7081	0.86593	196.507	1.09142	195.977	1.29903	240.249	0.217466	42.3096	1.39004	2.60577	0.72816	144.981	1.08248	202.054
1.3881	2.49306	1.38596	2.49276	0.435083	63.7518	0.865857	148.01	1.0916	155.666	1.29903	189.628	0.218077	33.126	1.38627	2.60576	0.728655	112.693	1.08245	159.166
1.3842	2.49251	1.38206	2.4922	0.436018	52.7355	0.865764	118.706	1.09184	129.122	1.29903	156.627	0.218832	27.2632	1.3825	2.60574	0.729268	92.2049	1.08241	131.295
1.38029	2.49195	1.37815	2.49165	0.437108	45.0098	0.865652	99.0819	1.09211	110.323	1.29902	133.409	0.219729	23.2026	1.37873	2.60572	0.729993	78.0526	1.08237	111.728
1.37639	2.49139	1.37425	2.49108	0.43834	39.2962	0.86552	85.0207	1.09242	96.3115	1.29902	116.186	0.220764	20.2288	1.37495	2.60569	0.730826	67.6945	1.08232	97.2355
1.37248	2.49082	1.37034	2.49051	0.439705	34.9024	0.865368	74.45	1.09278	85.4671	1.29902	102.901	0.221934	17.9605	1.37117	2.60565	0.731763	59.7878	1.08226	86.0695
1.36857	2.49025	1.36643	2.48994	0.441193	31.4206	0.865198	66.2131	1.09318	76.8256	1.29901	92.3428	0.223233	16.1762	1.36738	2.6056	0.732797	53.5564	1.0822	77.2024
1.36466	2.48968	1.36252	2.48936	0.442791	28.5951	0.865009	59.6137	1.09362	69.7783	1.29901	83.7493	0.224657	14.7379	1.36359	2.60554	0.733923	48.5204	1.08212	69.9905
1.36075	2.4891	1.35861	2.48878	0.444492	26.2574	0.864802	54.2073	1.0941	63.922	1.299	76.6191	0.226201	13.5556	1.3598	2.60548	0.735135	44.3669	1.08205	64.0098
1.35684	2.48852	1.3547	2.48819	0.446286	24.2921	0.864578	49.697	1.09461	58.9787	1.299	70.6077	0.22786	12.5679	1.356	2.60542	0.736428	40.8835	1.08196	58.9698
1.35293	2.48793	1.35079	2.48761	0.448165	22.6174	0.864337	45.8769	1.09517	54.7508	1.299	65.471	0.229628	11.7315	1.35221	2.60535	0.737797	37.9209	1.08188	54.6646
1.34902	2.48734	1.34688	2.48702	0.450121	21.1738	0.864079	42.5996	1.09577	51.0938	1.29899	61.031	0.2315	11.0149	1.34841	2.60527	0.739236	35.3709	1.08178	50.9444
1.34511	2.48675	1.34297	2.48643	0.452146	19.9168	0.863806	39.757	1.0964	47.8996	1.29899	57.1549	0.233471	10.3948	1.3446	2.60519	0.740741	33.1532	1.08168	47.6976
1.3412	2.48616	1.33906	2.48583	0.454236	18.8127	0.863517	37.268	1.09707	45.0859	1.29899	53.7419	0.235536	9.85352	1.3408	2.6051	0.742306	31.2073	1.08158	44.8391
1.33729	2.48556	1.33515	2.48524	0.456383	17.8355	0.863215	35.0703	1.09778	42.5887	1.29899	50.7135	0.23769	9.37737	1.33699	2.605	0.743929	29.4862	1.08147	42.3032
1.33338	2.48497	1.33124	2.48464	0.458583	16.9645	0.862899	33.1155	1.09852	40.3576	1.29899	48.0083	0.239926	8.95565	1.33318	2.60491	0.745603	27.9534	1.08135	40.0381
1.32948	2.48437	1.32734	2.48404	0.460832	16.1836	0.86257	31.3655	1.0993	38.3525	1.299	45.5771	0.242242	8.57983	1.32937	2.60481	0.747327	26.5797	1.08123	38.0028
1.32557	2.48377	1.32343	2.48344	0.463124	15.4794	0.862229	29.7896	1.10011	36.5407	1.299	43.3804	0.24432	8.28437	1.32555	2.6047	0.749096	25.3417	1.08111	36.1638
1.32166	2.48316	1.31952	2.48283	0.465456	14.8414	0.861876	28.363	1.10096	34.8958	1.29901	41.3858	0.246133	8.05307	1.32174	2.60459	0.750907	24.2203	1.08098	34.4942
1.31776	2.48256	1.31562	2.48223	0.467826	14.2606	0.861513	27.0654	1.10183	33.3958	1.29902	39.5667	0.247661	7.87461	1.31792	2.60448	0.752756	23.1999	1.08085	32.9714
1.31386	2.48196	1.31172	2.48162	0.470228	13.7298	0.861141	25.8802	1.10274	32.0224	1.29903	37.9008	0.248886	7.74099	1.3141	2.60436	0.754642	22.2674	1.08072	31.5771
1.30995	2.48135	1.30781	2.48102	0.472661	13.2427	0.86076	24.7933	1.10368	30.7603	1.29905	36.3697	0.249795	7.64669	1.31029	2.60424	0.756561	21.4121	1.08059	30.2955
1.30605	2.48074	1.30391	2.48041	0.475122	12.7943	0.860371	23.7929	1.10465	29.5967	1.29907	34.9576	0.250382	7.58801	1.30647	2.60412	0.758511	20.6248	1.08045	29.1135
1.30215	2.48013	1.30001	2.4798	0.477609	12.3801	0.859975	22.8691	1.10564	28.5204	1.29909	33.6512	0.25123	7.50584	1.30264	2.604	0.760489	19.8976	1.08031	28.02
1.29825	2.47952	1.29612	2.47919	0.480119	11.9963	0.859574	22.0135	1.10667	27.5221	1.29912	32.4391	0.252159	7.41934	1.29882	2.60387	0.762494	19.2241	1.08017	27.0054
1.29435	2.47891	1.29222	2.47857	0.48265	11.6398	0.859167	21.2187	1.10772	26.5936	1.29916	31.3114	0.253435	7.30615	1.295	2.60374	0.764524	18.5984	1.08003	26.0614
1.29046	2.4783	1.28832	2.47796	0.485201	11.3077	0.858756	20.4786	1.10879	25.7279	1.29919	30.2597	0.255066	7.16991	1.29118	2.60361	0.766576	18.0158	1.07989	25.181
1.28656	2.47768	1.28443	2.47735	0.487769	10.9976	0.858342	19.7876	1.10989	24.9189	1.29924	29.2765	0.257065	7.01467	1.28735	2.60347	0.768649	17.4718	1.07975	24.3579
1.28267	2.47707	1.28053	2.47673	0.490353	10.7074	0.857926	19.1411	1.11102	24.1611	1.29929	28.3554	0.259444	6.84469	1.28353	2.60334	0.770741	16.9629	1.07961	23.5868
1.27877	2.47645	1.27664	2.47612	0.492951	10.4352	0.857508	18.5349	1.11216	23.45	1.29934	27.4906	0.262218	6.66411	1.2797	2.60321	0.772851	16.4856	1.07947	22.8628
1.27488	2.47584	1.27275	2.4755	0.495563	10.1795	0.85709	17.9654	1.11333	22.7812	1.29941	26.6773	0.265035	6.49736	1.27588	2.60307	0.774977	16.0372	1.07934	22.1818
1.27099	2.47522	1.26886	2.47489	0.498186	9.93868	0.856673	17.4293	1.11452	22.1513	1.29948	25.9109	0.267892	6.34295	1.27206	2.60293	0.777118	15.6151	1.0792	21.5401
1.2671	2.47461	1.26497	2.47427	0.500819	9.71157	0.856258	16.9239	1.11572	21.5569	1.29955	25.1876	0.270786	6.19959	1.26823	2.6028	0.779272	15.217	1.07907	20.9344
1.26322	2.47399	1.26109	2.47365	0.503461	9.49699	0.855845	16.4465	1.11695	20.995	1.29964	24.5037	0.273713	6.06614	1.26441	2.60266	0.781439	14.8411	1.07894	20.3617
1.25933	2.47337	1.2572	2.47303	0.50611	9.29392	0.855436	15.995	1.11819	20.4632	1.29974	23.8563	0.276671	5.94163	1.26059	2.60252	0.783616	14.4853	1.07882	19.8195
1.25545	2.47275	1.25332	2.47242	0.508767	9.10147	0.855032	15.5673	1.11945	19.959	1.29984	23.2425	0.279657	5.82519	1.25676	2.60239	0.785804	14.1483	1.0787	19.3053
1.25157	2.47214	1.24944	2.4718	0.511428	8.91879	0.854633	15.1616	1.12072	19.4804	1.29995	22.6597	0.282668	5.71607	1.25294	2.60225	0.788001	13.8285	1.07858	18.8172
1.24769	2.47152	1.24556	2.47118	0.514094	8.74516	0.854241	14.7763	1.122	19.0254	1.30008	22.1057	0.285703	5.61359	1.24912	2.60212	0.790205	13.5246	1.07847	18.3531
1.24381	2.4709	1.24168	2.47056	0.516764	8.57991	0.853856	14.4099	1.1233	18.5924	1.30022	21.5785	0.288759	5.51716	1.24531	2.60199	0.792416	13.2355	1.07837	17.9114
1.23993	2.47028	1.23781	2.46995	0.519436	8.42243	0.853481	14.061	1.12461	18.1798	1.30036	21.076	0.291833	5.42625	1.24149	2.60186	0.794633	12.96	1.07827	17.4904
1.23606	2.46967	1.23394	2.46933	0.521765	8.2911	0.853114	13.7285	1.12594	17.7861	1.30052	20.5968	0.294923	5.34039	1.23767	2.60174	0.796855	12.6974	1.07818	17.0889
1.23219	2.46905	1.23006	2.46871	0.523751	8.18324	0.852759	13.4113	1.12727	17.4102	1.3007	20.1392	0.298028	5.25916	1.23386	2.60162	0.79908	12.4466	1.0781	16.7054
1.22832	2.46844	1.2262	2.4681	0.525394	8.09673	0.852415	13.1083	1.12861	17.0508	1.30089	19.7018	0.301145	5.18217	1.23005	2.6015	0.801309	12.2068	1.07802	16.3389
1.22445	2.46782	1.22233	2.46748	0.526692	8.02998	0.852083	12.8187	1.12995	16.7068	1.30109	19.2833	0.304273	5.10909	1.22624	2.60139	0.80354	11.9775	1.07796	15.9881
1.22058	2.46721	1.21846	2.46687	0.527646	7.98181	0.851765	12.5416	1.13131	16.3773	1.3013	18.8826	0.307409	5.03961	1.22244	2.60128	0.805772	11.7578	1.07791	15.6522
1.21672	2.46659	1.2146	2.46626	0.528257	7.95136	0.851462	12.2762	1.13267	16.0614	1.30153	18.4985	0.310551	4.97345	1.21864	2.60118	0.808004	11.5471	1.07786	15.3303
1.21286	2.46598	1.21074	2.46565	0.529135	7.90813	0.851174	12.0219	1.13403	15.7582	1.30178	18.1301	0.313699	4.91035	1.21484	2.60108	0.810236	11.345	1.07783	15.0215
1.209	2.46537	1.20688	2.46504	0.530089	7.86181	0.850902	11.778	1.13539	15.4669	1.30205	17.7765	0.31685	4.85009	1.21104	2.601	0.812466	11.1509	1.07781	14.725
1.20514	2.46476	1.20303	2.46443	0.531386	7.79995	0.850648	11.5438	1.13676	15.187	1.30233	17.4367	0.320003	4.79247	1.20725	2.60092	0.814695	10.9643	1.0778	14.4402
1.20129	2.46415	1.19918	2.46382	0.533025	7.72349	0.850412	11.3189	1.13813	14.9176	1.30263	17.1101	0.323155	4.73728	1.20347	2.60085	0.816921	10.7847	1.07781	14.1663
1.19744	2.46355	1.19533	2.46321	0.535006	7.63359	0.850196	11.1027	1.1395	14.6582	1.30295	16.7959	0.326307	4.68436	1.19969	2.60079	0.819143	10.6119	1.07783	13.9028
1.19359	2.46294	1.19148	2.46261	0.537327	7.53154	0.85	10.8948	1.14087	14.4083	1.30329	16.4934	0.329455	4.63354	1.19591	2.60075	0.82136	10.4453	1.07787	13.6491
1.18974	2.46234	1.18763	2.46201	0.539985	7.41871	0.849826	10.6947	1.14223	14.1673	1.30366	16.202	0.332598	4.58468	1.19214	2.60072	0.823573	10.2846	1.07792	13.4048
1.1859	2.46174	1.18379	2.46141	0.542638	7.3102	0.849673	10.502	1.14359	13.9347	1.30404	15.9212	0.335736	4.53765	1.18838	2.6007	0.825779	10.1296	1.07798	13.1692
1.18206	2.46114	1.17995	2.46081	0.545285	7.20574	0.849544	10.3164	1.14495	13.7101	1.30444	15.6503	0.338866	4.49232	1.18463	2.6007	0.827979	9.97989	1.07807	12.942
1.17822	2.46055	1.17612	2.46022	0.547925	7.1051	0.849439	10.1374	1.1463	13.4931	1.30487	15.389	0.341987	4.44857	1.18088	2.60072	0.830172	9.83521	1.07817	12.7228
1.17439	2.45995	1.17229	2.45963	0.550556	7.00806	0.849359	9.96483	1.14765	13.2832	1.30532	15.1366	0.345098	4.40631	1.17714	2.60075	0.832356	9.6953	1.07829	12.5111
1.17056	2.45936	1.16846	2.45904	0.553179	6.91441	0.849305	9.79827	1.14898	13.0802	1.3058	14.8929	0.348197	4.36542	1.17342	2.60081	0.834531	9.55991	1.07843	12.3067
1.16673	2.45878	1.16463	2.45846	0.555792	6.82396	0.849278	9.63748	1.15031	12.8836	1.3063	14.6573	0.351283	4.32583	1.1697	2.60089	0.836697	9.42882	1.07859	12.109
1.1629	2.4582	1.16081	2.45788	0.558394	6.73653	0.849278	9.48218	1.15164	12.6932	1.30683	14.4295	0.354355	4.28746	1.166	2.601	0.838852	9.30181	1.07877	11.9179
1.15908	2.45762	1.15699	2.4573	0.560985	6.65196	0.849308	9.33212	1.15295	12.5087	1.30738	14.2092	0.357411	4.25021	1.1623	2.60114	0.840996	9.17868	1.07897	11.7331
1.15526	2.45704	1.15317	2.45673	0.563565	6.57009	0.849367	9.18706	1.15425	12.3297	1.30796	13.9959	0.36045	4.21402	1.15863	2.60131	0.843129	9.05924	1.07919	11.5541
1.15145	2.45647	1.14936	2.45616	0.566131	6.49079	0.849456	9.04679	1.15553	12.156	1.30857	13.7895	0.363471	4.17882	1.15496	2.60152	0.845249	8.94332	1.07944	11.3809
1.14764	2.45591	1.14555	2.4556	0.568684	6.41391	0.849577	8.91109	1.15681	11.9874	1.30921	13.5895	0.366473	4.14455	1.15132	2.60177	0.847356	8.83075	1.07971	11.2131
1.14384	2.45535	1.14175	2.45504	0.571222	6.33934	0.84973	8.77978	1.15807	11.8236	1.30988	13.3957	0.369453	4.11116	1.14769	2.60206	0.849449	8.72138	1.08001	11.0505
1.14003	2.45479	1.13795	2.45449	0.573745	6.26696	0.84989	8.66877	1.15932	11.6645	1.31057	13.2079	0.372412	4.07858	1.14408	2.6024	0.851261	8.62856	1.08033	10.8929
1.13624	2.45424	1.13416	2.45394	0.576252	6.19665	0.850047	8.57657	1.16055	11.5097	1.3113	13.0257	0.375348	4.04676	1.1405	2.60279	0.852797	8.55119	1.08067	10.7401
1.13244	2.4537	1.13036	2.4534	0.578742	6.12831	0.850191	8.50197	1.16176	11.3592	1.31206	12.849	0.37826	4.01567	1.13693	2.60323	0.854061	8.48839	1.08105	10.5919
1.12865	2.45316	1.12658	2.45287	0.581216	6.06185	0.850314	8.444	1.16296	11.2127	1.31284	12.6776	0.381147	3.98525	1.1334	2.60374	0.855056	8.43947	1.08145	10.4481
1.12487	2.45263	1.1228	2.45234	0.58367	5.99717	0.85041	8.40194	1.16415	11.07	1.31367	12.5111	0.384007	3.95546	1.12989	2.60432	0.855785	8.40391	1.08187	10.3084
1.12109	2.4521	1.11902	2.45182	0.586106	5.93419	0.850474	8.37527	1.16531	10.9311	1.31452	12.3495	0.38684	3.92627	1.12641	2.60497	0.85625	8.38133	1.08233	10.1729
1.11731	2.45159	1.11525	2.45131	0.588523	5.87283	0.850569	8.33727	1.16646	10.7957	1.31541	12.1925	0.389645	3.89763	1.12297	2.6057	0.856918	8.34911	1.08282	10.0412
1.11354	2.45108	1.11148	2.4508	0.590919	5.81302	0.850676	8.2964	1.16759	10.6637	1.31632	12.0399	0.392421	3.86953	1.11956	2.60652	0.857642	8.3144	1.08333	9.91331
1.10978	2.45058	1.10772	2.4503	0.593294	5.75468	0.85083	8.24155	1.1687	10.5349	1.31728	11.8916	0.395166	3.84192	1.11619	2.60743	0.858623	8.26772	1.08388	9.78902
1.10602	2.45008	1.10396	2.44982	0.595648	5.69774	0.851036	8.17336	1.16979	10.4093	1.31826	11.7475	0.397881	3.81478	1.11285	2.60844	0.859857	8.20951	1.08445	9.6682
1.10226	2.4496	1.10021	2.44934	0.59798	5.64214	0.851305	8.0926	1.17086	10.2867	1.31928	11.6073	0.400564	3.78808	1.10956	2.60955	0.861341	8.14035	1.08506	9.55073
1.09852	2.44912	1.09646	2.44887	0.600289	5.58783	0.851646	8.00019	1.17191	10.167	1.32034	11.4709	0.403215	3.7618	1.10632	2.61078	0.863069	8.06086	1.0857	9.43648
1.09477	2.44866	1.09272	2.44841	0.602574	5.53474	0.852074	7.89713	1.17294	10.0501	1.32143	11.3381	0.405832	3.73592	1.10311	2.61212	0.865035	7.97176	1.08638	9.32535
1.09104	2.4482	1.08899	2.44796	0.604835	5.48282	0.85254	7.79714	1.17395	9.93587	1.32255	11.209	0.408417	3.71041	1.09996	2.61359	0.866982	7.88482	1.08709	9.21722
1.08731	2.44776	1.08526	2.44752	0.607072	5.43202	0.853045	7.70012	1.17494	9.82423	1.32371	11.0832	0.410967	3.68525	1.09686	2.61518	0.868909	7.79996	1.08783	9.11199
1.08358	2.44733	1.08154	2.4471	0.609284	5.3823	0.853591	7.60595	1.17591	9.71509	1.3249	10.9607	0.413483	3.66044	1.0938	2.61691	0.870817	7.71709	1.0886	9.00955
1.07986	2.44691	1.07783	2.44669	0.611471	5.33361	0.854177	7.51452	1.17686	9.60835	1.32612	10.8414	0.415965	3.63595	1.0908	2.61877	0.872703	7.63614	1.0893	8.92249
1.07615	2.4465	1.07412	2.44629	0.613631	5.2859	0.854804	7.42575	1.17778	9.50394	1.32738	10.7251	0.418412	3.61177	1.08785	2.62076	0.874569	7.55702	1.08993	8.84985
1.07245	2.44611	1.07042	2.4459	0.615765	5.23915	0.855473	7.33953	1.17869	9.40177	1.32868	10.6118	0.420823	3.58788	1.08495	2.62289	0.876414	7.47967	1.09045	8.79085
1.06875	2.44573	1.06673	2.44553	0.617873	5.1933	0.856183	7.25577	1.17958	9.30177	1.33	10.5014	0.4232	3.56429	1.08209	2.62515	0.878237	7.40403	1.09088	8.74486
1.06506	2.44536	1.06304	2.44517	0.619953	5.14833	0.856937	7.1744	1.18045	9.20387	1.33136	10.3936	0.425542	3.54097	1.07929	2.62755	0.880038	7.33002	1.0912	8.71142
1.06138	2.44501	1.05937	2.44483	0.622006	5.1042	0.857732	7.09532	1.1813	9.108	1.33276	10.2886	0.42785	3.51792	1.07653	2.63008	0.881817	7.25758	1.0914	8.69018
1.05771	2.44468	1.0557	2.4445	0.624032	5.06088	0.858571	7.01846	1.18203	9.02606	1.33418	10.1861	0.430123	3.49512	1.07382	2.63275	0.883573	7.18666	1.0917	8.65987
1.05404	2.44436	1.05204	2.4442	0.62603	5.01834	0.859454	6.94375	1.18263	8.95736	1.33564	10.0861	0.432362	3.47259	1.07116	2.63554	0.885307	7.11721	1.09204	8.62721
1.05039	2.44406	1.04839	2.44391	0.627999	4.97655	0.86038	6.8711	1.18313	8.90132	1.33713	9.98847	0.434567	3.4503	1.06854	2.63846	0.887018	7.04917	1.09249	8.58328
1.04674	2.44378	1.04474	2.44364	0.629941	4.93548	0.861349	6.80045	1.18352	8.85751	1.33865	9.89317	0.43674	3.42826	1.06596	2.6415	0.888705	6.98249	1.09308	8.52851
1.0431	2.44352	1.04111	2.44338	0.631855	4.89512	0.862363	6.73174	1.1838	8.82557	1.3402	9.8001	0.43888	3.40647	1.06341	2.64466	0.89037	6.91712	1.09381	8.46341
1.03947	2.44328	1.03748	2.44315	0.63374	4.85543	0.86342	6.6649	1.18398	8.80524	1.34179	9.70919	0.440988	3.38491	1.06091	2.64793	0.892012	6.85303	1.0947	8.38861
1.03585	2.44306	1.03387	2.44294	0.635597	4.8164	0.864521	6.59987	1.18423	8.77619	1.3434	9.62038	0.443065	3.36359	1.05844	2.65132	0.89363	6.79017	1.09574	8.30477
1.03224	2.44286	1.03026	2.44276	0.637426	4.778	0.865666	6.53659	1.18451	8.74482	1.34504	9.53358	0.445113	3.34251	1.056	2.65482	0.895226	6.7285	1.09683	8.22303
1.02864	2.44268	1.02667	2.44259	0.639227	4.74021	0.866855	6.47499	1.18488	8.70252	1.34671	9.44875	0.447131	3.32166	1.0536	2.65843	0.896799	6.66798	1.09795	8.1433
1.02505	2.44253	1.02308	2.44245	0.641001	4.70302	0.868088	6.41504	1.18534	8.6496	1.34841	9.36581	0.449121	3.30105	1.05123	2.66213	0.898348	6.60858	1.0991	8.06552
1.02147	2.4424	1.01951	2.44234	0.642747	4.66642	0.869364	6.35666	1.18589	8.58645	1.35013	9.2847	0.451084	3.28068	1.04888	2.66594	0.899876	6.55027	1.10029	7.98964
1.0179	2.44229	1.01595	2.44225	0.644465	4.63037	0.870683	6.29982	1.18653	8.51353	1.35165	9.21546	0.453022	3.26054	1.04657	2.66985	0.901381	6.49301	1.10152	7.91559
1.01434	2.44222	1.0124	2.44219	0.646156	4.59487	0.872045	6.24446	1.18725	8.43135	1.35297	9.15748	0.454934	3.24064	1.04428	2.67386	0.902864	6.43677	1.10278	7.84331
1.0108	2.44217	1.00886	2.44215	0.647821	4.55991	0.873449	6.19053	1.18795	8.35074	1.35406	9.11023	0.456824	3.22098	1.04202	2.67796	0.904326	6.38152	1.10408	7.77275
1.00726	2.44215	1.00533	2.44215	0.649459	4.52546	0.874895	6.13799	1.18864	8.27164	1.35494	9.07332	0.458691	3.20156	1.03978	2.68216	0.905766	6.32724	1.10541	7.70385
1.00374	2.44215	1.00182	2.44217	0.651072	4.49152	0.876383	6.08679	1.18931	8.19403	1.35558	9.04642	0.460536	3.18238	1.03756	2.68644	0.907186	6.2739	1.10678	7.63657
1.00023	2.44219	0.998316	2.44223	0.652659	4.45808	0.877912	6.0369	1.18997	8.11786	1.356	9.02931	0.462363	3.16345	1.03537	2.69082	0.908585	6.22147	1.10818	7.57085
0.996737	2.44227	0.994827	2.44232	0.654221	4.42513	0.879481	5.98825	1.19062	8.04309	1.3566	9.00486	0.46417	3.14476	1.0332	2.69528	0.909965	6.16994	1.10962	7.50664
0.993255	2.44237	0.991352	2.44244	0.655759	4.39264	0.88109	5.94082	1.19126	7.96969	1.35725	8.97848	0.465961	3.12632	1.03104	2.69983	0.911326	6.11928	1.11109	7.4439
0.989786	2.44251	0.987891	2.4426	0.657274	4.36063	0.882739	5.89457	1.19189	7.89762	1.35815	8.94293	0.467736	3.10813	1.02891	2.70447	0.912668	6.06947	1.1126	7.38259
0.986332	2.44269	0.984444	2.4428	0.658765	4.32907	0.884425	5.84946	1.1925	7.82686	1.35929	8.89847	0.469497	3.09019	1.0268	2.7092	0.913993	6.02049	1.11413	7.32265
0.982891	2.4429	0.981012	2.44303	0.660234	4.29795	0.88615	5.80544	1.19311	7.75736	1.36068	8.84548	0.471244	3.0725	1.0247	2.71401	0.9153	5.97232	1.1157	7.26404
0.979465	2.44315	0.977594	2.4433	0.661681	4.26728	0.887911	5.76249	1.19371	7.68911	1.36232	8.78434	0.47298	3.05507	1.02263	2.7189	0.916592	5.92494	1.1173	7.20674
0.976054	2.44344	0.974192	2.44361	0.663108	4.23704	0.889709	5.72057	1.1943	7.62206	1.36423	8.71552	0.474705	3.03789	1.02057	2.72388	0.917868	5.87835	1.11893	7.15068
0.972659	2.44377	0.970804	2.44397	0.664514	4.20722	0.891541	5.67964	1.19489	7.5562	1.36615	8.64809	0.47642	3.02097	1.01853	2.72894	0.919129	5.83251	1.12059	7.09584
0.969279	2.44414	0.967433	2.44436	0.6659	4.17782	0.893408	5.63968	1.19547	7.49149	1.3681	8.582	0.478128	3.0043	1.0165	2.73409	0.920377	5.78742	1.12228	7.04218
0.965914	2.44455	0.964077	2.4448	0.667268	4.14883	0.895309	5.60065	1.19605	7.42792	1.37007	8.51722	0.47983	2.98789	1.01449	2.73932	0.921611	5.74306	1.124	6.98967
0.962566	2.44501	0.960738	2.44528	0.668618	4.12025	0.897242	5.56251	1.19662	7.36545	1.37205	8.4537	0.481525	2.97174	1.0125	2.74463	0.922834	5.69941	1.12575	6.93826
0.959234	2.44551	0.957415	2.44581	0.669951	4.09207	0.899206	5.52525	1.19719	7.30406	1.37405	8.39141	0.483217	2.95585	1.01052	2.75003	0.924046	5.65648	1.12752	6.88792
0.955919	2.44606	0.95411	2.44638	0.671268	4.06428	0.901201	5.48883	1.19776	7.24373	1.37607	8.3303	0.484905	2.94022	1.00855	2.7555	0.925249	5.61423	1.12932	6.83863
0.952621	2.44666	0.950821	2.44701	0.672569	4.03688	0.903226	5.45322	1.19832	7.18443	1.37811	8.27035	0.486591	2.92484	1.0066	2.76106	0.926442	5.57267	1.13115	6.79034
0.94934	2.4473	0.947549	2.44768	0.673856	4.00986	0.905279	5.4184	1.19889	7.12615	1.38016	8.21152	0.488277	2.90973	1.00467	2.76671	0.927628	5.53177	1.133	6.74303
0.946076	2.448	0.944295	2.4484	0.675129	3.98323	0.90736	5.38434	1.19945	7.06885	1.38222	8.15378	0.489962	2.89487	1.00274	2.77243	0.928807	5.49154	1.13488	6.69667
0.94283	2.44875	0.941059	2.44918	0.676389	3.95696	0.909467	5.35101	1.20002	7.01254	1.3843	8.09709	0.491649	2.88028	1.00084	2.77824	0.92998	5.45195	1.13678	6.65124
0.939602	2.44954	0.93784	2.45	0.677638	3.93107	0.911599	5.31839	1.20058	6.95717	1.38639	8.04142	0.493338	2.86594	0.99894	2.78413	0.93115	5.413	1.1387	6.60669
0.936391	2.4504	0.93464	2.45088	0.678875	3.90555	0.913755	5.28645	1.20115	6.90274	1.38849	7.98674	0.49503	2.85185	0.997057	2.79011	0.932315	5.37468	1.14065	6.563
0.933199	2.4513	0.931457	2.45182	0.680102	3.88039	0.915935	5.25518	1.20173	6.84922	1.3906	7.93304	0.496726	2.83803	0.995186	2.79617	0.933479	5.33698	1.14261	6.52016
0.930025	2.45226	0.928293	2.45281	0.68132	3.85558	0.918137	5.22454	1.2023	6.7966	1.39272	7.88026	0.498428	2.82446	0.993328	2.80231	0.934642	5.29989	1.14459	6.47813
0.926869	2.45328	0.925148	2.45386	0.682529	3.83113	0.920359	5.19453	1.20289	6.74486	1.39486	7.8284	0.500135	2.81114	0.991481	2.80854	0.935805	5.26341	1.1466	6.43688
0.923732	2.45435	0.92202	2.45496	0.68373	3.80703	0.922602	5.16511	1.20347	6.69398	1.397	7.77743	0.501849	2.79807	0.989646	2.81485	0.93697	5.22752	1.14862	6.3964
0.920613	2.45548	0.918912	2.45612	0.684925	3.78328	0.924863	5.13626	1.20407	6.64395	1.39915	7.72731	0.503571	2.78526	0.987823	2.82125	0.938137	5.19222	1.15066	6.35666
0.917513	2.45667	0.915821	2.45734	0.686113	3.75986	0.927143	5.10798	1.20467	6.59475	1.40131	7.67803	0.505302	2.77269	0.986011	2.82773	0.939309	5.1575	1.15271	6.31764
0.914431	2.45791	0.91275	2.45862	0.687296	3.73679	0.929438	5.08022	1.20528	6.54636			0.507041	2.76038	0.98421	2.83429	0.940485	5.12336	1.15478	6.27932
0.911367	2.45922	0.909696	2.45996	0.688475	3.71406	0.931749	5.05299	1.2059	6.49878			0.508791	2.74831	0.982419	2.84095	0.941669	5.08979	1.15687	6.24167
0.908322	2.46059	0.906661	2.46136	0.689651	3.69165	0.934075	5.02626	1.20653	6.45199			0.510552	2.73648	0.980639	2.84769	0.94286	5.05677	1.15897	6.20467
0.905296	2.46201	0.903645	2.46282	0.690823	3.66958	0.936414	5.00001	1.20717	6.40596			0.512324	2.7249	0.978869	2.85451	0.94406	5.02432	1.16108	6.16832
0.902287	2.4635	0.900646	2.46435	0.691994	3.64783	0.938765	4.97423	1.20782	6.3607			0.514108	2.71356	0.977109	2.86142	0.945271	4.99241	1.16321	6.13258
0.899297	2.46505	0.897666	2.46593	0.693163	3.6264	0.941127	4.9489	1.20849	6.31618			0.515906	2.70246	0.975359	2.86842	0.946494	4.96105	1.16534	6.09743
0.896325	2.46667	0.894704	2.46758	0.694332	3.60529	0.9435	4.924	1.20916	6.2724			0.517717	2.69159	0.973618	2.8755	0.94773	4.93023	1.16749	6.06287
0.893371	2.46834	0.891759	2.46929	0.695501	3.5845	0.945881	4.89952	1.20985	6.22933			0.519542	2.68097	0.971885	2.88268	0.94898	4.89994	1.16964	6.02887
0.890434	2.47008	0.888832	2.47106	0.696672	3.56401	0.948271	4.87545	1.21055	6.18698			0.521383	2.67057	0.970162	2.88994	0.950246	4.87018	1.1718	5.99542
0.887515	2.47188	0.885923	2.47289	0.697843	3.54384	0.950667	4.85176	1.21127	6.14532			0.523239	2.66042	0.968447	2.89729	0.95153	4.84095	1.17398	5.96249
0.884613	2.47374	0.88303	2.47479	0.699018	3.52397	0.953069	4.82845	1.21201	6.10435			0.525113	2.65049	0.966741	2.90473	0.952832	4.81224	1.17615	5.93008
0.881729	2.47567	0.880155	2.47675	0.700195	3.50441	0.955476	4.80551	1.21276	6.06405			0.527003	2.64079	0.965042	2.91225	0.954153	4.78404	1.17834	5.89817
0.87886	2.47765	0.877295	2.47877	0.701376	3.48515	0.957887	4.78291	1.21353	6.02441			0.528912	2.63132	0.963351	2.91987	0.955497	4.75635	1.18053	5.86675
0.876008	2.4797	0.874452	2.48085	0.702562	3.46618	0.960301	4.76066	1.21431	5.98542			0.53084	2.62209	0.961668	2.92757	0.956862	4.72917	1.18272	5.83579
0.873173	2.48182	0.871625	2.483	0.703753	3.4475	0.962716	4.73872	1.21512	5.94708			0.532787	2.61308	0.959991	2.93537	0.958252	4.7025	1.18492	5.80529
0.870352	2.48399	0.868813	2.48521	0.704949	3.42912	0.965133	4.7171	1.21594	5.90937			0.534756	2.60429	0.958321	2.94325	0.959667	4.67632	1.18712	5.77523
0.867547	2.48623	0.866016	2.48748	0.706152	3.41102	0.967549	4.69579	1.21679	5.87228			0.536746	2.59574	0.956658	2.95122	0.961109	4.65063	1.18932	5.7456
0.864757	2.48852	0.863234	2.48981	0.707362	3.39321	0.969964	4.67476	1.21765	5.8358			0.538759	2.58742	0.955	2.95929	0.962579	4.62544	1.19153	5.71639
0.861981	2.49088	0.860466	2.4922	0.70858	3.37568	0.972377	4.65402	1.21854	5.79992			0.540797	2.57932	0.953348	2.96744	0.964079	4.60074	1.19373	5.68758
0.859219	2.4933	0.857712	2.49465	0.709806	3.35842	0.974787	4.63354	1.21945	5.76464			0.54286	2.57146	0.951701	2.97568	0.965609	4.57652	1.19594	5.65917
0.856471	2.49578	0.85497	2.49716	0.711041	3.34144	0.977194	4.61333	1.22038	5.72994			0.54495	2.56383	0.95006	2.98402	0.967171	4.55277	1.19814	5.63114
0.853735	2.49832	0.852241	2.49973	0.712285	3.32474	0.979595	4.59337	1.22133	5.69582			0.547069	2.55644	0.948422	2.99244	0.968766	4.52951	1.20034	5.60348
0.851012	2.50091	0.849524	2.50235	0.713539	3.3083	0.981991	4.57364	1.22231	5.66226			0.549219	2.54929	0.946789	3.00095	0.970396	4.50672	1.20254	5.57618
0.8483	2.50356	0.846819	2.50504	0.714803	3.29214	0.98438	4.55416	1.22331	5.62927			0.551402	2.54239	0.945159	3.00956	0.972062	4.48439	1.20474	5.54922
0.8456	2.50627	0.844124	2.50777	0.716079	3.27623	0.986762	4.5349	1.22434	5.59682			0.553621	2.53575	0.943533	3.01825	0.973765	4.46253	1.20693	5.52261
0.842909	2.50903	0.841439	2.51056	0.717367	3.26059	0.989136	4.51585	1.22539	5.56491			0.555879	2.52937	0.941909	3.02703	0.975505	4.44113	1.20912	5.49633
0.840229	2.51184	0.838764	2.5134	0.718666	3.24521	0.991501	4.49701	1.22647	5.53354			0.558178	2.52326	0.940287	3.0359	0.977285	4.42019	1.21131	5.47037
0.837557	2.5147	0.836096	2.51629	0.719979	3.23008	0.993856	4.47837	1.22757	5.50269			0.560524	2.51744	0.938667	3.04486	0.979105	4.3997	1.21349	5.44472
0.834893	2.51762	0.833437	2.51923	0.721305	3.21521	0.9962	4.45993	1.2287	5.47236			0.56292	2.51191	0.937049	3.05391	0.980967	4.37966	1.21566	5.41937
0.832237	2.52058	0.830784	2.52222	0.722644	3.20059	0.998533	4.44167	1.22987	5.44254			0.565371	2.50671	0.935431	3.06305	0.98287	4.36006	1.21783	5.39432
0.829587	2.52358	0.828138	2.52525	0.723998	3.18622	1.00085	4.4236	1.23105	5.41322			0.567883	2.50183	0.933813	3.07227	0.984816	4.3409	1.21999	5.36956
0.826943	2.52663	0.825496	2.52832	0.725368	3.17209	1.00316	4.40569	1.23227	5.3844			0.57046	2.49731	0.932195	3.08158	0.986806	4.32217	1.22214	5.34507
0.824303	2.52972	0.822858	2.53143	0.726752	3.15821	1.00546	4.38795	1.23352	5.35607			0.573109	2.49315	0.930576	3.09097	0.988841	4.30387	1.22428	5.32085
0.821667	2.53285	0.820223	2.53458	0.728153	3.14458	1.00774	4.37038	1.23479	5.32821			0.575835	2.48938	0.928955	3.10045	0.990921	4.286	1.22641	5.2969
0.819033	2.53601	0.81759	2.53776	0.72957	3.13118	1.01	4.35296	1.2361	5.30083			0.578643	2.486	0.927332	3.11002	0.993046	4.26855	1.22854	5.27321
0.8164	2.53921	0.814957	2.54097	0.731005	3.11802	1.01225	4.33568	1.23743	5.27391			0.581537	2.48304	0.925706	3.11967	0.995218	4.2515	1.23065	5.24976
0.813767	2.54243	0.812323	2.54421	0.732457	3.1051	1.01449	4.31856	1.2388	5.24746			0.584519	2.48049	0.924076	3.1294	0.997436	4.23487	1.23276	5.22656
0.811133	2.54568	0.809688	2.54748	0.733928	3.09241	1.01671	4.30157	1.2402	5.22145			0.587591	2.47834	0.922442	3.13921	0.999701	4.21863	1.23485	5.20359
0.808496	2.54896	0.807049	2.55076	0.735417	3.07996	1.01891	4.28472	1.24162	5.19589			0.59075	2.47659	0.920803	3.1491	1.00201	4.20279	1.23694	5.18086
0.805855	2.55225	0.804406	2.55405	0.736927	3.06773	1.02109	4.268	1.24308	5.17076			0.593993	2.47521	0.919159	3.15907	1.00437	4.18733	1.23901	5.15835
0.803209	2.55555	0.801756	2.55736	0.738456	3.05574	1.02326	4.2514	1.24458	5.14607			0.597316	2.47417	0.917507	3.16911	1.00678	4.17226	1.24107	5.13606
0.800556	2.55886	0.799099	2.56067	0.740006	3.04397	1.02541	4.23493	1.2461	5.1218			0.600713	2.47346	0.915849	3.17924	1.00923	4.15756	1.24311	5.11399
0.797895	2.56217	0.796432	2.56399	0.741577	3.03243	1.02753	4.21857	1.24765	5.09795			0.604177	2.47302	0.914182	3.18943	1.01173	4.14322	1.24515	5.09212
0.795223	2.56548	0.793755	2.5673	0.743171	3.02112	1.02964	4.20233	1.24924	5.0745			0.6077	2.47283	0.912506	3.1997	1.01428	4.12924	1.24717	5.07046
0.79254	2.56879	0.791065	2.5706	0.744787	3.01003	1.03174	4.18621	1.25086	5.05146			0.611277	2.47286	0.91082	3.21003	1.01687	4.11562	1.24918	5.049
0.789844	2.57208	0.78836	2.57388	0.746427	2.99916	1.03381	4.17019	1.25251	5.02882			0.6149	2.47308	0.909123	3.22043	1.01951	4.10233	1.25118	5.02774
0.787133	2.57536	0.78564	2.57715	0.748092	2.98852	1.03586	4.15427	1.25419	5.00656			0.618564	2.47346	0.907415	3.2309	1.0222	4.08938	1.25316	5.00666
0.784405	2.57861	0.782903	2.58038	0.749781	2.97809	1.03789	4.13846	1.25591	4.98469			0.622263	2.47397	0.905694	3.24143	1.02492	4.07676	1.25513	4.98578
0.78166	2.58184	0.780147	2.58359	0.751496	2.96789	1.0399	4.12275	1.25766	4.96319			0.625993	2.4746	0.903959	3.25202	1.0277	4.06445	1.25708	4.96508
0.778894	2.58503	0.77737	2.58676	0.753238	2.95791	1.04189	4.10714	1.25944	4.94206			0.62975	2.47533	0.902209	3.26267	1.03051	4.05245	1.25902	4.94455
0.776108	2.58818	0.774571	2.58988	0.755007	2.94814	1.04386	4.09163	1.26125	4.9213			0.63353	2.47614	0.900444	3.27337	1.03337	4.04076	1.26095	4.92421
0.773298	2.59128	0.771749	2.59296	0.756804	2.9386	1.04581	4.07621	1.26309	4.90089			0.637331	2.47702	0.898663	3.28413	1.03627	4.02935	1.26286	4.90403
0.770465	2.59434	0.768902	2.59599	0.758631	2.92928	1.04774	4.06088	1.26496	4.88082			0.641149	2.47796	0.896864	3.29493	1.03921	4.01823	1.26476	4.88403
0.767606	2.59733	0.766029	2.59895	0.760488	2.92017	1.04965	4.04565	1.26687	4.8611			0.644982	2.47894	0.895046	3.30578	1.04219	4.00739	1.26665	4.8642
0.764721	2.60027	0.763129	2.60185	0.762376	2.91129	1.05154	4.0305	1.26881	4.84172			0.648828	2.47997	0.893208	3.31668	1.04521	3.99681	1.26852	4.84453
0.761809	2.60314	0.760201	2.60469	0.764296	2.90262	1.0534	4.01545	1.27077	4.82266			0.652686	2.48103	0.89135	3.32761	1.04826	3.98649	1.27037	4.82502
0.758868	2.60595	0.757244	2.60745	0.76625	2.89418	1.05525	4.00048	1.27277	4.80392			0.656555	2.48211	0.88947	3.33858	1.05135	3.97642	1.27222	4.80568
0.755899	2.60868	0.754259	2.61015	0.768238	2.88595	1.05708	3.9856	1.2748	4.7855			0.660432	2.48322	0.887567	3.34959	1.05448	3.96659	1.27404	4.78649
0.7529	2.61134	0.751244	2.61276	0.770261	2.87795	1.05888	3.9708	1.27685	4.76739			0.664318	2.48435	0.88564	3.36062	1.05764	3.957	1.27586	4.76745
0.749871	2.61392	0.748199	2.6153	0.772321	2.87016	1.06067	3.95609	1.27894	4.74958			0.66821	2.48549	0.883689	3.37168	1.06083	3.94763	1.27766	4.74858
0.746813	2.61642	0.745124	2.61776	0.774418	2.8626	1.06244	3.94146	1.28105	4.73206			0.672109	2.48664	0.881712	3.38277	1.06406	3.93847	1.27945	4.72985
0.743724	2.61885	0.74202	2.62014	0.776553	2.85526	1.06419	3.92692	1.28319	4.71484			0.676013	2.4878	0.879707	3.39387	1.06731	3.92953	1.28123	4.71128
0.740607	2.62119	0.738886	2.62244	0.778729	2.84815	1.06592	3.91246	1.28536	4.69789			0.679922	2.48896	0.877676	3.405	1.0706	3.92079	1.28299	4.69286
0.73746	2.62345	0.735723	2.62466	0.780945	2.84125	1.06763	3.89809	1.28756	4.68122			0.683835	2.49013	0.875615	3.41613	1.07391	3.91224	1.28474	4.67458
0.734284	2.62564	0.732532	2.6268	0.783203	2.83458	1.06932	3.8838	1.28978	4.66482			0.687752	2.4913	0.873525	3.42728	1.07725	3.90387	1.28648	4.65645
0.73108	2.62775	0.729313	2.62887	0.785504	2.82813	1.07099	3.86959	1.29203	4.64868			0.691673	2.49247	0.871404	3.43843	1.08061	3.89569	1.28821	4.63847
0.727849	2.62977	0.726067	2.63085	0.787848	2.82191	1.07265	3.85547	1.2943	4.6328			0.695597	2.49364	0.869253	3.44959	1.084	3.88767	1.28992	4.62064
0.724592	2.63173	0.722795	2.63277	0.790237	2.81591	1.07429	3.84143	1.2966	4.61717			0.699523	2.49481	0.867069	3.46074	1.08741	3.87982	1.29163	4.60295
0.721308	2.63361	0.719498	2.63461	0.792671	2.81013	1.07591	3.82747	1.29892	4.60178			0.703452	2.49597	0.864853	3.4719	1.09085	3.87213	1.29333	4.58541
0.718	2.63542	0.716177	2.63638	0.79515	2.80457	1.07751	3.8136	1.30126	4.58663			0.707382	2.49713	0.862604	3.48305	1.0943	3.86459	1.29501	4.56801
0.714668	2.63716	0.712832	2.63809	0.797676	2.79923	1.0791	3.79981	1.30363	4.57171			0.711315	2.49828	0.860322	3.4942	1.09777	3.85719	1.29669	4.55076
0.711313	2.63884	0.709465	2.63973	0.800249	2.7941	1.08068	3.78611	1.30601	4.55701			0.715249	2.49943	0.858005	3.50534	1.10126	3.84993	1.29836	4.53365
0.707937	2.64045	0.706077	2.64131	0.802868	2.78919	1.08223	3.77249	1.30842	4.54254			0.719184	2.50057	0.855654	3.51647	1.10477	3.8428	1.30002	4.51669
0.704539	2.642	0.702669	2.64282	0.805534	2.78449	1.08378	3.75896	1.31085	4.52827			0.723121	2.5017	0.853268	3.52759	1.10829	3.83579	1.30167	4.49987
0.701122	2.64349	0.699241	2.64429	0.808246	2.77999	1.08531	3.74551	1.3133	4.51422			0.727059	2.50283	0.850847	3.5387	1.11183	3.82891	1.30332	4.48319
0.697686	2.64493	0.695795	2.6457	0.811004	2.7757	1.08682	3.73215	1.31576	4.50036			0.730998	2.50394	0.848392	3.5498	1.11538	3.82214	1.30496	4.46666
0.694232	2.64632	0.692331	2.64706	0.813808	2.77161	1.08832	3.71888	1.31824	4.4867			0.734937	2.50505	0.845901	3.56088	1.11894	3.81547	1.3066	4.45028
0.690761	2.64765	0.688852	2.64837	0.816657	2.7677	1.08981	3.70569	1.32074	4.47323			0.738877	2.50615	0.843376	3.57195	1.12252	3.80891	1.30823	4.43404
0.687274	2.64894	0.685356	2.64963	0.81955	2.76399	1.09129	3.69259	1.32326	4.45995			0.742818	2.50724	0.840816	3.58301	1.1261	3.80244	1.30986	4.41795
0.683771	2.65019	0.681846	2.65085	0.822486	2.76045	1.09276	3.67957	1.32579	4.44684			0.746759	2.50833	0.838221	3.59406	1.12969	3.79606	1.31149	4.402
0.680255	2.65139	0.678322	2.65203	0.825464	2.75709	1.09421	3.66665	1.32833	4.43391			0.7507	2.5094	0.835592	3.6051	1.13329	3.78977	1.31311	4.3862
0.676725	2.65256	0.674785	2.65318	0.828482	2.75389	1.09565	3.65381	1.33089	4.42115			0.754642	2.51046	0.832929	3.61613	1.13689	3.78356	1.31474	4.37056
0.673182	2.65368	0.671236	2.65429	0.831539	2.75086	1.09709	3.64107	1.33346	4.40855			0.758583	2.51151	0.830234	3.62716	1.1405	3.77742	1.31636	4.35506
0.669627	2.65477	0.667675	2.65536	0.834634	2.74798	1.09851	3.62841	1.33604	4.3961			0.762525	2.51256	0.827505	3.63818	1.14411	3.77136	1.31798	4.33971
0.666061	2.65583	0.664103	2.6564	0.837766	2.74524	1.09992	3.61584	1.33863	4.38381			0.766466	2.51359	0.824745	3.6492	1.14772	3.76535	1.31961	4.32452
0.662485	2.65686	0.66052	2.65742	0.840932	2.74264	1.10133	3.60336	1.34124	4.37167			0.770408	2.51461	0.821953	3.66023	1.15134	3.75941	1.32124	4.30948
0.658898	2.65786	0.656928	2.6584	0.844132	2.74018	1.10272	3.59097	1.34385	4.35967			0.774349	2.51562	0.819132	3.67126	1.15495	3.75352	1.32288	4.29459
0.655302	2.65884	0.653327	2.65936	0.847363	2.73784	1.10411	3.57867	1.34646	4.3478			0.77829	2.51663	0.81628	3.6823	1.15857	3.74769	1.32452	4.27986
0.651697	2.65979	0.649717	2.6603	0.850623	2.73562	1.10549	3.56647	1.34909	4.33607			0.78223	2.51762	0.8134	3.69336	1.16218	3.7419	1.32616	4.26529
0.648083	2.66071	0.6461	2.66121	0.853913	2.73351	1.10687	3.55435	1.35172	4.32447			0.78617	2.5186	0.810493	3.70443	1.16578	3.73615	1.32782	4.25087
0.644462	2.66162	0.642474	2.66211	0.857229	2.7315	1.10824	3.54232	1.35436	4.31299			0.790109	2.51957	0.807559	3.71554	1.16939	3.73043	1.32948	4.23662
0.640833	2.6625	0.638842	2.66298	0.860571	2.7296	1.1096	3.53039	1.357	4.30163			0.794048	2.52053	0.8046	3.72667	1.17298	3.72475	1.33115	4.22253
0.637198	2.66337	0.635202	2.66384	0.863937	2.72779	1.11096	3.51855	1.35965	4.29039			0.797987	2.52148	0.801616	3.73784	1.17657	3.71909	1.33284	4.2086
0.633555	2.66422	0.631557	2.66468	0.867326	2.72606	1.11231	3.5068	1.36229	4.27925			0.801924	2.52241	0.798609	3.74905	1.18014	3.71346	1.33453	4.19484
0.629907	2.66506	0.627905	2.66551	0.870736	2.72442	1.11366	3.49515	1.36494	4.26823			0.805861	2.52334	0.79558	3.76031	1.18371	3.70784	1.33625	4.18125
0.626253	2.66588	0.624249	2.66632	0.874166	2.72285	1.115	3.48358	1.3676	4.2573			0.809797	2.52426	0.792531	3.77163	1.18727	3.70224	1.33797	4.16783
0.622594	2.66668	0.620586	2.66712	0.877615	2.72136	1.11634	3.47211	1.37025	4.24647			0.813732	2.52516	0.789462	3.78301	1.19081	3.69664	1.33971	4.15458
0.61893	2.66748	0.61692	2.66791	0.881081	2.71994	1.11768	3.46073	1.3729	4.23574			0.817666	2.52606	0.786375	3.79446	1.19433	3.69105	1.34148	4.1415
0.615261	2.66827	0.613248	2.66869	0.884565	2.71858	1.11901	3.44945	1.37554	4.22509			0.821599	2.52694	0.783271	3.80599	1.19784	3.68546	1.34326	4.12861
0.611587	2.66904	0.609572	2.66946	0.888064	2.71728	1.12034	3.43825	1.37819	4.21453			0.825531	2.52781	0.780152	3.81761	1.20134	3.67986	1.34506	4.11589
0.60791	2.66981	0.605893	2.67023	0.891578	2.71604	1.12167	3.42715	1.38083	4.20405			0.829462	2.52867	0.777018	3.82932	1.20481	3.67426	1.34689	4.10335
0.604229	2.67057	0.60221	2.67099	0.895106	2.71484	1.123	3.41614	1.38347	4.19366			0.833392	2.52952	0.773872	3.84114	1.20826	3.66864	1.34873	4.09099
0.600544	2.67133	0.598523	2.67174	0.898646	2.7137	1.12433	3.40523	1.3861	4.18333			0.837321	2.53036	0.770714	3.85307	1.21169	3.663	1.35061	4.07882
0.596856	2.67208	0.594833	2.67249	0.902199	2.71261	1.12565	3.39441	1.38873	4.17308			0.841248	2.53119	0.767546	3.86512	1.2151	3.65734	1.35251	4.06684
0.593165	2.67283	0.591141	2.67323	0.905763	2.71156	1.12698	3.38368	1.39135	4.1629			0.845174	2.532	0.764369	3.8773	1.21848	3.65165	1.35444	4.05505
0.589471	2.67357	0.587445	2.67398	0.909338	2.71055	1.1283	3.37304	1.39396	4.15278			0.849098	2.53281	0.761184	3.88963	1.22183	3.64593	1.35641	4.04345
0.585774	2.67431	0.583748	2.67472	0.912923	2.70957	1.12963	3.36249	1.39656	4.14272			0.853021	2.5336	0.757994	3.90211	1.22516	3.64018	1.3584	4.03205
0.582076	2.67505	0.580048	2.67546	0.916517	2.70864	1.13096	3.35204	1.39916	4.13272			0.856943	2.53438	0.754799	3.91475	1.22846	3.63438	1.36043	4.02084
0.578375	2.67579	0.576346	2.6762	0.92012	2.70774	1.13228	3.34168	1.40174	4.12277			0.860862	2.53515	0.751601	3.92756	1.23172	3.62855	1.36249	4.00983
0.574672	2.67654	0.572642	2.67695	0.923731	2.70687	1.13361	3.33141					0.86478	2.53591	0.7484	3.94056	1.23495	3.62266	1.36459	3.99902
0.570968	2.67728	0.568937	2.67769	0.92735	2.70602	1.13494	3.32123					0.868696	2.53666	0.745199	3.95375	1.23815	3.61673	1.36673	3.98842
0.567262	2.67803	0.565231	2.67844	0.930976	2.70521	1.13628	3.31114					0.87261	2.53739	0.742	3.96716	1.24131	3.61074	1.36891	3.97802
0.563555	2.67878	0.561523	2.6792	0.934609	2.70443	1.13761	3.30115					0.876523	2.53812	0.738802	3.98078	1.24444	3.6047	1.37112	3.96782
0.559846	2.67954	0.557814	2.67996	0.938248	2.70366	1.13895	3.29124					0.880433	2.53883	0.735608	3.99464	1.24752	3.59859	1.37338	3.95783
0.556137	2.6803	0.554104	2.68072	0.941893	2.70293	1.14029	3.28143					0.88434	2.53953	0.73242	4.00874	1.25057	3.59243	1.37569	3.94805
0.552427	2.68107	0.550394	2.6815	0.945544	2.70221	1.14163	3.27171					0.888246	2.54021	0.729238	4.02311	1.25358	3.58619	1.37804	3.93848
0.548717	2.68185	0.546684	2.68228	0.949199	2.70151	1.14298	3.26207					0.892149	2.54089	0.726064	4.03775	1.25654	3.57989	1.38043	3.92911
0.545006	2.68264	0.542973	2.68308	0.95286	2.70084	1.14433	3.25253					0.896049	2.54155	0.7229	4.05269	1.25946	3.57353	1.38287	3.91996
0.541295	2.68344	0.539262	2.68388	0.956525	2.70018	1.14568	3.24308					0.899947	2.5422	0.719746	4.06792	1.26234	3.56709	1.38536	3.91101
0.537585	2.68425	0.535551	2.6847	0.960194	2.69954	1.14704	3.23371					0.903842	2.54283	0.716605	4.08348	1.26518	3.56058	1.3879	3.90227
0.533874	2.68507	0.531841	2.68553	0.963867	2.69891	1.14841	3.22443					0.907734	2.54345	0.713478	4.09938	1.26797	3.554	1.39049	3.89374
0.530164	2.68591	0.528131	2.68638	0.967544	2.6983	1.14977	3.21525					0.911623	2.54406	0.710367	4.11564	1.27072	3.54734	1.39312	3.88542
0.526454	2.68677	0.524422	2.68724	0.971224	2.6977	1.15115	3.20615					0.915508	2.54465	0.707272	4.13226	1.27342	3.54061	1.39581	3.8773
0.522745	2.68764	0.520714	2.68812	0.974907	2.69712	1.15253	3.19713					0.91939	2.54523	0.704196	4.14928	1.27607	3.53382	1.39854	3.86938
0.519038	2.68852	0.517006	2.68902	0.978593	2.69655	1.15391	3.18821					0.923268	2.54579	0.70114	4.16671	1.27868	3.52694	1.40133	3.86167
0.515331	2.68943	0.513301	2.68994	0.982282	2.69599	1.1553	3.17937					0.927142	2.54634	0.698106	4.18457	1.28125	3.52		
0.511626	2.69036	0.509597	2.69088	0.985973	2.69544	1.1567	3.17062					0.931013	2.54688	0.695095	4.20289	1.28376	3.51299		
0.507923	2.69132	0.505895	2.69185	0.989666	2.69491	1.1581	3.16195					0.934878	2.54739	0.692108	4.22167	1.28624	3.50592		
0.504222	2.6923	0.502194	2.69284	0.993361	2.69438	1.15951	3.15337					0.938739	2.54789	0.689148	4.24096	1.28867	3.49877		
0.500523	2.6933	0.498497	2.69386	0.997057	2.69386	1.16092	3.14488					0.942595	2.54837	0.686216	4.26076	1.29105	3.49157		
0.496826	2.69434	0.494801	2.69492	1.00076	2.69335	1.16235	3.13647					0.946446	2.54884	0.683314	4.28111	1.2934	3.48431		
0.493132	2.6954	0.491109	2.696	1.00446	2.69284	1.16378	3.12814					0.950291	2.54929	0.680443	4.30202	1.2957	3.47698		
0.489441	2.6965	0.48742	2.69712	1.00816	2.69235	1.16521	3.1199					0.95413	2.54971	0.677605	4.32353	1.29796	3.46961		
0.485753	2.69764	0.483734	2.69827	1.01186	2.69186	1.16666	3.11174					0.957963	2.55012	0.674802	4.34567	1.30018	3.46218		
0.482069	2.69881	0.480052	2.69947	1.01556	2.69137	1.16811	3.10367					0.961789	2.5505	0.672034	4.36845	1.30236	3.45471		
0.478389	2.70003	0.476374	2.70071	1.01926	2.69089	1.16957	3.09568					0.965607	2.55086	0.669305	4.39192	1.3045	3.44719		
0.474714	2.70129	0.472701	2.702	1.02297	2.69042	1.17104	3.08777					0.969418	2.5512	0.666616	4.4161	1.3066	3.43963		
0.471043	2.70259	0.469033	2.70333	1.02667	2.68995	1.17252	3.07995					0.97322	2.55152	0.663967	4.44102	1.30867	3.43204		
0.467377	2.70395	0.46537	2.70472	1.03037	2.68948	1.174	3.0722					0.977013	2.55181	0.661362	4.46671	1.31071	3.42441		
0.463716	2.70537	0.461713	2.70617	1.03408	2.68902	1.1755	3.06454					0.980796	2.55207	0.658801	4.49322	1.31271	3.41676		
0.460062	2.70684	0.458062	2.70768	1.03778	2.68856	1.177	3.05696					0.984569	2.5523	0.656287	4.52057	1.31468	3.40907		
0.456414	2.70838	0.454418	2.70925	1.04148	2.6881	1.17852	3.04945					0.988331	2.5525	0.65382	4.5488	1.31662	3.40137		
0.452774	2.70999	0.450782	2.7109	1.04519	2.68764	1.18004	3.04203					0.99208	2.55267	0.651402	4.57796	1.31853	3.39365		
0.449141	2.71167	0.447153	2.71262	1.04889	2.68719	1.18157	3.03469					0.995817	2.5528	0.649036	4.60807	1.32041	3.38591		
0.445516	2.71343	0.443534	2.71443	1.05259	2.68673	1.18311	3.02743					0.999539	2.55289	0.646722	4.63918	1.32226	3.37817		
0.441901	2.71528	0.439923	2.71633	1.05629	2.68628	1.18467	3.02025					1.00325	2.55295	0.644462	4.67134	1.32409	3.37041		
0.438295	2.71722	0.436323	2.71833	1.05999	2.68583	1.18623	3.01314					1.00694	2.55296	0.642258	4.70458	1.3259	3.36266		
0.4347	2.71927	0.432734	2.72043	1.06368	2.68537	1.1878	3.00612					1.01061	2.55293	0.64011	4.73895	1.32768	3.3549		
0.431116	2.72142	0.429157	2.72265	1.06738	2.68492	1.18939	2.99917					1.01426	2.55285	0.63802	4.7745	1.32944	3.34714		
0.427545	2.7237	0.425593	2.725	1.07107	2.68446	1.19098	2.9923					1.01789	2.55272	0.635989	4.81127	1.33118	3.33939		
0.423987	2.7261	0.422044	2.72747	1.07476	2.684	1.19259	2.98551					1.0215	2.55254	0.634019	4.84932	1.3329	3.33164		
0.420444	2.72864	0.418509	2.7301	1.07845	2.68354	1.19421	2.9788					1.02509	2.55229	0.632111	4.88869	1.33461	3.32391		
0.416917	2.73134	0.414992	2.73288	1.08214	2.68308	1.19584	2.97216					1.02865	2.55199	0.630265	4.92944	1.33629	3.31618		
0.413407	2.7342	0.411492	2.73584	1.08582	2.68261	1.19748	2.9656					1.03218	2.55162	0.628482	4.97162	1.33796	3.30848		
0.409917	2.73724	0.408012	2.73899	1.0895	2.68214	1.19913	2.95912					1.03569	2.55117	0.626764	5.01529	1.33962	3.30079		
0.406446	2.74048	0.404554	2.74235	1.09318	2.68167	1.2008	2.95271					1.03916	2.55066	0.62511	5.06051	1.34126	3.29312		
0.402999	2.74394	0.401119	2.74593	1.09686	2.68119	1.20247	2.94638					1.0426	2.55007	0.623522	5.10733	1.34289	3.28548		
0.399575	2.74763	0.39771	2.74976	1.10053	2.6807	1.20417	2.94013					1.04601	2.5494	0.622001	5.15582	1.3445	3.27785		
0.396178	2.75158	0.394328	2.75386	1.10419	2.68021	1.20587	2.93395					1.04937	2.54864	0.620546	5.20605	1.34611	3.27026		
0.392809	2.75581	0.390976	2.75826	1.10786	2.67971	1.20759	2.92785					1.05271	2.5478	0.619157	5.25807	1.3477	3.26269		
0.389472	2.76035	0.387658	2.76298	1.11151	2.6792	1.20932	2.92183					1.056	2.54688	0.617837	5.31197	1.34929	3.25515		
0.386169	2.76523	0.384375	2.76806	1.11517	2.67869	1.21107	2.91588					1.05925	2.54586	0.616583	5.3678	1.35086	3.24764		
0.382903	2.77048	0.381131	2.77352	1.11881	2.67817	1.21283	2.91001					1.06247	2.54476	0.615397	5.42565	1.35243	3.24017		
0.379678	2.77613	0.377929	2.77942	1.12246	2.67763	1.21461	2.90421					1.06565	2.54358	0.614277	5.48559	1.35399	3.23273		
0.376496	2.78223	0.374772	2.78578	1.12609	2.67709	1.2164	2.89849					1.06878	2.5423	0.613226	5.54771	1.35554	3.22532		
0.373362	2.78882	0.371666	2.79265	1.12972	2.67653	1.21821	2.89285					1.07188	2.54095	0.61224	5.61208	1.35709	3.21795		
0.370279	2.79593	0.368613	2.80007	1.13334	2.67597	1.22003	2.88728					1.07494	2.53952	0.611322	5.67879	1.35863	3.21061		
0.367252	2.80363	0.365618	2.80811	1.13696	2.67539	1.22187	2.88179					1.07797	2.53802	0.61047	5.74794	1.36017	3.20332		
0.364284	2.81196	0.362685	2.81681	1.14057	2.67479	1.22373	2.87638					1.08096	2.53645	0.609683	5.81962	1.3617	3.19606		
0.36138	2.82097	0.359818	2.82623	1.14417	2.67418	1.2256	2.87105					1.08393	2.53481	0.608961	5.89394	1.36323	3.18885		
0.358545	2.83074	0.357022	2.83642	1.14776	2.67356	1.22749	2.86579					1.08686	2.53312	0.608304	5.97099	1.36475	3.18168		
0.355783	2.84131	0.354301	2.84746	1.15134	2.67292	1.2294	2.86061					1.08976	2.53138	0.60771	6.05089	1.36628	3.17454		
0.353098	2.85274	0.35166	2.8594	1.15492	2.67226	1.23133	2.85551					1.09265	2.52959	0.60718	6.13376	1.3678	3.16745		
0.350494	2.86512	0.349102	2.87232	1.15848	2.67158	1.23328	2.85049					1.0955	2.52776	0.606711	6.21972	1.36932	3.16041		
0.347975	2.87849	0.346632	2.88627	1.16203	2.67088	1.23525	2.84555					1.09834	2.5259	0.606304	6.3089	1.37083	3.1534		
0.345544	2.89293	0.344251	2.90131	1.16557	2.67016	1.23724	2.84069					1.10117	2.52401	0.605958	6.40144	1.37235	3.14644		
0.343206	2.90849	0.341964	2.91753	1.1691	2.66942	1.23925	2.83591					1.10397	2.5221	0.605671	6.49748	1.37387	3.13953		
0.340961	2.92526	0.339772	2.93497	1.17262	2.66865	1.24129	2.83121					1.10677	2.52017	0.605442	6.59718	1.37538	3.13266		
0.338813	2.94327	0.337677	2.9537	1.17612	2.66786	1.24334	2.8266					1.10955	2.51823	0.605271	6.7007	1.3769	3.12584		
0.336763	2.96261	0.335681	2.97379	1.17961	2.66704	1.24542	2.82206					1.11232	2.51629	0.605156	6.80822	1.37841	3.11906		
0.334811	2.98332	0.333784	2.99528	1.18308	2.66619	1.24753	2.81762					1.11509	2.51433	0.605097	6.91992	1.37993	3.11233		
0.332959	3.00547	0.331985	3.01823	1.18654	2.66531	1.24966	2.81326					1.11785	2.51238	0.605092	7.03601	1.38145	3.10565		
0.331205	3.0291	0.330285	3.0427	1.18998	2.66439	1.25182	2.80899					1.12061	2.51043	0.605141	7.15669	1.38297	3.09901		
0.329549	3.05428	0.328683	3.06875	1.1934	2.66345	1.254	2.8048					1.12336	2.50849	0.605241	7.28218	1.38449	3.09242		
0.327991	3.08105	0.327178	3.09642	1.1968	2.66247	1.25621	2.80071					1.12611	2.50655	0.605393	7.41274	1.38602	3.08588		
0.326529	3.10948	0.325768	3.12577	1.20018	2.66145	1.25845	2.7967					1.12886	2.50463	0.605595	7.54862	1.38755	3.07938		
0.325161	3.13961	0.324451	3.15686	1.20355	2.66039	1.26072	2.79279					1.13161	2.50271	0.60581	7.67158	1.38908	3.07294		
0.323886	3.17149	0.323225	3.18973	1.20689	2.65929	1.26302	2.78897					1.13436	2.50082	0.606022	7.7799	1.39061	3.06654		
0.322701	3.2052	0.32209	3.22446	1.2102	2.65815	1.26535	2.78524					1.13712	2.49893	0.606218	7.87201	1.39215	3.06018		
0.321606	3.24077	0.321042	3.26109	1.2135	2.65696	1.26772	2.78161					1.13987	2.49707	0.606384	7.94652	1.39369	3.05388		
0.320597	3.27829	0.32008	3.29969	1.21677	2.65573	1.27012	2.77807					1.14263	2.49523	0.606514	8.00228	1.39523	3.04762		
0.319673	3.31781	0.319202	3.34034	1.22002	2.65445	1.27255	2.77464					1.1454	2.49341	0.606638	8.05431	1.39678	3.04142		
0.318832	3.3594	0.318405	3.38311	1.22324	2.65312	1.27502	2.7713					1.14817	2.49161	0.606727	8.09094	1.39833	3.03525		
0.318071	3.40315	0.317688	3.42806	1.22643	2.65175	1.27752	2.76806					1.15094	2.48983	0.606871	8.14888	1.39989	3.02914		
0.31739	3.44912	0.31705	3.4753	1.22959	2.65032	1.28007	2.76492					1.15372	2.48808	0.607077	8.2291	1.40145	3.02308		
0.316786	3.49742	0.316487	3.5249	1.23273	2.64884	1.28264	2.76188					1.15651	2.48635	0.607351	8.33296				
0.316257	3.54813	0.315999	3.57697	1.23584	2.64731	1.28526	2.75894					1.1593	2.48465	0.607704	8.4623				
0.315803	3.60134	0.315584	3.63161	1.23892	2.64572	1.28792	2.7561					1.16211	2.48297	0.608147	8.61945				
0.31542	3.65718	0.315241	3.68893	1.24197	2.64409	1.29061	2.75336					1.16491	2.48132	0.608695	8.80738				
0.315109	3.71575	0.314968	3.74905	1.24499	2.6424	1.29334	2.75072					1.16773	2.47969	0.609282	9.00393				
0.314867	3.77718	0.314763	3.81211	1.24798	2.64066	1.29612	2.74818					1.17056	2.4781	0.609908	9.20962				
0.314692	3.84161	0.314625	3.87824	1.25094	2.63887	1.29893	2.74574					1.17339	2.47653	0.610572	9.42506				
0.314584	3.90917	0.314553	3.94758	1.25388	2.63703	1.30178	2.74339					1.17623	2.47499	0.611272	9.65089				
0.314542	3.98003	0.314546	4.02032	1.25678	2.63514	1.30467	2.74115					1.17908	2.47347	0.612007	9.88782				
0.314563	4.05435	0.314602	4.09661	1.25966	2.6332	1.3076	2.73899					1.18194	2.47199	0.612776	10.1366				
0.314648	4.13231	0.31472	4.17665	1.26251	2.63122	1.31056	2.73693					1.18481	2.47053	0.613577	10.3982				
0.314794	4.21411	0.314899	4.26064	1.26533	2.62919	1.31356	2.73495					1.18769	2.4691	0.61441	10.6733				
0.31497	4.28868	0.315138	4.3488	1.26813	2.62712	1.3166	2.73306					1.19058	2.4677	0.615273	10.9632				
0.315156	4.3548	0.315436	4.44137	1.2709	2.62502	1.31967	2.73126					1.19348	2.46633	0.616164	11.2689				
0.315334	4.41131	0.315791	4.53861	1.27365	2.62287	1.32278	2.72953					1.19638	2.46499	0.617083	11.5917				
0.315491	4.45721	0.316202	4.64079	1.27637	2.6207	1.32592	2.72788					1.1993	2.46367	0.618028	11.933				
0.315614	4.49167	0.316669	4.74822	1.27908	2.61849	1.32909	2.72631					1.20223	2.46239	0.618997	12.2944				
0.315735	4.52391	0.31719	4.86124	1.28176	2.61626	1.33229	2.72481					1.20517	2.46113	0.61999	12.6775				
0.315822	4.54665	0.317763	4.9802	1.28443	2.614	1.33552	2.72338					1.20812	2.4599	0.621004	13.0844				
0.315964	4.58271	0.318389	5.1055	1.28708	2.61172	1.33878	2.72201					1.21108	2.4587	0.622039	13.5173				
0.316169	4.63278	0.319064	5.23756	1.28971	2.60942	1.34207	2.72071					1.21404	2.45752	0.623091	13.9786				
0.316446	4.69789	0.31979	5.37686	1.29233	2.6071	1.34538	2.71946					1.21702	2.45638	0.624161	14.4712				
0.31681	4.77935	0.320563	5.52392	1.29493	2.60477	1.34871	2.71828					1.22001	2.45526	0.625245	14.9983				
0.317273	4.87893	0.321384	5.67932	1.29752	2.60242	1.35207	2.71714					1.22302	2.45417	0.626342	15.5635				
0.317855	4.99882	0.32225	5.84367	1.3001	2.60007	1.35545	2.71605					1.22603	2.45311	0.627451	16.171				
0.318488	5.12512	0.32316	6.01769	1.30267	2.5977	1.35885	2.71502					1.22905	2.45208	0.628568	16.8257				
0.319172	5.25825	0.324113	6.20214	1.30523	2.59534	1.36227	2.71402					1.23208	2.45107	0.629691	17.5332				
0.319904	5.3987	0.325108	6.39788	1.30778	2.59296	1.36571	2.71307					1.23513	2.45009	0.630819	18.3001				
0.320685	5.54699	0.326143	6.60588	1.31032	2.59059	1.36917	2.71216					1.23818	2.44913	0.631949	19.134				
0.321512	5.7037	0.327216	6.82721	1.31286	2.58822	1.37264	2.71129					1.24125	2.44821	0.633078	20.0442				
0.322385	5.86948	0.328181	7.0319	1.31539	2.58585	1.37613	2.71046					1.24432	2.44731	0.634203	21.0414				
0.323302	6.04503	0.329026	7.21577	1.31791	2.58349	1.37963	2.70965					1.24741	2.44643	0.635321	22.1386				
0.324262	6.23114	0.329738	7.37479	1.32044	2.58113	1.38315	2.70888					1.2505	2.44558	0.636428	23.3517				
0.325263	6.42868	0.33031	7.50527	1.32295	2.57877	1.38668	2.70814					1.25361	2.44476	0.637522	24.7				
0.326303	6.63863	0.330736	7.60401	1.32547	2.57643	1.39022	2.70743					1.25673	2.44396	0.638598	26.2072				
0.327382	6.8621	0.331131	7.69702	1.32798	2.57409	1.39378	2.70674					1.25986	2.44319	0.639652	27.9033				
0.328498	7.10029	0.331408	7.76298	1.3305	2.57177	1.39734	2.70608					1.263	2.44244	0.64068	29.8261				
0.329649	7.35461	0.331844	7.8682	1.33301	2.56946	1.40092	2.70544					1.26615	2.44172	0.641677	32.0244				
0.330833	7.62662	0.332442	8.01564	1.33552	2.56716							1.26931	2.44102	0.642639	34.5621				
0.332048	7.9181	0.333209	8.20963	1.33803	2.56487							1.27248	2.44034	0.643561	37.5246				
0.333292	8.23108	0.33415	8.45621	1.34055	2.5626							1.27566	2.43969	0.644436	41.0286				
0.334564	8.5679	0.335272	8.76355	1.34306	2.56034							1.27885	2.43906	0.64526	45.2382				
0.335861	8.93125	0.336581	9.14271	1.34558	2.5581							1.28205	2.43845	0.646027	50.3912				
0.337181	9.32422	0.337912	9.55342	1.3481	2.55588							1.28527	2.43787	0.646731	56.8462				
0.33852	9.75045	0.339262	9.99962	1.35062	2.55367							1.28849	2.43731	0.647368	65.1702				
0.339877	10.2142	0.340626	10.486	1.35315	2.55148							1.29172	2.43677	0.64793	76.3158				
0.341248	10.7204	0.342004	11.0179	1.35567	2.54931							1.29496	2.43625	0.648414	92.0162				
0.342629	11.2751	0.34339	11.6021	1.35821	2.54716							1.29822	2.43576	0.648815	115.79				
0.344019	11.8853	0.344782	12.2463	1.36074	2.54503							1.30148	2.43528	0.649129	156.041				
0.345411	12.5597	0.346174	12.9602	1.36328	2.54291							1.30475	2.43483	0.649352	239.03				
0.346803	13.3088	0.347564	13.7555	1.36583	2.54082							1.30803	2.4344	0.649482	510.102				
0.348189	14.1455	0.348944	14.6469	1.36838	2.53875							1.31132	2.43399						
0.349564	15.086	0.350311	15.6526	1.37093	2.53669							1.31462	2.43359						
0.350923	16.1507	0.351659	16.796	1.37349	2.53466							1.31794	2.43322						
0.352259	17.3658	0.352979	18.1074	1.37606	2.53265							1.32126	2.43287						
0.353565	18.7655	0.354266	19.6266	1.37863	2.53067							1.32458	2.43253						
0.354835	20.3952	0.355511	21.4074	1.38121	2.5287							1.32792	2.43221						
0.356058	22.317	0.356706	23.5239	1.3838	2.52676							1.33127	2.43192						
0.357227	24.6174	0.357841	26.0814	1.38639	2.52484							1.33463	2.43164						
0.358332	27.421	0.358906	29.2345	1.38899	2.52294							1.33799	2.43137						
0.359362	30.9145	0.359892	33.2205	1.3916	2.52107							1.34137	2.43113						
0.360308	35.3901	0.360786	38.4222	1.39421	2.51922							1.34475	2.4309						
0.361157	41.3334	0.361578	45.5006	1.39684	2.5174							1.34814	2.43069						
0.3619	49.6143	0.362259	55.7039	1.39947	2.5156							1.35154	2.43049						
0.362527	61.9608	0.362817	71.7041	1.40212	2.51383							1.35495	2.43031						
0.363027	82.3652	0.363244	100.44									1.35836	2.43015						
0.363392	122.596	0.363533	167.283									1.36179	2.43						
0.363617	239.1	0.36368	498.335									1.36522	2.42987						
0.363698	4699.07											1.36866	2.42975						
												1.37211	2.42965						
												1.37557	2.42956						
												1.37903	2.42948						
												1.3825	2.42942						
												1.38598	2.42937						
												1.38947	2.42934						
												1.39296	2.42932						
												1.39646	2.42931						
												1.39997	2.42931						
												1.40349	2.42932						
