Sym0		Asym0		Sym1		Sym2		Sym3		Sym4		Asym1		Asym2		Asym3	
469  Points		493  Points		212  Points		153  Points		128  Points		101  Points		361  Points		169  Points		134  Points	
Freq (MHz)	Vgr (m/ms)	Freq (MHz)	Vgr (m/ms)	Freq (MHz)	Vgr (m/ms)	Freq (MHz)	Vgr (m/ms)	Freq (MHz)	Vgr (m/ms)	Freq (MHz)	Vgr (m/ms)	Freq (MHz)	Vgr (m/ms)	Freq (MHz)	Vgr (m/ms)	Freq (MHz)	Vgr (m/ms)
0.00545924	6.87707	0.000327497	0.449096	0.279509	0.0727066	0.473034	0.0832176	0.559028	0.0780053	0.838529	0.0396795	0.139794	0.333659	0.419282	0.102314	0.698772	0.032402
0.0118666	6.87583	0.000745917	0.536876	0.279577	0.130143	0.473111	0.113258	0.559101	0.113998	0.838566	0.0611479	0.140105	0.498032	0.419377	0.145268	0.698802	0.0572025
0.0182716	6.87268	0.00132791	0.708591	0.279752	0.244812	0.473245	0.173495	0.559241	0.18594	0.838643	0.104093	0.140722	0.823937	0.419553	0.231063	0.698878	0.106848
0.0246731	6.86813	0.0020663	0.871919	0.280033	0.359087	0.473434	0.233984	0.559448	0.257827	0.83876	0.147064	0.14164	1.14286	0.419808	0.316668	0.699001	0.156481
0.0310696	6.86219	0.00295263	1.0255	0.280421	0.472792	0.473681	0.294757	0.559721	0.329605	0.838917	0.190012	0.142852	1.45244	0.420143	0.40211	0.69917	0.206089
0.03746	6.85485	0.00397721	1.16839	0.280914	0.585651	0.473984	0.355952	0.560062	0.401164	0.839114	0.232915	0.144347	1.7508	0.420557	0.487227	0.699385	0.255647
0.0438428	6.84609	0.0051298	1.30006	0.281512	0.697624	0.474344	0.417697	0.560469	0.472504	0.839351	0.275802	0.146114	2.03638	0.421051	0.571989	0.699646	0.305105
0.0502169	6.83591	0.00639974	1.42029	0.282214	0.808484	0.474762	0.480031	0.560942	0.543626	0.839628	0.318582	0.148141	2.30806	0.421623	0.656405	0.699954	0.354508
0.0565808	6.82419	0.00777636	1.52921	0.283019	0.91807	0.475238	0.543027	0.561482	0.614458	0.839945	0.361296	0.150415	2.56518	0.422274	0.740276	0.700307	0.403802
0.0629331	6.81093	0.00924925	1.62707	0.283925	1.02628	0.475774	0.606765	0.562087	0.685006	0.840301	0.404023	0.152921	2.80739	0.423002	0.823643	0.700706	0.453026
0.0692722	6.79612	0.0108082	1.71447	0.284931	1.13291	0.476369	0.671324	0.562758	0.755202	0.840698	0.446631	0.155646	3.03468	0.423808	0.906515	0.701151	0.502109
0.0755969	6.77963	0.012444	1.79208	0.286036	1.23792	0.477025	0.736796	0.563494	0.82499	0.841133	0.489147	0.158576	3.24733	0.424691	0.98869	0.701642	0.551056
0.0819053	6.76143	0.0141476	1.86058	0.287238	1.34116	0.477742	0.803214	0.564295	0.894399	0.841609	0.531624	0.161697	3.44573	0.425651	1.0702	0.702178	0.599877
0.0881961	6.7415	0.015911	1.92074	0.288535	1.44259	0.478522	0.870644	0.565161	0.963417	0.842124	0.573951	0.164997	3.63042	0.426686	1.15105	0.702759	0.648521
0.0944674	6.71968	0.0177267	1.97331	0.289926	1.54212	0.479364	0.939147	0.566091	1.03195	0.842679	0.616199	0.168462	3.80211	0.427796	1.23108	0.703386	0.69703
0.100717	6.69594	0.019588	2.01914	0.291409	1.63967	0.480272	1.00877	0.567084	1.10001	0.843272	0.658361	0.172081	3.96144	0.42898	1.31027	0.704058	0.745341
0.106945	6.67023	0.0214891	2.05893	0.292981	1.73531	0.481244	1.07961	0.56814	1.16759	0.843905	0.70035	0.175844	4.10923	0.430237	1.38868	0.704775	0.793476
0.113147	6.64239	0.0234246	2.09326	0.294642	1.82894	0.482283	1.1517	0.56926	1.23463	0.844577	0.742287	0.179738	4.24615	0.431567	1.46618	0.705537	0.841407
0.119322	6.61234	0.0253897	2.1228	0.296389	1.92056	0.48339	1.22499	0.570441	1.30117	0.845288	0.784047	0.183756	4.37309	0.432969	1.54274	0.706343	0.889148
0.125468	6.57994	0.0273802	2.14818	0.298221	2.01027	0.484566	1.29958	0.571684	1.36717	0.846038	0.825673	0.18735	4.47609	0.434442	1.61836	0.707194	0.936658
0.131583	6.54508	0.0293926	2.16987	0.300135	2.09814	0.485812	1.3755	0.572989	1.43259	0.846827	0.867176	0.190477	4.55857	0.435985	1.69299	0.708088	0.983922
0.137664	6.50767	0.0314235	2.18842	0.302131	2.18422	0.487129	1.45272	0.574354	1.49743	0.847654	0.908508	0.193105	4.62327	0.437597	1.76659	0.709027	1.03099
0.143709	6.46756	0.0332064	2.20227	0.304205	2.26856	0.488519	1.53128	0.575779	1.56173	0.84852	0.949717	0.195208	4.67223	0.439277	1.83916	0.71001	1.07774
0.149716	6.42455	0.0347344	2.21259	0.306358	2.35134	0.489982	1.61119	0.577264	1.62541	0.849424	0.990754	0.196769	4.70705	0.441024	1.91069	0.711035	1.12429
0.155681	6.37852	0.036003	2.22019	0.308587	2.43273	0.491521	1.69237	0.578808	1.68848	0.850366	1.03159	0.197774	4.72877	0.442837	1.9811	0.712105	1.17059
0.161601	6.32937	0.037009	2.22564	0.310891	2.51283	0.493136	1.77488	0.58041	1.75098	0.851346	1.07225	0.199226	4.75923	0.444715	2.05044	0.713217	1.21654
0.167475	6.27685	0.0377502	2.22935	0.313269	2.59188	0.494828	1.85867	0.58207	1.8129	0.852364	1.11277	0.200815	4.79137	0.446658	2.11866	0.714371	1.26222
0.173298	6.22082	0.0382252	2.23156	0.315721	2.67007	0.496599	1.94365	0.583788	1.87421	0.85342	1.15309	0.202993	4.83366	0.448663	2.18573	0.715569	1.30765
0.179067	6.16112	0.0389088	2.23462	0.318245	2.74764	0.49845	2.0298	0.585563	1.93492	0.854513	1.19323	0.205775	4.88492	0.450731	2.25169	0.716808	1.35282
0.184778	6.09761	0.039653	2.23775	0.320841	2.82477	0.500382	2.11708	0.587394	1.99505	0.855643	1.23316	0.209176	4.94361	0.452859	2.31651	0.718089	1.39759
0.190429	6.03013	0.0406665	2.24163	0.323508	2.9017	0.502395	2.20544	0.58928	2.05458	0.856811	1.27287	0.213217	5.00808	0.455047	2.38016	0.719412	1.44209
0.196015	5.95844	0.0419508	2.24606	0.326248	2.9788	0.504491	2.29477	0.591222	2.11352	0.858015	1.31238	0.217917	5.07682	0.457294	2.44272	0.720777	1.48627
0.201532	5.88247	0.0435071	2.25077	0.329059	3.05623	0.506671	2.38496	0.593219	2.17192	0.859256	1.3517	0.222677	5.14023	0.459599	2.50411	0.722182	1.53009
0.206976	5.80214	0.0453366	2.2555	0.331943	3.1342	0.508935	2.4759	0.595269	2.22977	0.860534	1.39079	0.227495	5.19853	0.46196	2.56434	0.723628	1.57365
0.212343	5.71736	0.0474403	2.25992	0.334515	3.20281	0.511285	2.56755	0.597374	2.28702	0.861848	1.42963	0.232364	5.2521	0.464377	2.62351	0.725114	1.61682
0.21763	5.62801	0.0495477	2.26348	0.336752	3.26192	0.51372	2.65975	0.599531	2.3438	0.863198	1.46829	0.237282	5.30119	0.466849	2.68149	0.726641	1.65966
0.22283	5.53412	0.051658	2.26629	0.338633	3.31117	0.516241	2.75237	0.601741	2.40008	0.864584	1.5067	0.242242	5.34613	0.469374	2.73835	0.728207	1.70219
0.227942	5.43578	0.0537707	2.2685	0.34014	3.35055	0.518848	2.84532	0.604003	2.4558	0.866005	1.54485	0.247243	5.38717	0.471952	2.79414	0.729812	1.74434
0.232959	5.33298	0.0558851	2.27008	0.34126	3.37967	0.521543	2.93842	0.606317	2.51108	0.867462	1.58278	0.252281	5.42446	0.474581	2.84887	0.731457	1.78608
0.237879	5.22597	0.0580007	2.2712	0.341982	3.39838	0.524324	3.03153	0.608682	2.5659	0.868955	1.62048	0.257351	5.45827	0.47726	2.90252	0.733141	1.82751
0.242697	5.11493	0.0601173	2.27198	0.343026	3.42549	0.527192	3.12452	0.611098	2.62031	0.870482	1.65793	0.262452	5.48879	0.479989	2.95511	0.734863	1.86864
0.24741	5.00015	0.0622343	2.2724	0.344171	3.45506	0.530146	3.21725	0.613565	2.67434	0.872044	1.69512	0.267579	5.51614	0.482767	3.00669	0.736623	1.90936
0.252015	4.88206	0.0643516	2.27254	0.345744	3.49564	0.533187	3.30956	0.616082	2.72798	0.873641	1.73207	0.27273	5.54058	0.485592	3.05725	0.73842	1.94971
0.256508	4.76103	0.066469	2.27243	0.347759	3.54758	0.536313	3.40123	0.618648	2.78129	0.875272	1.76876	0.277903	5.56221	0.488463	3.10688	0.740256	1.98969
0.260886	4.6376	0.0685861	2.27215	0.350236	3.61108	0.539525	3.49215	0.621264	2.8343	0.876936	1.80517	0.283095	5.58109	0.491381	3.15553	0.742128	2.02929
0.265149	4.51234	0.0707029	2.27172	0.353199	3.68662	0.54282	3.5822	0.62393	2.88707	0.878635	1.84135	0.288303	5.59745	0.494343	3.20325	0.744037	2.06858
0.269295	4.38582	0.0728192	2.27118	0.356674	3.77468	0.5462	3.67119	0.626644	2.93957	0.880368	1.87724	0.293525	5.6113	0.49735	3.25012	0.745983	2.10746
0.273322	4.25867	0.0749349	2.2705	0.360232	3.86408	0.549661	3.75894	0.629407	2.99192	0.882133	1.91284	0.298759	5.62277	0.5004	3.29612	0.747964	2.14596
0.27723	4.13153	0.07705	2.26972	0.363874	3.95467	0.553204	3.8453	0.632219	3.04418	0.883932	1.94822	0.304003	5.63202	0.503492	3.34131	0.749981	2.18415
0.28102	4.00505	0.0791643	2.26897	0.367601	4.04614	0.556826	3.93014	0.63508	3.09634	0.885764	1.98332	0.309254	5.63899	0.506626	3.38569	0.752034	2.22192
0.284693	3.87982	0.081278	2.26812	0.371414	4.13821	0.560527	4.01332	0.637989	3.14842	0.887628	2.01813	0.31451	5.64383	0.50939	3.42376	0.754122	2.25931
0.28825	3.75644	0.0833907	2.26718	0.375312	4.23045	0.564305	4.09464	0.640946	3.20059	0.889524	2.05268	0.31977	5.64669	0.511771	3.45583	0.756244	2.29637
0.291693	3.63544	0.0855026	2.2663	0.379297	4.32246	0.568157	4.174	0.643953	3.25286	0.891453	2.08691	0.325032	5.64746	0.513757	3.48199	0.758401	2.33305
0.295024	3.51728	0.0876137	2.26539	0.383367	4.41377	0.572083	4.25128	0.647008	3.30523	0.893413	2.12088	0.330294	5.64623	0.515337	3.50255	0.760591	2.36937
0.298247	3.40241	0.0897239	2.26442	0.387521	4.50392	0.576079	4.32629	0.650112	3.35791	0.895405	2.15462	0.335553	5.64316	0.516505	3.51761	0.762816	2.40537
0.301364	3.29118	0.0918332	2.2635	0.391759	4.59246	0.580144	4.3989	0.653265	3.4109	0.897428	2.18803	0.340809	5.63822	0.517255	3.52713	0.765073	2.44098
0.30438	3.18385	0.0939417	2.2626	0.396079	4.67881	0.584276	4.46905	0.656468	3.46421	0.899482	2.22117	0.34606	5.6314	0.518337	3.54071	0.767364	2.47623
0.307297	3.08059	0.0960493	2.26167	0.400478	4.76252	0.587929	4.5281	0.65972	3.51804	0.901567	2.25405	0.351303	5.62278	0.519517	3.55548	0.769688	2.51115
0.31012	2.98159	0.0981561	2.26077	0.404953	4.84334	0.59108	4.5768	0.663023	3.57244	0.903682	2.28662	0.356537	5.6124	0.521131	3.57547	0.772043	2.54567
0.312853	2.88694	0.100262	2.25991	0.409503	4.92081	0.593711	4.61579	0.666377	3.62748	0.905828	2.31895	0.361761	5.60025	0.523185	3.60055	0.774431	2.57992
0.3155	2.79659	0.102367	2.25905	0.414123	4.99456	0.595806	4.64602	0.669782	3.68329	0.908003	2.35095	0.366973	5.58637	0.525687	3.63058	0.776851	2.61378
0.318064	2.71067	0.104472	2.25817	0.41881	5.0645	0.597356	4.66763	0.67324	3.73997	0.910208	2.38265	0.37217	5.57079	0.528649	3.66536	0.779302	2.6473
0.320551	2.62905	0.106575	2.25734	0.42356	5.13034	0.598351	4.68127	0.676752	3.79761	0.912443	2.41412	0.377353	5.55351	0.532082	3.70488	0.781784	2.68049
0.322963	2.55157	0.108678	2.25655	0.42837	5.19198	0.599787	4.70073	0.680317	3.85626	0.914707	2.44527	0.382519	5.53455	0.535552	3.74395	0.784297	2.71334
0.325305	2.47829	0.11078	2.25579	0.433235	5.24942	0.601355	4.72127	0.683937	3.91615	0.916999	2.47614	0.387666	5.51397	0.539059	3.78256	0.78684	2.74594
0.327581	2.409	0.112881	2.25501	0.438151	5.30253	0.603498	4.74868	0.687614	3.97732	0.919321	2.50676	0.392793	5.49174	0.542601	3.82076	0.789413	2.77817
0.329794	2.34351	0.114982	2.25429	0.443115	5.35135	0.606225	4.78226	0.690865	4.0317	0.92167	2.5371	0.397899	5.46785	0.546178	3.85865	0.792017	2.81004
0.331948	2.28174	0.117082	2.2536	0.448123	5.39604	0.609549	4.82119	0.693672	4.07893	0.924048	2.56715	0.402982	5.44235	0.549791	3.89619	0.79465	2.84162
0.334046	2.22353	0.119181	2.25289	0.45317	5.43667	0.613482	4.86451	0.696018	4.11867	0.926454	2.59694	0.408041	5.41528	0.553438	3.93339	0.797312	2.87293
0.336091	2.16872	0.12128	2.2522	0.458253	5.47327	0.618036	4.91105	0.697889	4.15051	0.928887	2.62641	0.413073	5.38659	0.55712	3.97033	0.800003	2.9039
0.338087	2.1171	0.123378	2.25157	0.463369	5.50604	0.622633	4.95412	0.699274	4.17405	0.931348	2.65561	0.418078	5.35635	0.560837	4.00704	0.802723	2.93458
0.340036	2.0685	0.125475	2.25099	0.468513	5.53514	0.627268	4.99357	0.700164	4.18933	0.933836	2.68457	0.423054	5.3246	0.564587	4.04352	0.805471	2.96494
0.341941	2.02287	0.127572	2.25037	0.473683	5.56078	0.631938	5.0293	0.70145	4.21154	0.936351	2.71327	0.428	5.29133	0.568371	4.07978	0.808248	2.99506
0.343806	1.98002	0.129669	2.24977	0.478875	5.58305	0.636639	5.06126	0.702855	4.23577	0.938892	2.74167	0.432914	5.25654	0.572189	4.11589	0.811052	3.02489
0.345631	1.93965	0.131765	2.24925	0.484087	5.60209	0.641369	5.08936	0.70478	4.26913	0.941459	2.76982	0.437795	5.22028	0.576041	4.15182	0.813884	3.05438
0.347192	1.90651	0.13386	2.2487	0.489314	5.61821	0.646123	5.11352	0.707235	4.31196	0.944053	2.79771	0.442641	5.18259	0.579926	4.18758	0.816744	3.08363
0.348502	1.87966	0.135955	2.24817	0.494555	5.63143	0.650897	5.13377	0.710238	4.36465	0.946673	2.8253	0.447452	5.1435	0.583844	4.22318	0.81963	3.11261
0.349571	1.85836	0.138049	2.24768	0.499808	5.64196	0.655689	5.15011	0.713807	4.42772	0.949318	2.8527	0.452226	5.10304	0.587795	4.2586	0.822168	3.13768
0.350409	1.84207	0.140143	2.24718	0.505069	5.64997	0.660494	5.16257	0.717966	4.50184	0.951988	2.87983	0.456961	5.06128	0.591779	4.29385	0.824347	3.15882
0.35102	1.83056	0.142237	2.24675	0.510336	5.65558	0.665309	5.17111	0.722195	4.57772	0.954684	2.90669	0.461657	5.01824	0.595796	4.32898	0.826159	3.17626
0.351409	1.82328	0.14433	2.24631	0.515607	5.65898	0.67013	5.17596	0.726496	4.65539	0.957405	2.93331	0.466312	4.97394	0.599846	4.3639	0.8276	3.19002
0.351965	1.81297	0.146422	2.24584	0.520881	5.66024	0.674954	5.17722	0.73087	4.73481	0.96015	2.95968	0.470925	4.9285	0.603928	4.39862	0.828663	3.19982
0.352567	1.80208	0.148515	2.24542	0.526154	5.65947	0.679777	5.17499	0.735319	4.81582	0.96292	2.98582	0.475496	4.88194	0.608042	4.43311	0.829345	3.20626
0.353379	1.78763	0.150606	2.24506	0.531427	5.65686	0.684597	5.16955	0.739844	4.89822	0.965714	3.01173	0.480022	4.83435	0.612189	4.46735	0.830328	3.21566
0.354397	1.77011	0.152698	2.24466	0.536695	5.65247	0.68941	5.16112	0.744446	4.98191	0.968532	3.03742	0.484504	4.78579	0.616367	4.50135	0.8314	3.22549
0.355615	1.74972	0.154789	2.24428	0.541959	5.64636	0.694214	5.15002	0.749127	5.06656	0.971373	3.06286	0.48894	4.73632	0.620576	4.53498	0.832862	3.2389
0.357026	1.72708	0.15688	2.24394	0.547217	5.63873	0.699006	5.13653	0.753887	5.15191	0.974239	3.0881	0.493329	4.68599	0.624817	4.56823	0.834721	3.25591
0.358623	1.70265	0.15897	2.24355	0.552466	5.6296	0.703785	5.12103	0.758727	5.23777	0.977128	3.11317	0.497672	4.63489	0.629089	4.60112	0.836982	3.27629
0.360199	1.67971	0.161061	2.24321	0.557707	5.619	0.708549	5.10386	0.763647	5.32372	0.98004	3.13798	0.501966	4.58312	0.633391	4.6336	0.839651	3.30001
0.361753	1.65827	0.16315	2.24293	0.562937	5.60707	0.713296	5.08539	0.768647	5.4094	0.982596	3.15946	0.506212	4.53076	0.637723	4.66559	0.842739	3.32698
0.363289	1.63829	0.16524	2.24261	0.568155	5.59385	0.718025	5.06605	0.773727	5.49457	0.984789	3.17767	0.510409	4.47789	0.642085	4.69704	0.845851	3.35376
0.364806	1.61958	0.167329	2.2423	0.57336	5.57944	0.722736	5.04613	0.778886	5.57887	0.986612	3.19261	0.514556	4.4246	0.646475	4.72789	0.848988	3.3803
0.366307	1.60214	0.169418	2.242	0.578552	5.56385	0.727428	5.02602	0.784123	5.66196	0.98806	3.20442	0.518653	4.37097	0.650895	4.75811	0.85215	3.40653
0.367791	1.58587	0.171507	2.2417	0.583728	5.54712	0.732101	5.00608	0.789436	5.74357	0.989128	3.2131	0.522701	4.31702	0.655342	4.78765	0.855336	3.43257
0.369262	1.5707	0.173595	2.24145	0.588888	5.52938	0.736756	4.98652	0.794825	5.82342	0.989812	3.21865	0.526698	4.26291	0.659816	4.81644	0.858546	3.45841
0.370718	1.5566	0.175684	2.24121	0.594031	5.51059	0.741393	4.96761	0.800288	5.90131	0.990799	3.22648	0.530644	4.20872	0.664317	4.84446	0.86178	3.48404
0.372162	1.54351	0.177772	2.24094	0.599157	5.49079	0.746013	4.94967	0.805822	5.97696	0.991874	3.23499	0.53454	4.15452	0.668843	4.8717	0.865038	3.50938
0.373594	1.53136	0.179859	2.24066	0.604263	5.47012	0.750616	4.93278	0.811425	6.05026	0.993341	3.24667	0.538386	4.10036	0.673394	4.89802	0.868319	3.5345
0.375016	1.52009	0.181947	2.24045	0.60935	5.44851	0.755204	4.91713	0.817096	6.12116	0.995203	3.26133	0.542181	4.04629	0.67797	4.92341	0.871624	3.55943
0.376427	1.50965	0.184034	2.24023	0.614416	5.42602	0.759779	4.90282	0.822831	6.18942	0.997466	3.27898	0.545925	3.99245	0.682569	4.94794	0.874952	3.58413
0.377829	1.49997	0.186121	2.23998	0.61946	5.40273	0.76434	4.88995	0.828629	6.25504	1.00014	3.28933	0.54962	3.93887	0.68719	4.9714	0.878303	3.60864
0.379222	1.49106	0.188208	2.23978	0.624483	5.3786	0.768891	4.87857	0.834487	6.31803			0.553265	3.8856	0.691832	4.99383	0.881676	3.63291
0.380607	1.48291	0.190295	2.23957	0.629483	5.35371	0.773431	4.86867	0.840402	6.37834			0.556861	3.83278	0.696495	5.01526	0.885072	3.65698
0.381985	1.47535	0.192381	2.23935	0.634459	5.32805	0.777963	4.86024	0.846372	6.436			0.560407	3.78037	0.701178	5.03557	0.888491	3.68084
0.383356	1.46846	0.194468	2.23917	0.639411	5.30171	0.782488	4.85325	0.852395	6.49102			0.563905	3.72842	0.705879	5.05481	0.891931	3.70446
0.384722	1.46216	0.196554	2.23897	0.644338	5.27465	0.787006	4.84773	0.858467	6.5435			0.567355	3.67707	0.710597	5.07293	0.895393	3.72791
0.386081	1.45641	0.19864	2.2388	0.64924	5.24688	0.791521	4.84362	0.864588	6.59351			0.570757	3.62627	0.715331	5.08989	0.898878	3.75117
0.387435	1.45122	0.200726	2.2386	0.654115	5.21849	0.796032	4.84076	0.870754	6.641			0.574112	3.57612	0.720081	5.1057	0.902383	3.77419
0.388785	1.44655	0.202811	2.23843	0.658964	5.18947	0.800541	4.83918	0.876962	6.68613			0.57742	3.52661	0.724845	5.12034	0.90591	3.79702
0.390131	1.44234	0.204897	2.23827	0.663785	5.15987	0.805049	4.83883	0.883212	6.72902			0.580683	3.4778	0.729622	5.13385	0.909459	3.81964
0.391473	1.43855	0.206982	2.23808	0.668579	5.12969	0.809558	4.83957	0.889501	6.76966			0.583901	3.4297	0.734412	5.14621	0.913028	3.84208
0.392811	1.43519	0.209067	2.23795	0.673344	5.09896	0.814067	4.8413	0.895827	6.80814			0.587074	3.38229	0.739212	5.15737	0.916618	3.86436
0.394147	1.4323	0.211152	2.23781	0.67808	5.06774	0.818579	4.84399	0.902187	6.84452			0.590203	3.33569	0.744022	5.16735	0.920229	3.88641
0.39548	1.42976	0.213237	2.23763	0.682787	5.03598	0.823093	4.84761	0.908581	6.87889			0.59329	3.28987	0.748841	5.17621	0.92386	3.90828
0.396811	1.42757	0.215322	2.23747	0.687464	5.00373	0.827612	4.85198	0.915006	6.91131			0.596334	3.24481	0.753667	5.18391	0.927511	3.92994
0.398141	1.42575	0.217406	2.23735	0.692111	4.97105	0.832135	4.85706	0.921459	6.94181			0.599336	3.20056	0.7585	5.19046	0.931183	3.95143
0.399468	1.42421	0.219491	2.23722	0.696727	4.93798	0.836662	4.86282	0.927941	6.97049			0.602298	3.15712	0.763339	5.19587	0.934874	3.97276
0.400794	1.42304	0.221575	2.23704	0.701312	4.90448	0.841196	4.86918	0.934448	6.9974			0.605219	3.11445	0.768182	5.20014	0.938586	3.9939
0.40212	1.42216	0.223659	2.23692	0.705866	4.87064	0.845736	4.87603	0.94098	7.0225			0.608101	3.07261	0.773029	5.20338	0.942317	4.01487
0.403444	1.42151	0.225743	2.23682	0.710388	4.83646	0.850282	4.88329	0.947534	7.04585			0.610945	3.03166	0.777878	5.20551	0.946067	4.03561
0.404769	1.42114	0.227827	2.2367	0.714878	4.80194	0.854835	4.89095	0.954109	7.06745			0.61375	2.99144	0.782729	5.20654	0.949837	4.05619
0.406093	1.42103	0.229911	2.23656	0.719336	4.76711	0.859396	4.89896	0.960703	7.08733			0.616519	2.95204	0.78758	5.20654	0.953625	4.07667
0.407417	1.42116	0.231995	2.23642	0.723761	4.73207	0.863964	4.90717	0.967315	7.10548			0.619251	2.91347	0.792431	5.20548	0.957433	4.0969
0.408741	1.42152	0.234078	2.23631	0.728154	4.6968	0.86854	4.9156	0.973943	7.12187			0.621948	2.8757	0.79728	5.20341	0.961259	4.11694
0.410065	1.42202	0.236162	2.23622	0.732513	4.66129	0.873123	4.92417	0.980586	7.13652			0.62461	2.83876	0.802127	5.20036	0.965104	4.13689
0.411391	1.42279	0.238245	2.23611	0.736839	4.62566	0.877715	4.93282	0.987242	7.14926			0.627237	2.80256	0.80697	5.19635	0.968968	4.15664
0.412717	1.42372	0.240329	2.23601	0.741133	4.58983	0.882315	4.94153	0.993908	7.16013			0.629832	2.76714	0.811809	5.19137	0.97285	4.17622
0.414044	1.42485	0.242412	2.23589	0.745392	4.55386	0.886923	4.95021	1.00058	7.16512			0.632394	2.73255	0.816644	5.18541	0.97675	4.19564
0.415372	1.42614	0.244495	2.23579	0.749618	4.51782	0.891539	4.95888					0.634924	2.6987	0.821472	5.17858	0.980668	4.21487
0.416701	1.42756	0.246578	2.23571	0.753811	4.48175	0.896164	4.96742					0.637422	2.66559	0.826293	5.17088	0.984604	4.23397
0.418032	1.42918	0.248661	2.23559	0.757969	4.44562	0.900796	4.97579					0.639891	2.63325	0.831107	5.16231	0.988558	4.25286
0.419364	1.43091	0.250744	2.2355	0.762094	4.40939	0.905435	4.98404					0.642329	2.60166	0.835913	5.15286	0.992529	4.27161
0.420698	1.43276	0.252827	2.23541	0.766186	4.37322	0.910083	4.99209					0.644739	2.57078	0.840709	5.14257	0.996517	4.29021
0.422034	1.43479	0.254909	2.23533	0.770244	4.33712	0.914738	4.99984					0.64712	2.54058	0.845495	5.13149	1.00052	4.29944
0.423372	1.4369	0.256992	2.23522	0.774268	4.30102	0.919399	5.00731					0.649473	2.51113	0.850271	5.11965		
0.424711	1.43913	0.259074	2.23517	0.778258	4.26502	0.924068	5.01452					0.651799	2.48238	0.855035	5.10703		
0.426053	1.44149	0.261157	2.23506	0.782215	4.22911	0.928743	5.02139					0.654098	2.45427	0.859787	5.09369		
0.427397	1.44395	0.263239	2.23498	0.786138	4.19329	0.933425	5.02786					0.656372	2.42684	0.864527	5.07962		
0.428744	1.44646	0.265322	2.23493	0.790029	4.15758	0.938112	5.03399					0.65862	2.4001	0.869253	5.06482		
0.430093	1.44907	0.267404	2.2348	0.793886	4.12207	0.942805	5.03969					0.660844	2.37398	0.873965	5.0494		
0.431444	1.4518	0.269486	2.23474	0.79771	4.08674	0.947503	5.04496					0.663044	2.34847	0.878662	5.03334		
0.432798	1.45456	0.271568	2.2347	0.801501	4.05157	0.952206	5.04979					0.66522	2.32359	0.883344	5.0166		
0.434155	1.45741	0.27365	2.23461	0.805259	4.01659	0.956913	5.05415					0.667374	2.29936	0.88801	4.99925		
0.435514	1.46037	0.275732	2.2345	0.808985	3.98182	0.961624	5.05801					0.669505	2.27571	0.892659	4.98139		
0.436876	1.46339	0.277814	2.23444	0.812679	3.94733	0.966338	5.06141					0.671614	2.25264	0.897292	4.96294		
0.438241	1.46643	0.279896	2.23441	0.816341	3.91302	0.971055	5.06431					0.673703	2.23016	0.901907	4.94389		
0.439608	1.46953	0.281977	2.23432	0.819971	3.87898	0.975775	5.06664					0.67577	2.20819	0.906504	4.92438		
0.440979	1.47269	0.284059	2.23424	0.823569	3.84519	0.980496	5.06851					0.677817	2.1868	0.911083	4.90436		
0.442353	1.47592	0.286141	2.2342	0.827136	3.81167	0.985219	5.06984					0.679845	2.166	0.915643	4.88388		
0.443729	1.47918	0.288222	2.23414	0.830671	3.77846	0.989943	5.07062					0.681853	2.14571	0.920184	4.86295		
0.445109	1.4825	0.290304	2.23408	0.834176	3.74553	0.994668	5.07086					0.683843	2.1259	0.924705	4.84153		
0.446492	1.48584	0.292385	2.23401	0.837651	3.71287	0.999392	5.0705					0.685815	2.10662	0.929205	4.81977		
0.447878	1.48923	0.294467	2.23394	0.841095	3.68051	1.00412	5.07019					0.687769	2.08782	0.933686	4.7976		
0.449267	1.49265	0.296548	2.23386	0.844509	3.6485							0.689705	2.06953	0.938145	4.7751		
0.450659	1.49608	0.298629	2.23383	0.847893	3.61675							0.691625	2.05174	0.942584	4.75223		
0.452054	1.49955	0.30071	2.23377	0.851248	3.58532							0.693528	2.03434	0.947	4.72901		
0.453453	1.50308	0.302791	2.23371	0.854574	3.55422							0.695416	2.01744	0.951396	4.70553		
0.454855	1.50661	0.304873	2.23368	0.857871	3.52339							0.697288	2.00101	0.955769	4.68175		
0.456261	1.51013	0.306954	2.23362	0.86114	3.49297							0.699144	1.985	0.960119	4.65773		
0.457669	1.51372	0.309035	2.23356	0.86438	3.46285							0.700987	1.96941	0.964448	4.63346		
0.459081	1.51731	0.311116	2.23349	0.867592	3.433							0.702814	1.95425	0.968753	4.60898		
0.460497	1.52093	0.313197	2.23346	0.870777	3.40353							0.704628	1.9395	0.973036	4.58432		
0.461915	1.52454	0.315277	2.23341	0.873935	3.37441							0.706428	1.92512	0.977296	4.55943		
0.463337	1.52814	0.317358	2.23334	0.877065	3.34556							0.708215	1.91113	0.981532	4.53439		
0.464763	1.53177	0.319439	2.23331	0.880169	3.31704							0.709989	1.89754	0.985745	4.50924		
0.466192	1.53545	0.32152	2.23329	0.883246	3.28886							0.711751	1.88433	0.989935	4.48395		
0.467624	1.53912	0.323601	2.23321	0.886297	3.26104							0.713501	1.87147	0.9941	4.45857		
0.46906	1.54275	0.325681	2.23317	0.889322	3.23355							0.715238	1.85899	0.998243	4.43309		
0.470499	1.5464	0.327762	2.23315	0.892322	3.20636							0.716965	1.84686	1.00236	4.4203		
0.471941	1.55009	0.329842	2.23307	0.895297	3.17951							0.71868	1.83501				
0.473387	1.55377	0.331923	2.23303	0.898247	3.15293							0.720384	1.82351				
0.474836	1.55744	0.334003	2.23301	0.901172	3.12672							0.722078	1.81238				
0.476289	1.56114	0.336084	2.23296	0.904073	3.10087							0.723761	1.80155				
0.477745	1.56478	0.338164	2.2329	0.90695	3.07527							0.725435	1.79104				
0.479205	1.56844	0.340245	2.23287	0.909804	3.05002							0.727099	1.7808				
0.480668	1.57213	0.342325	2.23285	0.912634	3.0251							0.728753	1.77085				
0.482135	1.57577	0.344405	2.23281	0.915441	3.00044							0.730398	1.76122				
0.483604	1.57943	0.346486	2.23275	0.918225	2.97613							0.732035	1.75183				
0.485078	1.58308	0.348566	2.23272	0.920986	2.95215							0.733663	1.74274				
0.486554	1.58671	0.350646	2.23271	0.923726	2.92848							0.735282	1.73395				
0.488034	1.59035	0.352726	2.23266	0.926443	2.90507							0.736894	1.72538				
0.489518	1.594	0.354806	2.2326	0.929139	2.88198							0.738497	1.7171				
0.491004	1.59762	0.356886	2.23258	0.931814	2.85919							0.740093	1.70904				
0.492495	1.60123	0.358966	2.23256	0.934467	2.83669							0.741682	1.70121				
0.493988	1.60482	0.361047	2.23252	0.937099	2.81454							0.743263	1.69366				
0.495485	1.60838	0.363127	2.23249	0.939711	2.79262							0.744838	1.68634				
0.496985	1.61195	0.365207	2.23245	0.942303	2.77104							0.746406	1.6792				
0.498489	1.61553	0.367286	2.23239	0.944875	2.74974							0.747967	1.67229				
0.499996	1.61908	0.369366	2.23239	0.947427	2.72865							0.749522	1.66562				
0.501506	1.62265	0.371446	2.23236	0.94996	2.70793							0.751071	1.65917				
0.503019	1.62615	0.373526	2.23231	0.952473	2.68749							0.752614	1.65294				
0.504536	1.62967	0.375606	2.23228	0.954967	2.66732							0.754151	1.64686				
0.506056	1.63318	0.377686	2.23227	0.957443	2.64741							0.755682	1.64096				
0.507579	1.63662	0.379765	2.23226	0.959901	2.62779							0.757208	1.63531				
0.509106	1.6401	0.381845	2.23222	0.96234	2.60843							0.758729	1.62984				
0.510635	1.64356	0.383925	2.23216	0.964761	2.58933							0.760245	1.62454				
0.512168	1.64701	0.386005	2.23213	0.967165	2.57055							0.761757	1.61941				
0.513704	1.65042	0.388084	2.23212	0.969551	2.55197							0.763263	1.61446				
0.515244	1.65381	0.390164	2.23208	0.97192	2.53367							0.764765	1.60967				
0.516786	1.65723	0.392244	2.23206	0.974272	2.51566							0.766263	1.60505				
0.518332	1.66058	0.394323	2.23204	0.976608	2.4979							0.767756	1.60061				
0.51988	1.66394	0.396403	2.232	0.978927	2.48038							0.769245	1.59631				
0.521432	1.66731	0.398482	2.23198	0.98123	2.46313							0.77073	1.59214				
0.522987	1.6706	0.400562	2.23197	0.983517	2.44611							0.772212	1.58815				
0.524545	1.6739	0.402641	2.23193	0.985788	2.42933							0.77369	1.58429				
0.526106	1.6772	0.404721	2.23191	0.988043	2.41284							0.775164	1.58057				
0.52767	1.68045	0.4068	2.2319	0.990284	2.39658							0.776635	1.57702				
0.529238	1.68369	0.40888	2.23186	0.992509	2.3805							0.778103	1.5736				
0.530808	1.68693	0.410959	2.2318	0.99472	2.3647							0.779567	1.57027				
0.532381	1.69015	0.413038	2.23181	0.996915	2.34918							0.781029	1.56708				
0.533957	1.69338	0.415118	2.23181	0.999097	2.33384							0.782487	1.56405				
0.535536	1.69653	0.417197	2.23174	1.00126	2.32621							0.783943	1.56114				
0.537119	1.69968	0.419276	2.23174									0.785396	1.55833				
0.538704	1.70283	0.421356	2.2317									0.786847	1.55561				
0.540292	1.70594	0.423435	2.23169									0.788295	1.55304				
0.541882	1.70907	0.425514	2.23168									0.789741	1.55059				
0.543476	1.71218	0.427593	2.23163									0.791184	1.54822				
0.545073	1.71523	0.429673	2.23161									0.792626	1.54601				
0.546672	1.71826	0.431752	2.2316									0.794065	1.54385				
0.548275	1.72127	0.433831	2.2316									0.795503	1.54178				
0.54988	1.72428	0.43591	2.23156									0.796938	1.53983				
0.551488	1.72729	0.437989	2.23154									0.798372	1.53797				
0.553098	1.73026	0.440068	2.23153									0.799804	1.5362				
0.554712	1.73324	0.442147	2.23149									0.801234	1.53455				
0.556328	1.73616	0.444226	2.23147									0.802663	1.53299				
0.557947	1.73905	0.446305	2.23146									0.804091	1.53148				
0.559569	1.74196	0.448385	2.23145									0.805517	1.53006				
0.561193	1.74484	0.450464	2.23145									0.806942	1.52873				
0.56282	1.74771	0.452543	2.23141									0.808366	1.52748				
0.56445	1.75058	0.454622	2.23136									0.809788	1.52631				
0.566082	1.7534	0.4567	2.23133									0.81121	1.52524				
0.567717	1.75617	0.458779	2.23135									0.81263	1.5242				
0.569354	1.75894	0.460858	2.23136									0.81405	1.52324				
0.570995	1.76176	0.462937	2.23133									0.815469	1.52239				
0.572637	1.76452	0.465016	2.23128									0.816887	1.5216				
0.574282	1.76718	0.467095	2.23125									0.818304	1.52087				
0.57593	1.76991	0.469174	2.23124									0.819721	1.52018				
0.577581	1.77266	0.471253	2.23123									0.821137	1.51954				
0.579233	1.77532	0.473332	2.23123									0.822552	1.51901				
0.580889	1.77793	0.47541	2.23123									0.823967	1.51855				
0.582546	1.78059	0.477489	2.23119									0.825382	1.51811				
0.584207	1.78324	0.479568	2.23117									0.826796	1.51774				
0.585869	1.78581	0.481647	2.23116									0.82821	1.51744				
0.587534	1.78841	0.483725	2.23112									0.829624	1.51715				
0.589202	1.79099	0.485804	2.2311									0.831037	1.51696				
0.590872	1.79353	0.487883	2.23109									0.83245	1.51684				
0.592544	1.79604	0.489962	2.23109									0.833864	1.5167				
0.594218	1.79858	0.49204	2.23108									0.835277	1.51667				
0.595895	1.8011	0.494119	2.23108									0.83669	1.51669				
0.597574	1.80353	0.496198	2.23105									0.838103	1.51673				
0.599256	1.80602	0.498276	2.23103									0.839516	1.51679				
0.60094	1.80848	0.500355	2.23102									0.840929	1.51693				
0.602626	1.81088	0.502434	2.23098									0.842343	1.51715				
0.604314	1.81332	0.504512	2.23099									0.843756	1.51737				
0.606005	1.81572	0.506591	2.23096									0.84517	1.51762				
0.607697	1.81805	0.508669	2.23095									0.846584	1.5179				
0.609392	1.82043	0.510748	2.23094									0.847999	1.51826				
0.61109	1.82278	0.512826	2.2309									0.849413	1.51865				
0.612789	1.82514	0.514905	2.23092									0.850828	1.51907				
0.614491	1.82745	0.516983	2.23093									0.852244	1.51954				
0.616194	1.8297	0.519062	2.23089									0.85366	1.52003				
0.6179	1.832	0.52114	2.23084									0.855076	1.52053				
0.619608	1.83428	0.523219	2.23085									0.856493	1.52111				
0.621318	1.83649	0.525297	2.23086									0.857911	1.52173				
0.62303	1.83873	0.527376	2.23082									0.859329	1.52233				
0.624744	1.84098	0.529454	2.23081									0.860747	1.52296				
0.626461	1.84317	0.531533	2.2308									0.862167	1.52364				
0.628179	1.84533	0.533611	2.23079									0.863587	1.52439				
0.629899	1.8475	0.53569	2.23079									0.865007	1.52516				
0.631621	1.84965	0.537768	2.23075									0.866429	1.52592				
0.633346	1.85179	0.539846	2.23073									0.867851	1.5267				
0.635072	1.85392	0.541925	2.23072									0.869273	1.52752				
0.6368	1.85601	0.544003	2.23072									0.870697	1.52838				
0.638531	1.85812	0.546081	2.23072									0.872121	1.52928				
0.640263	1.8602	0.54816	2.23072									0.873547	1.53017				
0.641997	1.86226	0.550238	2.23068									0.874973	1.53109				
0.643733	1.86432	0.552316	2.23066									0.8764	1.53207				
0.645471	1.86634	0.554395	2.23069									0.877827	1.53303				
0.647211	1.86837	0.556473	2.23063									0.879256	1.53399				
0.648952	1.87038	0.558551	2.23063									0.880686	1.53502				
0.650696	1.87233	0.56063	2.23064									0.882117	1.53608				
0.652441	1.87434	0.562708	2.2306									0.883548	1.53712				
0.654188	1.87629	0.564786	2.23062									0.884981	1.53816				
0.655937	1.87822	0.566864	2.2306									0.886414	1.53926				
0.657688	1.88017	0.568942	2.23055									0.887849	1.5404				
0.659441	1.8821	0.571021	2.23056									0.889285	1.54152				
0.661195	1.88402	0.573099	2.23056									0.890722	1.54266				
0.662952	1.88589	0.575177	2.23053									0.892159	1.54386				
0.66471	1.88774	0.577255	2.23055									0.893598	1.54504				
0.666469	1.88962	0.579333	2.23052									0.895038	1.54618				
0.668231	1.89151	0.581412	2.23051									0.896479	1.54741				
0.669994	1.89334	0.58349	2.2305									0.897922	1.54865				
0.671759	1.89513	0.585568	2.23046									0.899365	1.54989				
0.673525	1.89698	0.587646	2.23048									0.90081	1.55117				
0.675293	1.89878	0.589724	2.23049									0.902256	1.5524				
0.677063	1.90056	0.591802	2.23045									0.903703	1.5537				
0.678835	1.90233	0.59388	2.23044									0.905151	1.55502				
0.680608	1.90406	0.595958	2.23043									0.9066	1.5563				
0.682383	1.90584	0.598036	2.23043									0.908051	1.5576				
0.684159	1.9076	0.600115	2.23042									0.909503	1.55894				
0.685938	1.90929	0.602193	2.23039									0.910956	1.56031				
0.687717	1.91098	0.604271	2.2304									0.91241	1.56162				
0.689498	1.9127	0.606349	2.23038									0.913866	1.563				
0.691281	1.91441	0.608427	2.23036									0.915323	1.56439				
0.693066	1.9161	0.610505	2.23039									0.916781	1.56575				
0.694852	1.91775	0.612583	2.23033									0.91824	1.56715				
0.696639	1.91939	0.614661	2.23034									0.919701	1.56855				
0.698428	1.92104	0.616739	2.23034									0.921163	1.56999				
0.700219	1.92264	0.618817	2.23031									0.922626	1.5714				
0.702011	1.92425	0.620895	2.23029									0.924091	1.5728				
0.703805	1.92589	0.622973	2.23028									0.925557	1.57423				
0.7056	1.92748	0.625051	2.23032									0.927024	1.57568				
0.707396	1.92908	0.627129	2.2303									0.928493	1.57718				
0.709194	1.93065	0.629207	2.23025									0.929963	1.57862				
0.710994	1.93217	0.631284	2.23026									0.931435	1.58004				
0.712795	1.93374	0.633362	2.23027									0.932908	1.58151				
0.714597	1.93529	0.63544	2.23024									0.934382	1.58302				
0.716401	1.93683	0.637518	2.23022									0.935857	1.58451				
0.718206	1.93834	0.639596	2.23025									0.937334	1.58598				
0.720013	1.93982	0.641674	2.23022									0.938813	1.58749				
0.721821	1.94137	0.643752	2.23018									0.940292	1.58901				
0.72363	1.94284	0.64583	2.23019									0.941774	1.59047				
0.725441	1.94427	0.647908	2.2302									0.943256	1.59197				
0.727253	1.94575	0.649985	2.2302									0.94474	1.59352				
0.729067	1.94723	0.652063	2.23016									0.946225	1.59503				
0.730882	1.9487	0.654141	2.23015									0.947712	1.59656				
0.732698	1.95013	0.656219	2.23017									0.949201	1.59809				
0.734516	1.9515	0.658297	2.23015									0.95069	1.59962				
0.736334	1.95292	0.660375	2.2301									0.952181	1.60116				
0.738155	1.95437	0.662452	2.23012									0.953674	1.6027				
0.739976	1.95575	0.66453	2.23012									0.955168	1.60423				
0.741799	1.95713	0.666608	2.23013									0.956663	1.60577				
0.743623	1.95852	0.668686	2.23009									0.95816	1.60731				
0.745448	1.95987	0.670763	2.23007									0.959658	1.60885				
0.747275	1.96121	0.672841	2.2301									0.961158	1.61042				
0.749103	1.96257	0.674919	2.23008									0.962659	1.61198				
0.750932	1.96392	0.676997	2.23007									0.964161	1.61353				
0.752762	1.96524	0.679074	2.23006									0.965666	1.6151				
0.754594	1.96657	0.681152	2.23002									0.967171	1.61666				
0.756427	1.96789	0.68323	2.23004									0.968678	1.61821				
0.758261	1.96921	0.685308	2.23005									0.970186	1.61975				
0.760096	1.97049	0.687385	2.23001									0.971696	1.62133				
0.761933	1.97176	0.689463	2.23									0.973208	1.62293				
0.76377	1.97301	0.691541	2.22999									0.97472	1.62449				
0.765609	1.9743	0.693618	2.23002									0.976235	1.62604				
0.767449	1.97556	0.695696	2.23									0.97775	1.62759				
0.769291	1.97682	0.697774	2.22996									0.979267	1.62917				
0.771133	1.97807	0.699851	2.22997									0.980786	1.63076				
0.772976	1.97928	0.701929	2.22998									0.982306	1.63233				
0.774821	1.98051	0.704007	2.22994									0.983828	1.63392				
0.776667	1.98174	0.706084	2.22996									0.985351	1.63548				
0.778514	1.98295	0.708162	2.22994									0.986875	1.63703				
0.780362	1.98414	0.71024	2.22992									0.988401	1.63861				
0.782211	1.98532	0.712317	2.22995									0.989929	1.64017				
0.784061	1.98653	0.714395	2.22989									0.991458	1.64176				
0.785913	1.98772	0.716472	2.2299									0.992988	1.64332				
0.787765	1.98887	0.71855	2.22991									0.99452	1.64491				
0.789619	1.99003	0.720628	2.22987									0.996053	1.64647				
0.791473	1.99115	0.722705	2.22989									0.997588	1.64802				
0.793329	1.9923	0.724783	2.2299									0.999124	1.6496				
0.795186	1.99347	0.72686	2.22987									1.00066	1.65037				
0.797044	1.9946	0.728938	2.22985														
0.798903	1.99571	0.731015	2.22984														
0.800762	1.99682	0.733093	2.22984														
0.802623	1.99792	0.73517	2.22984														
0.804485	1.99902	0.737248	2.22984														
0.806348	2.00012	0.739325	2.22984														
0.808212	2.00122	0.741403	2.2298														
0.810077	2.00228	0.74348	2.22982														
0.811943	2.00336	0.745558	2.22979														
0.81381	2.00441	0.747635	2.22978														
0.815678	2.00545	0.749713	2.22981														
0.817547	2.00652	0.75179	2.22978														
0.819417	2.00757	0.753868	2.22977														
0.821288	2.0086	0.755945	2.22977														
0.82316	2.00964	0.758023	2.22977														
0.825033	2.01066	0.7601	2.22973														
0.826907	2.01169	0.762178	2.22971														
0.828782	2.01268	0.764255	2.22974														
0.830657	2.01365	0.766333	2.22975														
0.832534	2.01469	0.76841	2.22972														
0.834411	2.01568	0.770487	2.2297														
0.83629	2.01665	0.772565	2.2297														
0.838169	2.01765	0.774642	2.22969														
0.840049	2.01859	0.77672	2.22969														
0.841931	2.01954	0.778797	2.22969														
0.843813	2.02056	0.780874	2.22969														
0.845696	2.02151	0.782952	2.22965														
0.847579	2.02239	0.785029	2.22967														
0.849464	2.02334	0.787106	2.22968														
0.85135	2.02433	0.789184	2.22965														
0.853236	2.02522	0.791261	2.22963														
0.855124	2.02611	0.793339	2.22962														
0.857012	2.02707	0.795416	2.22962														
0.858901	2.02799	0.797493	2.22962														
0.860791	2.02888	0.79957	2.22962														
0.862681	2.02977	0.801648	2.22962														
0.864573	2.03066	0.803725	2.22962														
0.866465	2.03154	0.805802	2.22958														
0.868358	2.03242	0.80788	2.22956														
0.870252	2.03333	0.809957	2.22959														
0.872147	2.0342	0.812034	2.22957														
0.874043	2.03503	0.814112	2.22955														
0.875939	2.03588	0.816189	2.22959														
0.877837	2.03675	0.818266	2.22956														
0.879735	2.03763	0.820343	2.22955														
0.881633	2.03846	0.822421	2.22955														
0.883533	2.03929	0.824498	2.22951														
0.885433	2.0401	0.826575	2.22953														
0.887335	2.04095	0.828652	2.22953														
0.889237	2.04177	0.83073	2.2295														
0.891139	2.04259	0.832807	2.22949														
0.893043	2.0434	0.834884	2.22951														
0.894947	2.04421	0.836961	2.22949														
0.896852	2.04502	0.839038	2.22948														
0.898758	2.04579	0.841116	2.22948														
0.900664	2.04661	0.843193	2.22947														
0.902571	2.04739	0.84527	2.22947														
0.904479	2.04814	0.847347	2.22943														
0.906388	2.04896	0.849424	2.22945														
0.908297	2.04974	0.851501	2.22946														
0.910207	2.05049	0.853579	2.22947														
0.912118	2.05123	0.855656	2.22943														
0.914029	2.05201	0.857733	2.22941														
0.915942	2.0528	0.85981	2.22944														
0.917855	2.05352	0.861887	2.22942														
0.919768	2.05425	0.863964	2.22941														
0.921682	2.05498	0.866042	2.2294														
0.923597	2.05571	0.868119	2.22936														
0.925513	2.05648	0.870196	2.22938														
0.927429	2.05719	0.872273	2.22939														
0.929346	2.05792	0.87435	2.22939														
0.931264	2.05864	0.876427	2.22939														
0.933182	2.05934	0.878504	2.22936														
0.935101	2.06005	0.880581	2.22934														
0.937021	2.06077	0.882658	2.22933														
0.938941	2.06146	0.884735	2.22936														
0.940862	2.06214	0.886812	2.22934														
0.942784	2.06288	0.88889	2.2293														
0.944706	2.06354	0.890967	2.22935														
0.946629	2.0642	0.893044	2.22933														
0.948553	2.06494	0.895121	2.22929														
0.950477	2.0656	0.897198	2.22931														
0.952402	2.06626	0.899275	2.22932														
0.954327	2.06692	0.901352	2.22928														
0.956253	2.06758	0.903429	2.22927														
0.95818	2.06827	0.905506	2.22929														
0.960107	2.06891	0.907583	2.22931														
0.962035	2.06956	0.90966	2.22928														
0.963964	2.07022	0.911737	2.22926														
0.965893	2.07084	0.913814	2.22926														
0.967822	2.07148	0.915891	2.22925														
0.969753	2.07216	0.917968	2.22925														
0.971684	2.0728	0.920045	2.22921														
0.973615	2.07337	0.922122	2.22923														
0.975547	2.07399	0.924199	2.22924														
0.97748	2.07466	0.926276	2.22921														
0.979413	2.07529	0.928353	2.22923														
0.981347	2.07587	0.93043	2.2292														
0.983281	2.07648	0.932506	2.22919														
0.985216	2.07712	0.934583	2.22922														
0.987152	2.07769	0.93666	2.2292														
0.989088	2.07831	0.938737	2.22919														
0.991024	2.07891	0.940814	2.22918														
0.992962	2.07951	0.942891	2.22918														
0.994899	2.0801	0.944968	2.22914														
0.996838	2.08068	0.947045	2.22916														
0.998776	2.08127	0.949122	2.22917														
1.00072	2.08152	0.951199	2.22914														
		0.953276	2.22916														
		0.955352	2.22913														
		0.957429	2.22912														
		0.959506	2.22915														
		0.961583	2.22913														
		0.96366	2.22911														
		0.965737	2.22911														
		0.967814	2.22911														
		0.96989	2.2291														
		0.971967	2.22907														
		0.974044	2.22909														
		0.976121	2.22909														
		0.978198	2.22906														
		0.980275	2.22908														
		0.982351	2.22906														
		0.984428	2.22904														
		0.986505	2.22907														
		0.988582	2.22905														
		0.990659	2.22904														
		0.992735	2.22904														
		0.994812	2.22903														
		0.996889	2.22899														
		0.998966	2.22901														
		1.00104	2.22907														
