Sym0		Asym0		Sym1		Sym2		Sym3		Sym4		Asym1		Asym2		Asym3		Asym4	
494  Points		499  Points		364  Points		214  Points		177  Points		148  Points		444  Points		268  Points		189  Points		150  Points	
Freq (MHz)	Vgr (m/ms)	Freq (MHz)	Vgr (m/ms)	Freq (MHz)	Vgr (m/ms)	Freq (MHz)	Vgr (m/ms)	Freq (MHz)	Vgr (m/ms)	Freq (MHz)	Vgr (m/ms)	Freq (MHz)	Vgr (m/ms)	Freq (MHz)	Vgr (m/ms)	Freq (MHz)	Vgr (m/ms)	Freq (MHz)	Vgr (m/ms)
0.00191882	5.32349	0.000270986	0.35855	0.279507	-0.0054476	0.33044	0.084076	0.559028	0.0444203	0.838526	0.010639	0.139768	0.182285	0.419271	0.0453696	0.660873	0.0106136	0.698784	0.0519657
0.00687869	5.32281	0.000605045	0.427819	0.279502	-0.0070765	0.330518	0.13849	0.559069	0.0608968	0.838535	0.0199252	0.139938	0.284664	0.419314	0.0642816	0.660883	0.0196937	0.698832	0.0714488
0.0118373	5.32106	0.00106818	0.564436	0.279494	-0.00983915	0.330698	0.24702	0.559141	0.0938465	0.838563	0.0384822	0.140299	0.488308	0.419391	0.102121	0.66091	0.037925	0.698917	0.110342
0.0167939	5.31837	0.00165681	0.696752	0.279483	-0.0115559	0.330979	0.354731	0.559244	0.126787	0.838607	0.0569925	0.140848	0.689053	0.419504	0.139934	0.660954	0.0562236	0.699038	0.149092
0.0217475	5.31474	0.0023665	0.823909	0.279472	-0.0118399	0.331359	0.46124	0.559378	0.159709	0.838669	0.075483	0.141583	0.885612	0.419652	0.177694	0.661014	0.0745834	0.699195	0.187772
0.0266973	5.31021	0.00319207	0.945287	0.279461	-0.0103572	0.331838	0.566226	0.559542	0.192595	0.838748	0.0940068	0.142498	1.07709	0.419835	0.215348	0.661093	0.0930658	0.699388	0.226387
0.0316425	5.30465	0.00412794	1.06038	0.279453	-0.00695232	0.332414	0.669485	0.559737	0.225406	0.838844	0.112524	0.14359	1.26267	0.420053	0.252936	0.661188	0.111647	0.699617	0.264872
0.036582	5.29808	0.00516798	1.16884	0.279448	-0.00138767	0.333086	0.770753	0.559962	0.258144	0.838957	0.131029	0.144851	1.44156	0.420306	0.290464	0.661301	0.130352	0.699881	0.30317
0.0415148	5.2905	0.00630595	1.27048	0.27945	0.0065922	0.333851	0.869798	0.560218	0.29088	0.839088	0.149508	0.146276	1.61331	0.420594	0.327802	0.661431	0.149231	0.700182	0.341314
0.0464402	5.28185	0.00753539	1.36522	0.279461	0.0170588	0.334707	0.966595	0.560504	0.323614	0.839236	0.168009	0.147858	1.77752	0.420917	0.365051	0.661579	0.168314	0.700517	0.379296
0.051357	5.27204	0.00884989	1.45311	0.279482	0.0300818	0.335652	1.06095	0.560821	0.356195	0.839401	0.186481	0.149588	1.93395	0.421275	0.402195	0.661744	0.187583	0.700888	0.417028
0.0562641	5.26113	0.0102431	1.53425	0.279517	0.0458007	0.336683	1.15282	0.561168	0.38869	0.839584	0.204894	0.151461	2.08254	0.421667	0.439129	0.661928	0.207077	0.701295	0.454552
0.0611605	5.24904	0.0117088	1.60893	0.279567	0.0642013	0.3378	1.24223	0.561545	0.421162	0.839783	0.223336	0.153469	2.22327	0.422093	0.475938	0.66213	0.226802	0.701735	0.49188
0.0660451	5.23564	0.0132412	1.67737	0.279636	0.0853288	0.338998	1.32914	0.561952	0.453513	0.84	0.241764	0.155604	2.3562	0.422553	0.512567	0.662351	0.246771	0.702211	0.528964
0.0709166	5.22091	0.0148344	1.73991	0.279726	0.1092	0.340277	1.4136	0.56239	0.485769	0.840234	0.260164	0.157859	2.48158	0.423048	0.548985	0.66259	0.267007	0.702721	0.565778
0.0757737	5.2048	0.0164833	1.79687	0.27984	0.135775	0.341632	1.49565	0.562858	0.51798	0.840485	0.278505	0.160228	2.59962	0.423576	0.585199	0.662848	0.287484	0.703265	0.602346
0.0806151	5.18722	0.0181826	1.8486	0.279979	0.165049	0.343064	1.57538	0.563355	0.55003	0.840753	0.296877	0.162704	2.71052	0.424138	0.621227	0.663126	0.308222	0.703844	0.638641
0.0854395	5.16809	0.0199279	1.89552	0.280147	0.197083	0.344568	1.6528	0.563883	0.581977	0.841038	0.315237	0.165279	2.81471	0.424734	0.657028	0.663423	0.329263	0.704455	0.674683
0.0902453	5.14728	0.0217147	1.93787	0.280347	0.231854	0.346143	1.72804	0.56444	0.613864	0.84134	0.3335	0.167948	2.91242	0.425363	0.692594	0.663739	0.350618	0.705101	0.710438
0.0950309	5.12476	0.023539	1.97615	0.28058	0.269316	0.347788	1.80116	0.565026	0.645557	0.841659	0.351789	0.170706	3.00397	0.426025	0.727984	0.664076	0.372235	0.705779	0.745914
0.0997947	5.10038	0.0253971	2.01058	0.280849	0.309524	0.3495	1.87227	0.565643	0.677157	0.841995	0.370056	0.173546	3.08974	0.426719	0.763095	0.664433	0.394155	0.706491	0.781122
0.104535	5.07395	0.0272855	2.04151	0.281156	0.352512	0.351277	1.94145	0.566288	0.708642	0.842349	0.388279	0.176463	3.17001	0.427447	0.797941	0.66481	0.416389	0.707235	0.816018
0.109249	5.04543	0.0292012	2.06931	0.281505	0.398278	0.353117	2.00878	0.566963	0.739971	0.842719	0.406489	0.179453	3.24509	0.428206	0.83255	0.665209	0.438884	0.708011	0.850652
0.113936	5.01466	0.0311414	2.09414	0.281898	0.446891	0.35502	2.07437	0.567667	0.771208	0.843106	0.424671	0.18251	3.31527	0.428998	0.866904	0.665628	0.461681	0.70882	0.885058
0.118594	4.98148	0.0331034	2.11634	0.282338	0.498414	0.356983	2.13825	0.5684	0.802263	0.84351	0.442798	0.185631	3.38084	0.429822	0.901043	0.666069	0.48479	0.70966	0.919152
0.123219	4.94573	0.0350849	2.1362	0.282827	0.552972	0.359004	2.20051	0.569162	0.833171	0.843931	0.460887	0.18881	3.44204	0.430677	0.934897	0.666532	0.508156	0.710533	0.952917
0.12781	4.90726	0.037084	2.15387	0.283369	0.610674	0.361083	2.26125	0.569953	0.864005	0.844369	0.478976	0.192044	3.49917	0.431564	0.968475	0.667016	0.531817	0.711436	0.986462
0.132363	4.86584	0.0390984	2.16952	0.283965	0.671511	0.363218	2.32054	0.570772	0.894618	0.844824	0.496988	0.19533	3.55243	0.432482	1.00186	0.667523	0.555776	0.712371	1.01979
0.136877	4.82131	0.0411266	2.18345	0.28462	0.73569	0.365407	2.3784	0.57162	0.925083	0.845295	0.514996	0.198664	3.60204	0.43343	1.03495	0.668052	0.579962	0.713336	1.05282
0.141347	4.77349	0.0431671	2.1958	0.285336	0.803404	0.36765	2.43488	0.572496	0.955397	0.845783	0.532994	0.202042	3.64824	0.43441	1.06773	0.668603	0.604458	0.714333	1.08556
0.145771	4.72215	0.0449539	2.20541	0.286117	0.874672	0.369944	2.49012	0.5734	0.985557	0.846288	0.5509	0.20502	3.68588	0.43542	1.10033	0.669178	0.629207	0.715359	1.11808
0.150146	4.66709	0.046483	2.21281	0.286966	0.949678	0.37229	2.54413	0.574332	1.01563	0.84681	0.568766	0.207582	3.71615	0.43646	1.13272	0.669776	0.654168	0.716416	1.15039
0.154468	4.60816	0.0477511	2.21834	0.287886	1.02857	0.374685	2.59692	0.575292	1.04545	0.847348	0.586628	0.209716	3.73981	0.437531	1.16482	0.670397	0.679408	0.717503	1.18248
0.158733	4.54515	0.048756	2.22251	0.288882	1.11151	0.377129	2.64852	0.57628	1.07513	0.847903	0.604481	0.211412	3.75778	0.438631	1.19666	0.671042	0.70484	0.718619	1.21428
0.162937	4.47789	0.049496	2.22544	0.289958	1.19857	0.37962	2.69906	0.577296	1.10469	0.848475	0.622242	0.212665	3.77064	0.439761	1.22833	0.67171	0.730507	0.719765	1.24589
0.167077	4.40627	0.0499701	2.22719	0.291116	1.28986	0.382158	2.74858	0.578339	1.13407	0.849063	0.639966	0.213469	3.77863	0.44092	1.25981	0.672403	0.756427	0.720941	1.27732
0.171148	4.4252	0.0506523	2.22952	0.292361	1.38543	0.384742	2.79701	0.579409	1.16332	0.849667	0.65769	0.214627	3.78982	0.442108	1.29105	0.67312	0.782485	0.722146	1.30853
0.175323	4.24932	0.0513946	2.232	0.293697	1.48523	0.38737	2.84443	0.580506	1.19237	0.850288	0.675339	0.21589	3.80156	0.443326	1.32212	0.673861	0.808746	0.723379	1.33952
0.179066	4.06888	0.0524054	2.23526	0.295129	1.58932	0.390042	2.89093	0.581631	1.22125	0.850925	0.692913	0.217614	3.81706	0.444572	1.35298	0.674627	0.835196	0.724642	1.37032
0.182905	4.0741	0.0536858	2.23904	0.296659	1.69752	0.392757	2.93646	0.582782	1.25	0.851579	0.710484	0.219804	3.83587	0.445847	1.38372	0.675417	0.8618	0.725933	1.40101
0.186658	3.97981	0.055237	2.2432	0.298292	1.80964	0.395514	2.9811	0.58396	1.27858	0.852249	0.728047	0.222467	3.85726	0.44715	1.41436	0.676233	0.888568	0.727252	1.43147
0.190321	3.88125	0.0570601	2.24752	0.300031	1.9254	0.398312	3.02489	0.585165	1.30702	0.852936	0.745522	0.225608	3.88063	0.448482	1.4448	0.677073	0.915444	0.7286	1.46178
0.19389	3.77876	0.0591563	2.25186	0.30188	2.04434	0.40115	3.06779	0.586396	1.33534	0.853639	0.762966	0.229236	3.90533	0.449842	1.47515	0.677939	0.942462	0.729976	1.49194
0.197362	3.67279	0.0612562	2.25557	0.303582	2.15031	0.404028	3.10987	0.587653	1.36349	0.854358	0.78035	0.232886	3.92783	0.451231	1.50545	0.678829	0.96962	0.73138	1.52193
0.200734	3.56383	0.0633593	2.25874	0.305102	2.24203	0.406945	3.15119	0.588936	1.39152	0.855093	0.797687	0.236555	3.94808	0.452648	1.53565	0.679745	0.996834	0.732812	1.55181
0.204003	3.45241	0.0654652	2.26139	0.306407	2.31867	0.4099	3.19171	0.590246	1.41937	0.855844	0.815002	0.240242	3.96627	0.454092	1.56581	0.680687	1.02416	0.734272	1.58154
0.207167	3.33922	0.0675732	2.26363	0.30747	2.3798	0.412893	3.23144	0.591581	1.44709	0.856611	0.832273	0.243946	3.98246	0.455565	1.59595	0.681654	1.05158	0.735759	1.61118
0.210225	3.22504	0.0696832	2.26548	0.308269	2.42474	0.415922	3.27046	0.592942	1.47471	0.857395	0.84953	0.247663	3.99664	0.457066	1.62612	0.682646	1.07901	0.737274	1.64066
0.213177	3.11064	0.0717947	2.26692	0.308789	2.45359	0.418987	3.30874	0.594329	1.50218	0.858194	0.866685	0.251393	4.00893	0.458595	1.6563	0.683664	1.10657	0.738816	1.67003
0.216022	2.99676	0.0739073	2.26808	0.309546	2.49526	0.422087	3.34634	0.595741	1.52952	0.85901	0.883784	0.255133	4.01936	0.460153	1.68654	0.684708	1.13413	0.740386	1.69933
0.218761	2.88429	0.076021	2.26899	0.310384	2.54049	0.425222	3.3833	0.597179	1.55679	0.859841	0.900917	0.258883	4.02794	0.461738	1.71686	0.685778	1.16165	0.741983	1.72849
0.221396	2.77397	0.0781354	2.26963	0.311548	2.60204	0.428392	3.41956	0.598642	1.58396	0.860689	0.917972	0.262639	4.03484	0.463352	1.74724	0.686873	1.18922	0.743607	1.75758
0.22393	2.6665	0.0802502	2.27006	0.313059	2.67968	0.431594	3.45519	0.600131	1.61096	0.861552	0.934941	0.266401	4.04	0.464994	1.77783	0.687994	1.21683	0.745258	1.78662
0.226365	2.56258	0.0823654	2.27031	0.314946	2.77311	0.43483	3.49019	0.601644	1.63794	0.862431	0.951888	0.270167	4.04343	0.466665	1.80854	0.68914	1.24442	0.746936	1.81553
0.228705	2.4627	0.0844806	2.27036	0.317242	2.88169	0.438098	3.52459	0.603183	1.66481	0.863325	0.968789	0.273936	4.04522	0.468364	1.83941	0.690313	1.27193	0.748641	1.84435
0.230954	2.36731	0.0865959	2.27028	0.319985	3.00418	0.441398	3.55837	0.604746	1.69159	0.864236	0.985673	0.277705	4.04538	0.470092	1.87055	0.69151	1.2994	0.750373	1.87315
0.233116	2.2768	0.0887111	2.27005	0.32284	3.12372	0.444729	3.59159	0.606335	1.71834	0.865162	1.00252	0.281474	4.04388	0.47185	1.90192	0.692734	1.32687	0.752131	1.90187
0.235196	2.19137	0.0908259	2.26972	0.325805	3.23967	0.44809	3.62427	0.607948	1.74503	0.866104	1.0193	0.28524	4.04086	0.473636	1.93352	0.693983	1.35422	0.753917	1.93054
0.237199	2.11117	0.0929404	2.26933	0.328877	3.35133	0.451482	3.65637	0.609587	1.77169	0.867062	1.03601	0.289003	4.03628	0.475452	1.96545	0.695257	1.38151	0.755729	1.95917
0.23913	2.03625	0.0950546	2.26885	0.33205	3.45818	0.454903	3.68798	0.61125	1.79828	0.868035	1.05273	0.292761	4.0301	0.477299	1.99773	0.696557	1.40869	0.757567	1.98771
0.240994	1.96661	0.0971682	2.26824	0.335321	3.55972	0.458354	3.71905	0.612938	1.82486	0.869023	1.0694	0.296513	4.0224	0.479175	2.03031	0.697882	1.43575	0.759433	2.01623
0.242795	1.90212	0.0992812	2.2676	0.338683	3.65564	0.461834	3.74962	0.61465	1.85143	0.870027	1.08598	0.300257	4.01317	0.481082	2.06322	0.699232	1.46276	0.761324	2.0447
0.244538	1.84263	0.101394	2.26692	0.342133	3.74576	0.465341	3.7797	0.616387	1.87799	0.871047	1.10257	0.303991	4.00247	0.48302	2.09661	0.700608	1.48961	0.763243	2.07316
0.246228	1.78803	0.103505	2.26618	0.345663	3.82992	0.468877	3.80924	0.61815	1.90459	0.872082	1.11912	0.307715	3.99024	0.484989	2.13035	0.702008	1.51629	0.765188	2.10158
0.24787	1.73802	0.105616	2.26544	0.349269	3.90808	0.472439	3.83838	0.619936	1.9312	0.873132	1.1356	0.311427	3.97647	0.486989	2.1645	0.703433	1.54283	0.767159	2.12993
0.249467	1.69235	0.107727	2.26463	0.352945	3.98019	0.476029	3.86707	0.621748	1.95784	0.874198	1.15208	0.315125	3.96127	0.489022	2.19913	0.704883	1.56926	0.769156	2.15828
0.251023	1.65081	0.109836	2.26378	0.356686	4.04649	0.479645	3.89529	0.623585	1.98454	0.875279	1.16849	0.318808	3.94463	0.491087	2.23416	0.706358	1.59547	0.77118	2.18664
0.252543	1.61321	0.111945	2.26296	0.360486	4.10704	0.483287	3.92302	0.625446	2.01135	0.876375	1.18484	0.322475	3.92649	0.493185	2.26967	0.707856	1.6215	0.773231	2.21494
0.254029	1.57917	0.114053	2.26211	0.364339	4.16199	0.486955	3.95037	0.627333	2.03823	0.877487	1.20119	0.326125	3.90691	0.495316	2.30559	0.709379	1.64735	0.775308	2.24321
0.255486	1.54845	0.11616	2.26124	0.368241	4.21163	0.490172	3.97381	0.629244	2.06519	0.878613	1.2175	0.329755	3.88592	0.497201	2.33727	0.710926	1.67297	0.777411	2.27146
0.256915	1.52092	0.118267	2.26037	0.372187	4.25615	0.492929	3.99354	0.631181	2.09231	0.879755	1.23378	0.333365	3.86348	0.498828	2.36456	0.712496	1.69843	0.77954	2.29969
0.25832	1.49626	0.120372	2.25949	0.376172	4.2958	0.49522	4.00976	0.633143	2.11952	0.880913	1.25001	0.336954	3.83966	0.500188	2.38732	0.714091	1.72365	0.781696	2.32796
0.259703	1.47425	0.122477	2.25865	0.380192	4.33083	0.497037	4.0224	0.63513	2.1469	0.882085	1.2662	0.34052	3.81446	0.501272	2.40536	0.715708	1.74867	0.783878	2.35616
0.261067	1.45469	0.124581	2.25779	0.384242	4.36145	0.498377	4.03171	0.637143	2.17449	0.883272	1.28239	0.344062	3.78787	0.502075	2.41872	0.717349	1.77344	0.786087	2.38435
0.262414	1.43733	0.126684	2.25689	0.388319	4.388	0.499236	4.03759	0.639182	2.20222	0.884474	1.29853	0.347579	3.75997	0.502591	2.4274	0.719013	1.79793	0.788321	2.41253
0.263575	1.42392	0.128786	2.25603	0.392418	4.41062	0.500474	4.04594	0.641247	2.2302	0.885692	1.31461	0.351068	3.73074	0.503336	2.43982	0.720699	1.82223	0.790582	2.4407
0.264557	1.4136	0.130888	2.2552	0.396537	4.42954	0.501821	4.05506	0.643338	2.25841	0.886924	1.33066	0.35453	3.70027	0.50415	2.45322	0.722408	1.84629	0.792869	2.46884
0.265363	1.4058	0.132989	2.25435	0.400672	4.44505	0.503659	4.06733	0.645455	2.28684	0.888171	1.34672	0.357963	3.66852	0.505264	2.47169	0.72414	1.87003	0.795182	2.49692
0.265998	1.40026	0.135089	2.25352	0.40482	4.45723	0.505992	4.08275	0.647599	2.31558	0.889433	1.36272	0.361366	3.63558	0.506686	2.49521	0.725893	1.89355	0.797522	2.52503
0.266463	1.3963	0.137188	2.25274	0.408978	4.4664	0.508824	4.10114	0.64977	2.34456	0.89071	1.37869	0.364738	3.60153	0.508422	2.52376	0.727668	1.91687	0.799888	2.55312
0.266761	1.39383	0.139286	2.25191	0.413143	4.47263	0.512162	4.12238	0.651968	2.3739	0.892002	1.39467	0.368077	3.56634	0.510485	2.55757	0.729465	1.93985	0.802279	2.58117
0.267187	1.39056	0.141384	2.25109	0.417312	4.47615	0.516014	4.14645	0.654194	2.40357	0.893309	1.41057	0.371383	3.53011	0.512886	2.59661	0.731283	1.96259	0.804697	2.60916
0.267649	1.38718	0.143481	2.25035	0.421484	4.4771	0.519889	4.17005	0.656447	2.43362	0.894631	1.42648	0.374655	3.49288	0.515324	2.6359	0.733122	1.98507	0.807141	2.63716
0.268276	1.38294	0.145577	2.24958	0.425655	4.47557	0.523785	4.19321	0.658728	2.46405	0.895967	1.44235	0.377892	3.4547	0.517798	2.67543	0.734982	2.00726	0.809611	2.66511
0.269066	1.37799	0.147673	2.24882	0.429823	4.47179	0.527702	4.21595	0.661038	2.49488	0.897318	1.45818	0.381093	3.4157	0.520309	2.71515	0.736862	2.02922	0.812107	2.69303
0.270017	1.37266	0.149768	2.24808	0.433988	4.46584	0.531641	4.23817	0.663377	2.52614	0.898684	1.47402	0.384257	3.3759	0.522857	2.75497	0.738763	2.05087	0.81463	2.72089
0.271129	1.36728	0.151862	2.24734	0.438145	4.45781	0.5356	4.25993	0.665746	2.55783	0.900065	1.48982	0.387383	3.33539	0.525443	2.79488	0.740684	2.07228	0.817178	2.7487
0.272401	1.36215	0.153955	2.24665	0.442294	4.44783	0.539579	4.28125	0.668144	2.59	0.901461	1.50558	0.390472	3.29422	0.528065	2.83475	0.742624	2.09342	0.819751	2.7765
0.273668	1.35804	0.156048	2.24597	0.446433	4.43603	0.543577	4.30202	0.670572	2.6227	0.902871	1.52137	0.393522	3.25251	0.530725	2.87458	0.744585	2.11432	0.822351	2.80418
0.274931	1.35492	0.158141	2.2453	0.45056	4.42244	0.547595	4.32229	0.673031	2.65596	0.904295	1.53712	0.396533	3.21038	0.533422	2.91426	0.746564	2.13494	0.824977	2.83186
0.276192	1.35267	0.160232	2.24463	0.454674	4.40718	0.551631	4.34202	0.675521	2.68974	0.905735	1.55281	0.399504	3.16785	0.536155	2.9537	0.748563	2.1553	0.827628	2.85945
0.277452	1.35121	0.162323	2.24397	0.458772	4.3904	0.555686	4.36111	0.677717	2.71958	0.907189	1.56851	0.402436	3.12502	0.538926	2.99286	0.75058	2.17544	0.830305	2.88696
0.27871	1.35052	0.164414	2.24335	0.462855	4.37204	0.559758	4.37967	0.679608	2.74542	0.908658	1.58423	0.405327	3.08196	0.541732	3.03163	0.752617	2.19529	0.833008	2.91436
0.279968	1.35047	0.166503	2.24274	0.466919	4.35232	0.563847	4.39759	0.681185	2.76709	0.910141	1.59992	0.408178	3.03882	0.544575	3.06999	0.754671	2.21493	0.835736	2.9417
0.281227	1.35103	0.168593	2.24211	0.470965	4.33122	0.567952	4.41486	0.682441	2.78436	0.911639	1.61557	0.41099	2.99572	0.547453	3.10781	0.756744	2.23436	0.838489	2.96899
0.282486	1.35215	0.170681	2.24154	0.47499	4.3088	0.572073	4.43148	0.68337	2.79697	0.913151	1.63118	0.413761	2.95263	0.550366	3.14499	0.758835	2.25351	0.841268	2.99617
0.283746	1.35377	0.17277	2.24096	0.478994	4.28525	0.57621	4.44737	0.683967	2.80524	0.914678	1.64681	0.416492	2.90967	0.553313	3.18152	0.760943	2.27248	0.844072	3.02321
0.285008	1.3559	0.174857	2.24038	0.482975	4.26051	0.580361	4.46249	0.684827	2.81734	0.91622	1.66247	0.419183	2.86698	0.556294	3.2173	0.763069	2.29123	0.846901	3.05012
0.286273	1.35843	0.176944	2.23983	0.486933	4.23466	0.584525	4.47687	0.685767	2.83027	0.917776	1.6781	0.421834	2.82462	0.559308	3.25225	0.765212	2.30977	0.849756	3.07699
0.28754	1.36135	0.179031	2.2393	0.490866	4.20779	0.588703	4.49042	0.687052	2.84806	0.919347	1.6937	0.424446	2.78264	0.562354	3.28631	0.767373	2.32815	0.852635	3.10371
0.28881	1.3646	0.181117	2.23882	0.494774	4.17992	0.592892	4.5031	0.688688	2.87093	0.920932	1.70931	0.427019	2.74114	0.565432	3.31942	0.769551	2.34632	0.855539	3.13026
0.290083	1.36816	0.183203	2.23828	0.498655	4.15119	0.597094	4.51493	0.690685	2.89887	0.922532	1.72491	0.429554	2.70014	0.56854	3.35154	0.771745	2.36428	0.858468	3.15669
0.291359	1.37207	0.185288	2.23776	0.502509	4.1216	0.601306	4.52583	0.693052	2.93215	0.924146	1.74052	0.43205	2.65975	0.571677	3.38258	0.773956	2.3821	0.861421	3.18297
0.292639	1.37622	0.187372	2.23731	0.506335	4.09116	0.605527	4.53571	0.695802	2.97095	0.925775	1.75614	0.43451	2.62004	0.574843	3.41253	0.775897	2.39753	0.864399	3.2091
0.293923	1.3806	0.189457	2.23683	0.510132	4.06001	0.609757	4.54464	0.698588	3.01052	0.927419	1.77171	0.436933	2.58099	0.578036	3.44131	0.777561	2.4105	0.867401	3.23506
0.295212	1.38518	0.191541	2.23637	0.5139	4.02814	0.613996	4.55251	0.701411	3.05093	0.929077	1.78732	0.439319	2.54268	0.581255	3.46888	0.778943	2.42127	0.870427	3.26091
0.296505	1.38995	0.193624	2.23592	0.517638	3.99562	0.61824	4.5593	0.704273	3.09204	0.930749	1.80293	0.441671	2.50522	0.5845	3.49519	0.780041	2.42969	0.873477	3.28652
0.297802	1.3949	0.195707	2.23544	0.521346	3.96251	0.622491	4.56497	0.707173	3.13395	0.932436	1.81855	0.443987	2.46858	0.587768	3.52025	0.78085	2.43605	0.876551	3.31197
0.299104	1.40002	0.197789	2.23502	0.525022	3.92889	0.626747	4.56945	0.710113	3.17669	0.934138	1.83419	0.44627	2.43275	0.591059	3.54409	0.78137	2.44002	0.879649	3.33724
0.300411	1.40528	0.199872	2.23462	0.528667	3.89472	0.631006	4.57282	0.713092	3.22022	0.935854	1.84981	0.448521	2.39785	0.594372	3.56656	0.782117	2.44548	0.88277	3.36228
0.301722	1.4107	0.201953	2.23421	0.532279	3.86009	0.635268	4.57495	0.716113	3.26462	0.937585	1.86543	0.450739	2.36381	0.597705	3.58772	0.782932	2.45163	0.885914	3.38716
0.303039	1.41619	0.204035	2.23378	0.53586	3.82513	0.639531	4.5758	0.719176	3.30978	0.93933	1.88108	0.452925	2.33071	0.601058	3.60757	0.784043	2.46	0.889081	3.41182
0.304361	1.42172	0.206116	2.23338	0.539407	3.78978	0.643794	4.57538	0.722281	3.35572	0.94109	1.89678	0.455082	2.29856	0.604428	3.62602	0.785454	2.47047	0.892272	3.43622
0.305689	1.42741	0.208196	2.23304	0.542921	3.75412	0.648057	4.57374	0.725429	3.4025	0.942865	1.91251	0.457208	2.26732	0.607814	3.6432	0.787169	2.48311	0.895484	3.46041
0.307021	1.43319	0.210277	2.23268	0.546403	3.71816	0.652317	4.57079	0.728621	3.45005	0.944654	1.92821	0.459307	2.23706	0.611216	3.659	0.789191	2.49789	0.89872	3.48441
0.308359	1.43901	0.212357	2.23228	0.54985	3.68202	0.656574	4.5665	0.731857	3.49837	0.946458	1.94395	0.461377	2.20768	0.614632	3.67345	0.791526	2.51473	0.901977	3.50809
0.309703	1.44488	0.214436	2.2319	0.553264	3.64575	0.660826	4.56091	0.73514	3.54739	0.948276	1.95975	0.46342	2.17922	0.618061	3.68661	0.793877	2.53154	0.905257	3.53157
0.311052	1.45079	0.216516	2.2316	0.556643	3.6093	0.665073	4.55405	0.738468	3.5971	0.950109	1.97553	0.465438	2.15177	0.621502	3.69839	0.796243	2.54822	0.908132	3.55185
0.312406	1.45674	0.218595	2.23127	0.559989	3.57277	0.669312	4.5459	0.741842	3.64748	0.951957	1.99134	0.46743	2.12519	0.624953	3.7089	0.798625	2.56483	0.910597	3.569
0.313766	1.46272	0.220673	2.23088	0.563301	3.53619	0.673543	4.53648	0.745264	3.69841	0.95382	2.00722	0.469398	2.09952	0.628413	3.71811	0.801022	2.58146	0.912643	3.58304
0.315132	1.46875	0.222752	2.23058	0.566578	3.49959	0.677765	4.52583	0.748734	3.74984	0.955698	2.02315	0.471342	2.07475	0.631881	3.72597	0.803435	2.59801	0.914267	3.59404
0.316503	1.47481	0.22483	2.23028	0.569822	3.46306	0.681977	4.51403	0.752252	3.80178	0.95759	2.03913	0.473264	2.05083	0.635356	3.73261	0.805863	2.61448	0.915464	3.60199
0.31788	1.48084	0.226908	2.22995	0.573031	3.42659	0.686177	4.50106	0.755818	3.85404	0.959497	2.05511	0.475164	2.02785	0.638837	3.73802	0.808307	2.63096	0.916232	3.60719
0.319262	1.48689	0.228985	2.22963	0.576207	3.39019	0.690364	4.48699	0.759433	3.90661	0.961172	2.06911	0.477042	2.00566	0.642321	3.74219	0.810766	2.64748	0.917338	3.61469
0.32065	1.49296	0.231062	2.22937	0.579349	3.35393	0.694538	4.47194	0.763098	3.95937	0.962608	2.08101	0.478901	1.98428	0.64581	3.74515	0.81324	2.6639	0.918542	3.62253
0.322044	1.49899	0.233139	2.22909	0.582457	3.3179	0.698697	4.45588	0.766811	4.0122	0.963802	2.0909	0.48074	1.96374	0.6493	3.74693	0.81573	2.68036	0.920183	3.6333
0.323444	1.50505	0.235216	2.22877	0.585531	3.28205	0.702841	4.43903	0.770574	4.06501	0.96475	2.09891	0.48256	1.94398	0.652792	3.74756	0.818235	2.69682	0.922267	3.64692
0.324849	1.51108	0.237292	2.22849	0.588572	3.2464	0.706969	4.42137	0.774386	4.11771	0.965449	2.1045	0.484362	1.92498	0.656283	3.74703	0.820755	2.71329	0.924796	3.66315
0.326259	1.5171	0.239369	2.22821	0.59158	3.21107	0.711079	4.40302	0.778247	4.17014	0.965897	2.10822	0.486147	1.90673	0.659774	3.74537	0.823291	2.72981	0.927778	3.68194
0.327676	1.52315	0.241444	2.22796	0.594556	3.17604	0.715173	4.38411	0.782156	4.2222	0.966544	2.11371	0.487915	1.88918	0.663262	3.74264	0.825842	2.7463	0.931219	3.70328
0.329098	1.52911	0.24352	2.22773	0.597499	3.14132	0.719249	4.36465	0.786114	4.2738	0.967248	2.1194	0.489667	1.87235	0.666748	3.73886	0.828408	2.76279	0.934679	3.72427
0.330525	1.53505	0.245596	2.22743	0.600409	3.10693	0.723306	4.34485	0.79012	4.32475	0.968209	2.1273	0.491404	1.85621	0.670229	3.73404	0.83099	2.77935	0.938158	3.74499
0.331958	1.54102	0.247671	2.22717	0.603288	3.07293	0.727345	4.32473	0.794173	4.37503	0.969429	2.13735	0.493126	1.84074	0.673706	3.72819	0.833587	2.79598	0.941657	3.76538
0.333396	1.54694	0.249746	2.22696	0.606135	3.03933	0.731365	4.30435	0.798273	4.42448	0.970913	2.14953	0.494834	1.8259	0.677176	3.72134	0.8362	2.8126	0.945175	3.78539
0.334841	1.55283	0.25182	2.22671	0.608952	3.00613	0.735366	4.2839	0.802418	4.47301	0.972664	2.16382	0.496529	1.81163	0.68064	3.71356	0.838828	2.82927	0.948711	3.80514
0.33629	1.55867	0.253895	2.22644	0.611737	2.97334	0.739347	4.26346	0.806608	4.52049	0.974687	2.18038	0.49821	1.79802	0.684096	3.70487	0.841472	2.84591	0.952265	3.82449
0.337745	1.56444	0.255969	2.22623	0.614492	2.94102	0.74331	4.24302	0.810841	4.5669	0.976727	2.19697	0.499879	1.78499	0.687544	3.69526	0.844131	2.86262	0.955837	3.84348
0.339205	1.57022	0.258043	2.22602	0.617217	2.90918	0.747254	4.22266	0.815117	4.61211	0.978781	2.21362	0.501536	1.77246	0.690982	3.68473	0.846806	2.8794	0.959427	3.86216
0.340671	1.576	0.260117	2.2258	0.619913	2.87781	0.751179	4.20252	0.819435	4.65603	0.980852	2.2304	0.503182	1.76049	0.69441	3.67339	0.849497	2.89617	0.963034	3.88043
0.342142	1.58172	0.262191	2.22555	0.62258	2.84689	0.755085	4.18263	0.823793	4.69868	0.982937	2.24729	0.504817	1.74908	0.697827	3.66124	0.852203	2.91298	0.966658	3.89832
0.343618	1.58735	0.264264	2.22535	0.625218	2.81653	0.758972	4.16299	0.828191	4.73997	0.985039	2.2643	0.506441	1.73814	0.701232	3.64828	0.854925	2.92981	0.970298	3.91584
0.3451	1.59299	0.266337	2.22517	0.627828	2.78666	0.762842	4.14368	0.832626	4.77984	0.987157	2.28141	0.508055	1.72769	0.704625	3.63455	0.857662	2.94665	0.973955	3.93298
0.346587	1.59856	0.268411	2.22494	0.630411	2.75726	0.766694	4.12472	0.837097	4.81826	0.98929	2.29865	0.50966	1.71774	0.708005	3.6201	0.860415	2.96345	0.977627	3.94972
0.348078	1.60409	0.270483	2.22471	0.632966	2.72843	0.770528	4.10609	0.841604	4.85524	0.99144	2.31606	0.511256	1.70819	0.711371	3.60493	0.863184	2.98028	0.981315	3.966
0.349576	1.6096	0.272556	2.22453	0.635495	2.70013	0.774345	4.08784	0.846145	4.89072	0.993606	2.33359	0.512843	1.69909	0.714722	3.58907	0.865969	2.99715	0.985017	3.98187
0.351078	1.61507	0.274629	2.22436	0.637997	2.67236	0.778145	4.06999	0.850717	4.92476	0.995788	2.35125	0.514422	1.6904	0.718059	3.57261	0.868769	3.01397	0.988734	3.99734
0.352585	1.62047	0.276701	2.22413	0.640474	2.6451	0.781929	4.0525	0.855321	4.9573	0.997987	2.36909	0.515993	1.68214	0.721379	3.55552	0.871585	3.03073	0.992466	4.01241
0.354097	1.62581	0.278773	2.22394	0.642926	2.6184	0.785697	4.03537	0.859955	4.98833	1.0002	2.37806	0.517557	1.67431	0.724684	3.53781	0.874417	3.04746	0.996211	4.02697
0.355615	1.63112	0.280845	2.22378	0.645353	2.59224	0.789448	4.0186	0.864617	5.01795			0.519113	1.66677	0.727972	3.51955	0.877264	3.06414	0.99997	4.04103
0.357137	1.63641	0.282917	2.22358	0.647757	2.56659	0.793185	4.00216	0.869305	5.04612			0.520663	1.65963	0.731242	3.50079	0.880126	3.08075	1.00374	4.04793
0.358664	1.64165	0.284988	2.22341	0.650136	2.5415	0.796906	3.98603	0.87402	5.07284			0.522206	1.65288	0.734495	3.48152	0.883004	3.09726		
0.360196	1.6468	0.28706	2.22325	0.652492	2.51691	0.800612	3.9702	0.878758	5.09814			0.523743	1.64639	0.73773	3.46178	0.885898	3.11372		
0.361733	1.65194	0.289131	2.22307	0.654826	2.49286	0.804304	3.95463	0.883519	5.12203			0.525274	1.64025	0.740946	3.44162	0.888806	3.13008		
0.363274	1.657	0.291202	2.2229	0.657137	2.46933	0.807981	3.93931	0.888302	5.14456			0.526799	1.63447	0.744143	3.42106	0.89173	3.14628		
0.36482	1.66202	0.293273	2.22274	0.659427	2.44633	0.811644	3.92421	0.893106	5.16579			0.528319	1.62894	0.74732	3.40009	0.894669	3.16233		
0.366371	1.66706	0.295344	2.22255	0.661696	2.42384	0.815294	3.90926	0.897928	5.18563			0.529834	1.62369	0.750478	3.37877	0.897623	3.17823		
0.367927	1.67199	0.297415	2.22239	0.663944	2.40186	0.818929	3.89446	0.902769	5.20416			0.531345	1.61876	0.753616	3.35715	0.900591	3.19397		
0.369487	1.67688	0.299485	2.22223	0.666172	2.3804	0.822551	3.87981	0.907626	5.22144			0.532851	1.61409	0.756734	3.33529	0.903574	3.2095		
0.371051	1.6817	0.301556	2.22211	0.668379	2.35942	0.826159	3.86524	0.912498	5.23744			0.534353	1.60967	0.759831	3.31315	0.906572	3.22481		
0.37262	1.68649	0.303626	2.22195	0.670568	2.33893	0.829753	3.85077	0.917385	5.25211			0.53585	1.60552	0.762908	3.29073	0.909584	3.2399		
0.374194	1.69127	0.305696	2.22175	0.672738	2.3189	0.833334	3.83633	0.922285	5.26556			0.537344	1.60158	0.765963	3.26816	0.912609	3.25477		
0.375772	1.69596	0.307766	2.22162	0.674889	2.29937	0.836902	3.82189	0.927197	5.27778			0.538835	1.59789	0.768998	3.24542	0.915648	3.26934		
0.377354	1.70062	0.309836	2.22148	0.677022	2.2803	0.840456	3.80745	0.932119	5.28872			0.540322	1.59443	0.772011	3.22255	0.918701	3.28359		
0.378941	1.70522	0.311905	2.22134	0.679138	2.26165	0.843996	3.79295	0.937052	5.29844			0.541806	1.59113	0.775002	3.19954	0.921767	3.2976		
0.380532	1.70975	0.313975	2.22119	0.681237	2.2435	0.847523	3.77845	0.941992	5.30685			0.543287	1.58812	0.777973	3.17643	0.924846	3.3113		
0.382127	1.71429	0.316044	2.22108	0.683319	2.22578	0.851037	3.76391	0.94694	5.31399			0.544765	1.5853	0.780921	3.15333	0.927937	3.3246		
0.383726	1.71879	0.318114	2.22092	0.685384	2.20846	0.854537	3.74924	0.951894	5.31986			0.546241	1.5826	0.783849	3.13014	0.931041	3.33755		
0.385329	1.72316	0.320183	2.22076	0.687434	2.19164	0.858023	3.73447	0.956853	5.32441			0.547714	1.58012	0.786754	3.10694	0.934156	3.35017		
0.386937	1.72755	0.322252	2.22065	0.689468	2.17517	0.861496	3.71958	0.961816	5.3276			0.549185	1.57786	0.789638	3.08376	0.937284	3.36242		
0.388548	1.73187	0.324321	2.22052	0.691487	2.15909	0.864954	3.70456	0.966781	5.32941			0.550654	1.57577	0.7925	3.0606	0.940422	3.37425		
0.390164	1.73615	0.32639	2.22038	0.693491	2.14348	0.868399	3.68943	0.971747	5.32974			0.552121	1.57381	0.795341	3.03749	0.943571	3.38563		
0.391784	1.74041	0.328458	2.22024	0.695481	2.1282	0.871829	3.67417	0.976712	5.32858			0.553587	1.57199	0.79816	3.01447	0.946731	3.39659		
0.393407	1.7446	0.330527	2.22013	0.697457	2.11331	0.875245	3.65874	0.981676	5.32591			0.555051	1.57035	0.800958	2.99157	0.9499	3.40716		
0.395034	1.74874	0.332595	2.21996	0.699419	2.09883	0.878647	3.64308	0.986636	5.32158			0.556513	1.5689	0.803735	2.96877	0.95308	3.41721		
0.396666	1.75282	0.334663	2.21985	0.701368	2.08467	0.882034	3.6273	0.991592	5.31553			0.557974	1.56756	0.80649	2.94612	0.956268	3.42681		
0.398301	1.75692	0.336732	2.21975	0.703304	2.07089	0.885406	3.6114	0.996541	5.30767			0.559434	1.56637	0.809225	2.9236	0.959465	3.43596		
0.399939	1.76094	0.3388	2.21963	0.705227	2.05748	0.888763	3.59527	1.00148	5.30326			0.560893	1.56531	0.811938	2.9012	0.96267	3.44461		
0.401582	1.76486	0.340868	2.2195	0.707138	2.04437	0.892105	3.57897					0.562351	1.56433	0.814631	2.87901	0.965884	3.45274		
0.403228	1.76879	0.342935	2.21936	0.709036	2.03159	0.895432	3.56251					0.563808	1.56355	0.817303	2.85705	0.969104	3.46036		
0.404878	1.77274	0.345003	2.21928	0.710923	2.01915	0.898744	3.54586					0.565264	1.56287	0.819954	2.83526	0.972332	3.4675		
0.406531	1.77658	0.347071	2.21918	0.712799	2.00708	0.90204	3.52907					0.56672	1.56227	0.822586	2.81371	0.975566	3.47411		
0.408188	1.78033	0.349138	2.21901	0.714663	1.99525	0.90532	3.51207					0.568175	1.56179	0.825197	2.79235	0.978805	3.4802		
0.409849	1.78411	0.351206	2.21889	0.716517	1.98374	0.908584	3.49489					0.56963	1.56144	0.827789	2.77123	0.982051	3.48577		
0.411513	1.78787	0.353273	2.2188	0.71836	1.97252	0.911832	3.47762					0.571085	1.56119	0.830361	2.75038	0.985301	3.49075		
0.41318	1.79154	0.35534	2.21871	0.720192	1.96157	0.915064	3.46013					0.572539	1.56107	0.832914	2.72978	0.988555	3.49522		
0.414851	1.79517	0.357407	2.2186	0.722015	1.95097	0.91828	3.44248					0.573994	1.561	0.835448	2.70944	0.991814	3.49921		
0.416525	1.79875	0.359474	2.21847	0.723828	1.94061	0.921479	3.42472					0.575448	1.56101	0.837963	2.68935	0.995076	3.5026		
0.418203	1.80233	0.361541	2.21836	0.725631	1.93049	0.924661	3.40683					0.576903	1.56112	0.840459	2.66956	0.99834	3.50547		
0.419884	1.80588	0.363608	2.21828	0.727425	1.92067	0.927827	3.38881					0.578357	1.56136	0.842937	2.65004	1.00161	3.50681		
0.421568	1.80933	0.365675	2.21816	0.72921	1.91107	0.930976	3.37064					0.579812	1.56166	0.845397	2.63075				
0.423255	1.81279	0.367741	2.21803	0.730986	1.90173	0.934108	3.35236					0.581267	1.562	0.84784	2.61177				
0.424946	1.8162	0.369808	2.21796	0.732754	1.89266	0.937223	3.33403					0.582723	1.56246	0.850264	2.59313				
0.42664	1.81955	0.371874	2.21786	0.734513	1.88381	0.94032	3.31557					0.584179	1.56298	0.852672	2.57472				
0.428337	1.82291	0.37394	2.21773	0.736264	1.87521	0.943401	3.29699					0.585635	1.56361	0.855062	2.55658				
0.430036	1.8262	0.376007	2.21767	0.738007	1.86681	0.946464	3.27841					0.587092	1.56425	0.857435	2.53876				
0.431739	1.82946	0.378073	2.21756	0.739742	1.85865	0.94951	3.2597					0.58855	1.56498	0.859793	2.52121				
0.433445	1.8327	0.380139	2.21744	0.74147	1.85069	0.952538	3.24097					0.590008	1.56578	0.862133	2.50397				
0.435154	1.83589	0.382205	2.21737	0.743191	1.84294	0.955549	3.22223					0.591467	1.56662	0.864458	2.48701				
0.436866	1.83903	0.384271	2.21727	0.744905	1.83544	0.958542	3.20342					0.592928	1.56755	0.866768	2.47032				
0.438581	1.84217	0.386336	2.21714	0.746611	1.82806	0.961518	3.1846					0.594388	1.56853	0.869062	2.45396				
0.440299	1.84524	0.388402	2.21708	0.748311	1.82093	0.964477	3.16577					0.59585	1.56957	0.87134	2.43786				
0.44202	1.84828	0.390468	2.21698	0.750004	1.814	0.967417	3.14695					0.597313	1.57064	0.873604	2.42202				
0.443743	1.85134	0.392533	2.21689	0.751691	1.80723	0.970341	3.12813					0.598777	1.57176	0.875854	2.40644				
0.445469	1.85429	0.394599	2.21681	0.753372	1.80066	0.973246	3.10934					0.600242	1.57294	0.878088	2.39118				
0.447198	1.85724	0.396664	2.21669	0.755046	1.79427	0.976134	3.09061					0.601708	1.57419	0.880309	2.37619				
0.44893	1.86017	0.398729	2.2166	0.756715	1.78803	0.979005	3.07191					0.603175	1.57544	0.882516	2.36144				
0.450665	1.86307	0.400794	2.21652	0.758378	1.78198	0.981859	3.05322					0.604644	1.57676	0.88471	2.34697				
0.452402	1.86595	0.402859	2.21644	0.760036	1.7761	0.984695	3.03464					0.606113	1.57812	0.88689	2.33277				
0.454142	1.86878	0.404924	2.21636	0.761688	1.77034	0.987513	3.01616					0.607584	1.57953	0.889056	2.31882				
0.455884	1.87155	0.406989	2.21629	0.763335	1.76479	0.990315	2.9977					0.609057	1.58096	0.89121	2.30515				
0.457629	1.87432	0.409054	2.21618	0.764976	1.75941	0.993099	2.97934					0.61053	1.58242	0.893352	2.29172				
0.459377	1.87703	0.411119	2.21608	0.766613	1.75416	0.995867	2.96112					0.612005	1.58395	0.895481	2.27852				
0.461127	1.87974	0.413184	2.216	0.768245	1.74904	0.998617	2.943					0.613482	1.58548	0.897598	2.26555				
0.462879	1.88245	0.415248	2.21592	0.769872	1.74407	1.00135	2.93396					0.61496	1.58705	0.899702	2.25284				
0.464635	1.88508	0.417313	2.21585	0.771495	1.73924							0.616439	1.58868	0.901795	2.24041				
0.466392	1.88768	0.419377	2.21574	0.773113	1.73455							0.61792	1.5903	0.903877	2.22818				
0.468152	1.89027	0.421442	2.21568	0.774727	1.72997							0.619402	1.59196	0.905947	2.21618				
0.469914	1.89287	0.423506	2.21562	0.776337	1.72556							0.620886	1.5937	0.908007	2.20439				
0.471679	1.89539	0.42557	2.21548	0.777942	1.7213							0.622372	1.59541	0.910055	2.19282				
0.473446	1.89789	0.427634	2.2154	0.779544	1.71712							0.623859	1.59715	0.912093	2.18146				
0.475216	1.90039	0.429698	2.21537	0.781142	1.71309							0.625348	1.59889	0.91412	2.17033				
0.476987	1.90281	0.431762	2.21528	0.782736	1.70917							0.626839	1.60068	0.916137	2.15942				
0.478761	1.90526	0.433826	2.2152	0.784327	1.70535							0.628331	1.60253	0.918144	2.14872				
0.480538	1.90766	0.43589	2.21512	0.785914	1.70167							0.629825	1.60437	0.920141	2.13818				
0.482316	1.90999	0.437954	2.21501	0.787498	1.69812							0.631321	1.6062	0.922128	2.12785				
0.484097	1.91237	0.440018	2.21495	0.789078	1.69465							0.632818	1.60807	0.924106	2.11774				
0.48588	1.91473	0.442081	2.21489	0.790656	1.69128							0.634317	1.60999	0.926074	2.10782				
0.487665	1.91701	0.444145	2.21482	0.79223	1.68801							0.635818	1.61191	0.928034	2.0981				
0.489452	1.91925	0.446208	2.21474	0.793801	1.68488							0.637321	1.61385	0.929984	2.08851				
0.491241	1.9215	0.448272	2.21464	0.795369	1.68185							0.638825	1.61578	0.931925	2.0791				
0.493032	1.92376	0.450335	2.21458	0.796935	1.6789							0.640331	1.61773	0.933858	2.0699				
0.494826	1.92596	0.452398	2.21452	0.798498	1.67604							0.64184	1.61969	0.935782	2.06086				
0.496621	1.92812	0.454461	2.21441	0.800058	1.67329							0.64335	1.62167	0.937698	2.05202				
0.498418	1.93029	0.456525	2.21432	0.801616	1.67063							0.644861	1.62371	0.939606	2.04332				
0.500218	1.93244	0.458588	2.21428	0.803171	1.66806							0.646375	1.62573	0.941506	2.03475				
0.502019	1.93455	0.460651	2.21422	0.804724	1.66556							0.647891	1.62772	0.943398	2.02641				
0.503823	1.93662	0.462714	2.21415	0.806275	1.66314							0.649408	1.62974	0.945282	2.01817				
0.505628	1.93868	0.464776	2.21405	0.807823	1.66083							0.650928	1.63178	0.947158	2.01009				
0.507435	1.94074	0.466839	2.21399	0.809369	1.65862							0.652449	1.63386	0.949027	2.00218				
0.509244	1.94276	0.468902	2.21393	0.810914	1.65648							0.653972	1.63593	0.950889	1.99441				
0.511055	1.94476	0.470965	2.21383	0.812456	1.65439							0.655497	1.63798	0.952744	1.98679				
0.512868	1.94674	0.473027	2.21377	0.813997	1.65239							0.657024	1.64008	0.954591	1.97932				
0.514683	1.94869	0.47509	2.21371	0.815535	1.65048							0.658553	1.64215	0.956432	1.97199				
0.516499	1.95065	0.477152	2.21364	0.817072	1.64861							0.660084	1.64424	0.958266	1.96474				
0.518318	1.95258	0.479215	2.21357	0.818607	1.64686							0.661617	1.64636	0.960093	1.95767				
0.520138	1.95447	0.481277	2.2135	0.820141	1.64519							0.663152	1.64844	0.961914	1.95077				
0.52196	1.95636	0.483339	2.21343	0.821673	1.64351							0.664689	1.65054	0.963728	1.94395				
0.523783	1.95822	0.485401	2.21339	0.823203	1.64193							0.666228	1.65265	0.965536	1.93728				
0.525609	1.96003	0.487464	2.2133	0.824732	1.64049							0.667768	1.65477	0.967338	1.93072				
0.527436	1.96185	0.489526	2.21322	0.82626	1.63903							0.669311	1.65689	0.969134	1.92426				
0.529264	1.96368	0.491588	2.21318	0.827787	1.63765							0.670856	1.65901	0.970924	1.91795				
0.531095	1.96547	0.49365	2.21308	0.829312	1.63637							0.672403	1.66117	0.972708	1.91175				
0.532927	1.96724	0.495712	2.213	0.830836	1.63511							0.673951	1.66328	0.974486	1.90569				
0.53476	1.96897	0.497773	2.21296	0.832359	1.63392							0.675502	1.66539	0.976259	1.89973				
0.536596	1.97072	0.499835	2.2129	0.83388	1.63282							0.677055	1.66755	0.978026	1.89386				
0.538433	1.97243	0.501897	2.21283	0.835401	1.63172							0.678609	1.66969	0.979788	1.8881				
0.540271	1.97413	0.503959	2.21277	0.836921	1.63069							0.680166	1.67182	0.981544	1.88247				
0.542111	1.97582	0.50602	2.21269	0.83844	1.62978							0.681724	1.67395	0.983295	1.87695				
0.543953	1.97748	0.508082	2.21266	0.839958	1.62884							0.683285	1.67608	0.985042	1.87152				
0.545796	1.97911	0.510143	2.21257	0.841475	1.62797							0.684848	1.6782	0.986783	1.86616				
0.547641	1.98073	0.512205	2.21249	0.842991	1.62721							0.686412	1.68036	0.988519	1.86096				
0.549487	1.98234	0.514266	2.21244	0.844507	1.62646							0.687979	1.68251	0.99025	1.85583				
0.551335	1.98396	0.516327	2.21239	0.846022	1.62576							0.689547	1.68464	0.991977	1.85078				
0.553184	1.98553	0.518388	2.21232	0.847537	1.62508							0.691118	1.68677	0.993699	1.84587				
0.555034	1.98709	0.52045	2.21225	0.84905	1.62448							0.69269	1.68889	0.995417	1.84103				
0.556886	1.98868	0.522511	2.21218	0.850564	1.62392							0.694265	1.69102	0.99713	1.83627				
0.55874	1.99016	0.524572	2.21211	0.852076	1.62339							0.695841	1.69314	0.998838	1.83159				
0.560595	1.99168	0.526633	2.21204	0.853589	1.62294							0.69742	1.6953	1.00054	1.82927				
0.562451	1.9932	0.528694	2.212	0.8551	1.6225							0.699001	1.69741						
0.564309	1.9947	0.530755	2.21195	0.856612	1.62209							0.700583	1.69952						
0.566168	1.99618	0.532815	2.21184	0.858123	1.62178							0.702167	1.70168						
0.568029	1.99761	0.534876	2.21179	0.859634	1.62148							0.703754	1.70378						
0.569891	1.99906	0.536937	2.21177	0.861144	1.62118							0.705342	1.70586						
0.571754	2.00052	0.538998	2.21172	0.862655	1.62099							0.706933	1.708						
0.573618	2.00191	0.541058	2.21162	0.864165	1.62079							0.708525	1.71009						
0.575484	2.0033	0.543119	2.21154	0.865675	1.62061							0.710119	1.7122						
0.577351	2.00473	0.545179	2.21149	0.867185	1.62053							0.711715	1.71432						
0.57922	2.0061	0.54724	2.21144	0.868695	1.62045							0.713314	1.71637						
0.581089	2.00744	0.5493	2.21141	0.870204	1.62037							0.714914	1.71849						
0.58296	2.00878	0.55136	2.21136	0.871714	1.62037							0.716516	1.72057						
0.584832	2.01014	0.55342	2.21126	0.873224	1.6204							0.71812	1.72264						
0.586706	2.01148	0.555481	2.21117	0.874733	1.62046							0.719726	1.72474						
0.588581	2.01273	0.557541	2.21113	0.876243	1.62052							0.721334	1.72681						
0.590456	2.01406	0.559601	2.21111	0.877753	1.62063							0.722943	1.72887						
0.592334	2.01538	0.561661	2.21102	0.879263	1.62083							0.724555	1.73097						
0.594212	2.01659	0.563721	2.21094	0.880773	1.621							0.726169	1.733						
0.596091	2.01785	0.565781	2.2109	0.882284	1.62116							0.727784	1.73505						
0.597972	2.01914	0.567841	2.21085	0.883794	1.62139							0.729402	1.73709						
0.599854	2.02038	0.5699	2.21078	0.885305	1.62168							0.731021	1.73911						
0.601737	2.02158	0.57196	2.21071	0.886816	1.62198							0.732643	1.74117						
0.603621	2.0228	0.57402	2.21068	0.888327	1.62227							0.734266	1.74323						
0.605506	2.024	0.57608	2.21063	0.889839	1.62264							0.735891	1.74521						
0.607392	2.02518	0.578139	2.21053	0.891351	1.623							0.737518	1.74723						
0.60928	2.0264	0.580199	2.21051	0.892863	1.62337							0.739147	1.74926						
0.611168	2.02755	0.582258	2.21047	0.894376	1.62381							0.740777	1.75127						
0.613058	2.02868	0.584318	2.21037	0.895889	1.62425							0.74241	1.75326						
0.614948	2.02983	0.586377	2.21029	0.897403	1.62469							0.744044	1.75525						
0.61684	2.03099	0.588436	2.21025	0.898916	1.62516							0.745681	1.75723						
0.618733	2.03212	0.590495	2.21023	0.900431	1.62569							0.747319	1.75921						
0.620627	2.03324	0.592555	2.21014	0.901946	1.62622							0.748959	1.76122						
0.622522	2.03431	0.594614	2.2101	0.903461	1.62677							0.750601	1.76318						
0.624418	2.03539	0.596673	2.21004	0.904977	1.62734							0.752244	1.76511						
0.626314	2.03652	0.598732	2.20998	0.906494	1.62792							0.75389	1.76707						
0.628212	2.0376	0.600791	2.20991	0.908011	1.62854							0.755537	1.76903						
0.630111	2.03865	0.60285	2.20984	0.909528	1.62918							0.757186	1.77097						
0.632011	2.03969	0.604909	2.20984	0.911046	1.62982							0.758837	1.77289						
0.633912	2.04075	0.606968	2.20977	0.912565	1.63048							0.76049	1.7748						
0.635814	2.04176	0.609026	2.20969	0.914085	1.63117							0.762144	1.77675						
0.637717	2.04278	0.611085	2.20962	0.915605	1.63185							0.7638	1.77867						
0.63962	2.04384	0.613144	2.20958	0.917125	1.63259							0.765459	1.78055						
0.641525	2.04481	0.615203	2.20953	0.918647	1.63333							0.767118	1.78248						
0.643431	2.04581	0.617261	2.20946	0.920169	1.63406							0.76878	1.78436						
0.645337	2.04682	0.61932	2.20943	0.921692	1.63487							0.770443	1.78625						
0.647245	2.0478	0.621378	2.20934	0.923215	1.63564							0.772108	1.78815						
0.649153	2.04877	0.623437	2.2093	0.924739	1.63642							0.773775	1.78997						
0.651062	2.04972	0.625495	2.20928	0.926265	1.63722							0.775444	1.79184						
0.652972	2.05068	0.627553	2.20919	0.92779	1.63806							0.777114	1.79372						
0.654884	2.05163	0.629611	2.20911	0.929317	1.63892							0.778786	1.79555						
0.656795	2.05255	0.63167	2.20911	0.930844	1.63975							0.78046	1.79737						
0.658708	2.05349	0.633728	2.20904	0.932372	1.64064							0.782135	1.79924						
0.660622	2.05443	0.635786	2.20896	0.933901	1.64153							0.783813	1.80105						
0.662536	2.0553	0.637844	2.20892	0.935431	1.64241							0.785492	1.80287						
0.664452	2.05622	0.639902	2.20887	0.936962	1.64333							0.787172	1.8047						
0.666368	2.05711	0.64196	2.20881	0.938493	1.64422							0.788854	1.80653						
0.668285	2.058	0.644018	2.20877	0.940026	1.64515							0.790538	1.80832						
0.670203	2.05892	0.646076	2.20872	0.941559	1.64612							0.792224	1.81006						
0.672122	2.05978	0.648134	2.20862	0.943093	1.64705							0.793911	1.81184						
0.674041	2.06062	0.650191	2.20861	0.944628	1.64799							0.7956	1.81365						
0.675961	2.06147	0.652249	2.20856	0.946164	1.64901							0.797291	1.8154						
0.677882	2.06234	0.654307	2.20847	0.947701	1.65							0.798983	1.81715						
0.679804	2.06318	0.656364	2.20842	0.949238	1.65097							0.800677	1.81894						
0.681727	2.064	0.658422	2.20836	0.950777	1.652							0.802372	1.82068						
0.68365	2.06481	0.660479	2.20833	0.952317	1.65299							0.804069	1.82239						
0.685574	2.06566	0.662537	2.20828	0.953857	1.654							0.805768	1.82412						
0.687499	2.06648	0.664594	2.20822	0.955399	1.65505							0.807468	1.82587						
0.689425	2.06726	0.666652	2.20819	0.956941	1.65609							0.80917	1.82759						
0.691351	2.06806	0.668709	2.2081	0.958485	1.65716							0.810874	1.82925						
0.693279	2.06885	0.670766	2.20805	0.960029	1.65821							0.812579	1.83096						
0.695207	2.06966	0.672824	2.20799	0.961575	1.65925							0.814286	1.83269						
0.697135	2.07046	0.674881	2.20793	0.963121	1.66031							0.815994	1.83437						
0.699065	2.07123	0.676938	2.20793	0.964668	1.6614							0.817704	1.83601						
0.700995	2.07194	0.678995	2.20786	0.966217	1.66253							0.819415	1.83771						
0.702925	2.0727	0.681052	2.20779	0.967766	1.6636							0.821128	1.83936						
0.704857	2.07349	0.683109	2.20775	0.969317	1.66469							0.822843	1.841						
0.706789	2.07424	0.685166	2.20766	0.970868	1.66582							0.824559	1.84269						
0.708722	2.07499	0.687223	2.20762	0.972421	1.66693							0.826276	1.84431						
0.710656	2.07569	0.689279	2.20759	0.973975	1.66804							0.827995	1.84592						
0.71259	2.07641	0.691336	2.20754	0.975529	1.66914							0.829716	1.84757						
0.714525	2.07717	0.693393	2.20748	0.977085	1.67032							0.831438	1.8492						
0.716461	2.07788	0.69545	2.20742	0.978642	1.67145							0.833162	1.85082						
0.718397	2.07856	0.697506	2.20738	0.980199	1.67261							0.834887	1.8524						
0.720334	2.07927	0.699563	2.20733	0.981758	1.67377							0.836614	1.854						
0.722271	2.07999	0.701619	2.20727	0.983318	1.6749							0.838342	1.8556						
0.72421	2.08068	0.703676	2.2072	0.984879	1.67605							0.840071	1.85717						
0.726148	2.08136	0.705732	2.20716	0.986441	1.67721							0.841802	1.85876						
0.728088	2.08202	0.707789	2.20711	0.988005	1.67838							0.843535	1.86033						
0.730028	2.08269	0.709845	2.20705	0.989569	1.67955							0.845269	1.86188						
0.731969	2.08339	0.711901	2.20702	0.991134	1.68076							0.847004	1.86343						
0.73391	2.08406	0.713957	2.20696	0.992701	1.68195							0.848741	1.86497						
0.735852	2.0847	0.716014	2.2069	0.994268	1.68309							0.850479	1.86654						
0.737795	2.08534	0.71807	2.20683	0.995837	1.68428							0.852219	1.86806						
0.739738	2.08599	0.720126	2.2068	0.997407	1.6855							0.85396	1.86956						
0.741682	2.08665	0.722182	2.20674	0.998978	1.6867							0.855703	1.87111						
0.743626	2.08727	0.724238	2.20668	1.00055	1.68729							0.857447	1.87262						
0.745571	2.08791	0.726294	2.20665									0.859192	1.8741						
0.747517	2.08856	0.72835	2.2066									0.860939	1.87562						
0.749463	2.08914	0.730406	2.20653									0.862687	1.8771						
0.75141	2.08976	0.732461	2.2065									0.864437	1.87858						
0.753357	2.0904	0.734517	2.20645									0.866188	1.88005						
0.755305	2.09101	0.736573	2.20639									0.86794	1.88152						
0.757253	2.09158	0.738628	2.20636									0.869694	1.88299						
0.759202	2.09219	0.740684	2.20627									0.871449	1.88445						
0.761152	2.09279	0.74274	2.20622									0.873205	1.88588						
0.763102	2.09338	0.744795	2.2062									0.874963	1.88733						
0.765053	2.09397	0.746851	2.20612									0.876722	1.88878						
0.767004	2.09452	0.748906	2.20607									0.878483	1.89021						
0.768956	2.09512	0.750961	2.20605									0.880244	1.89161						
0.770908	2.09568	0.753017	2.20601									0.882007	1.89301						
0.772861	2.09622	0.755072	2.20591									0.883772	1.89445						
0.774814	2.09678	0.757127	2.20586									0.885538	1.89582						
0.776768	2.09735	0.759182	2.20584									0.887305	1.8972						
0.778722	2.09793	0.761238	2.20579									0.889073	1.89863						
0.780677	2.09844	0.763293	2.20573									0.890842	1.9						
0.782632	2.09899	0.765348	2.20566									0.892613	1.90138						
0.784588	2.09956	0.767403	2.20563									0.894385	1.90277						
0.786545	2.10006	0.769458	2.20557									0.896159	1.90412						
0.788502	2.1006	0.771512	2.20551									0.897934	1.90546						
0.790459	2.10113	0.773567	2.20548									0.899709	1.90678						
0.792417	2.10162	0.775622	2.20542									0.901487	1.90814						
0.794375	2.10215	0.777677	2.20536									0.903265	1.90948						
0.796334	2.10268	0.779732	2.20533									0.905045	1.91081						
0.798293	2.10319	0.781786	2.20528									0.906826	1.91213						
0.800253	2.10371	0.783841	2.20522									0.908608	1.91345						
0.802213	2.10419	0.785895	2.20518									0.910391	1.91477						
0.804174	2.10468	0.78795	2.20513									0.912176	1.91606						
0.806135	2.10519	0.790004	2.20507									0.913962	1.91736						
0.808097	2.10566	0.792059	2.20504									0.915749	1.91867						
0.810059	2.10615	0.794113	2.20498									0.917537	1.91994						
0.812021	2.10665	0.796168	2.20492									0.919326	1.9212						
0.813984	2.10712	0.798222	2.20485									0.921117	1.92249						
0.815948	2.10761	0.800276	2.20482									0.922908	1.92376						
0.817912	2.10804	0.80233	2.20477									0.924701	1.92498						
0.819876	2.10851	0.804384	2.2047									0.926495	1.92625						
0.821841	2.10901	0.806439	2.20467									0.928291	1.92754						
0.823806	2.10947	0.808493	2.20462									0.930087	1.92878						
0.825771	2.10992	0.810547	2.20459									0.931885	1.92998						
0.827737	2.11037	0.812601	2.20454									0.933684	1.9312						
0.829704	2.11081	0.814655	2.20448									0.935483	1.93244						
0.831671	2.11125	0.816708	2.20441									0.937284	1.93368						
0.833638	2.11173	0.818762	2.20438									0.939087	1.93488						
0.835606	2.11215	0.820816	2.20433									0.94089	1.93607						
0.837574	2.11258	0.82287	2.20426									0.942694	1.93729						
0.839542	2.11305	0.824924	2.20423									0.9445	1.93848						
0.841511	2.11347	0.826977	2.20418									0.946306	1.93967						
0.84348	2.11387	0.829031	2.20415									0.948114	1.94088						
0.84545	2.11432	0.831084	2.2041									0.949923	1.94204						
0.84742	2.11473	0.833138	2.20401									0.951733	1.9432						
0.849391	2.11515	0.835191	2.20396									0.953544	1.94437						
0.851361	2.11558	0.837245	2.20393									0.955356	1.9455						
0.853333	2.11595	0.839298	2.20388									0.957169	1.94669						
0.855304	2.11638	0.841351	2.20386									0.958983	1.94783						
0.857276	2.11682	0.843405	2.20381									0.960799	1.94899						
0.859249	2.11719	0.845458	2.20371									0.962615	1.95012						
0.861222	2.11759	0.847511	2.20366									0.964433	1.95123						
0.863195	2.11801	0.849564	2.20368									0.966251	1.95238						
0.865168	2.11837	0.851617	2.20361									0.968071	1.9535						
0.867142	2.11877	0.85367	2.20354									0.969891	1.95464						
0.869116	2.11919	0.855723	2.2035									0.971713	1.95573						
0.871091	2.11954	0.857776	2.20345									0.973536	1.95682						
0.873066	2.11994	0.859829	2.20339									0.975359	1.95795						
0.875041	2.12032	0.861882	2.20332									0.977184	1.95903						
0.877017	2.1207	0.863935	2.20332									0.97901	1.96012						
0.878993	2.12107	0.865988	2.20328									0.980836	1.96122						
0.880969	2.12143	0.868041	2.20319									0.982664	1.96227						
0.882946	2.1218	0.870093	2.20315									0.984493	1.96335						
0.884923	2.12217	0.872146	2.20309									0.986323	1.96441						
0.8869	2.12257	0.874198	2.20306									0.988153	1.96548						
0.888878	2.12288	0.876251	2.20301									0.989985	1.96657						
0.890856	2.12326	0.878303	2.20294									0.991818	1.96759						
0.892835	2.12363	0.880356	2.20291									0.993652	1.96865						
0.894813	2.12396	0.882408	2.20286									0.995486	1.96973						
0.896792	2.12435	0.884461	2.20283									0.997322	1.97074						
0.898772	2.12469	0.886513	2.20279									0.999158	1.97176						
0.900751	2.125	0.888565	2.20272									1.001	1.9723						
0.902731	2.12534	0.890618	2.20266																
0.904712	2.1257	0.89267	2.20262																
0.906692	2.12606	0.894722	2.20261																
0.908673	2.12638	0.896774	2.20252																
0.910655	2.12669	0.898826	2.20245																
0.912636	2.12707	0.900878	2.20244																
0.914618	2.1274	0.90293	2.20241																
0.9166	2.12768	0.904982	2.20231																
0.918583	2.128	0.907034	2.20227																
0.920566	2.12834	0.909086	2.20225																
0.922549	2.1287	0.911138	2.2022																
0.924532	2.12902	0.913189	2.20217																
0.926516	2.12929	0.915241	2.20212																
0.9285	2.12961	0.917293	2.20203																
0.930484	2.12992	0.919344	2.20198																
0.932469	2.13022	0.921396	2.20195																
0.934454	2.13055	0.923447	2.20194																
0.936439	2.13086	0.925499	2.20186																
0.938424	2.13117	0.92755	2.20179																
0.94041	2.13147	0.929602	2.20178																
0.942396	2.13176	0.931653	2.20175																
0.944383	2.13206	0.933704	2.20166																
0.946369	2.13235	0.935756	2.20161																
0.948356	2.13264	0.937807	2.20159																
0.950343	2.13294	0.939858	2.20154																
0.95233	2.13323	0.941909	2.20148																
0.954318	2.13352	0.94396	2.20145																
0.956306	2.13381	0.946011	2.2014																
0.958294	2.13407	0.948062	2.20133																
0.960283	2.13435	0.950113	2.2013																
0.962271	2.13463	0.952164	2.20125																
0.96426	2.13492	0.954215	2.20122																
0.966249	2.13521	0.956266	2.20117																
0.968239	2.13546	0.958317	2.20111																
0.970229	2.13574	0.960368	2.20104																
0.972219	2.13602	0.962418	2.20101																
0.974209	2.13627	0.964469	2.20096																
0.976199	2.13654	0.966519	2.20093																
0.97819	2.13683	0.96857	2.20088																
0.980181	2.13708	0.970621	2.20082																
0.982172	2.13731	0.972671	2.20079																
0.984164	2.13758	0.974721	2.20074																
0.986155	2.13786	0.976772	2.20071																
0.988147	2.13811	0.978822	2.20066																
0.99014	2.13838	0.980873	2.2006																
0.992132	2.13862	0.982923	2.20053																
0.994125	2.13886	0.984973	2.2005																
0.996118	2.13912	0.987023	2.20048																
0.998111	2.13936	0.989073	2.20044																
1.0001	2.13946	0.991123	2.20034																
		0.993173	2.20029																
		0.995223	2.20031																
		0.997273	2.20024																
		0.999323	2.20017																
		1.00137	2.20017																
