Sym0		Sym1		Sym2		Sym3		Asym1		Asym2		Asym3	
395  Points		395  Points		376  Points		207  Points		401  Points		304  Points		146  Points	
Freq (MHz)	Vph (m/ms)	Freq (MHz)	Vph (m/ms)	Freq (MHz)	Vph (m/ms)	Freq (MHz)	Vph (m/ms)	Freq (MHz)	Vph (m/ms)	Freq (MHz)	Vph (m/ms)	Freq (MHz)	Vph (m/ms)
1.00064	2.58109	1.0012	2.58075	0.4528	9611.49	0.866026	1355.9	0.216506	9428.72	1.00089	3.37157	0.905604	1358.27
0.998559	2.58236	0.999117	2.58202	0.452937	434.208	0.866028	529.768	0.216545	212.51	0.999194	3.37719	0.905624	544.652
0.996474	2.58362	0.997033	2.58328	0.453315	222.305	0.866032	329.195	0.216657	107.522	0.997488	3.38281	0.905662	340.63
0.994385	2.58488	0.994945	2.58454	0.453912	149.55	0.866037	238.79	0.216843	72.0161	0.995773	3.38844	0.905717	247.815
0.992292	2.58613	0.992853	2.5858	0.454696	112.794	0.866045	187.342	0.217102	54.1799	0.994046	3.39407	0.90579	194.759
0.990194	2.58738	0.990756	2.58705	0.455636	90.6336	0.866054	154.134	0.217433	43.4599	0.99231	3.3997	0.90588	160.422
0.988091	2.58862	0.988654	2.58829	0.456703	75.8232	0.866065	130.927	0.217836	36.3115	0.990562	3.40533	0.905987	136.385
0.985983	2.58986	0.986548	2.58953	0.457872	65.2307	0.866078	113.795	0.218311	31.209	0.988804	3.41097	0.906112	118.618
0.98387	2.59109	0.984436	2.59076	0.459125	57.281	0.866093	100.628	0.218855	27.3872	0.987035	3.4166	0.906254	104.952
0.981751	2.59231	0.982319	2.59198	0.460445	51.0962	0.86611	90.1924	0.219468	24.4201	0.985255	3.42224	0.906413	94.1146
0.979626	2.59352	0.980195	2.59319	0.461821	46.1481	0.866129	81.7184	0.220149	22.052	0.983464	3.42788	0.906589	85.3102
0.977495	2.59472	0.978066	2.5944	0.463243	42.1001	0.86615	74.7005	0.220897	20.1195	0.981661	3.43352	0.906782	78.0162
0.975358	2.59591	0.97593	2.59559	0.464704	38.7273	0.866172	68.793	0.22171	18.514	0.979848	3.43916	0.906992	71.875
0.973214	2.59709	0.973788	2.59677	0.466199	35.8741	0.866197	63.7518	0.222586	17.1599	0.978023	3.44479	0.907219	66.6336
0.971063	2.59825	0.971639	2.59794	0.467723	33.4292	0.866223	59.3993	0.223524	16.0034	0.976187	3.45043	0.907463	62.1079
0.968905	2.59941	0.969483	2.5991	0.469272	31.311	0.866252	55.6036	0.224523	15.0049	0.974339	3.45607	0.907723	58.1609
0.966739	2.60055	0.96732	2.60024	0.470844	29.4581	0.866282	52.2641	0.225581	14.1347	0.97248	3.4617	0.908	54.6885
0.964567	2.60167	0.965149	2.60137	0.472435	27.8238	0.866315	49.3034	0.226696	13.3702	0.97061	3.46734	0.908293	51.6101
0.962386	2.60278	0.962971	2.60249	0.474045	26.3717	0.86635	46.6604	0.227867	12.6936	0.968728	3.47297	0.908602	48.8623
0.960198	2.60388	0.960785	2.60359	0.475672	25.0729	0.866387	44.2866	0.229092	12.0909	0.966834	3.47861	0.908928	46.3947
0.958002	2.60496	0.958591	2.60467	0.477313	23.9044	0.866426	42.143	0.230368	11.5511	0.964929	3.48424	0.909269	44.1667
0.955798	2.60603	0.956389	2.60574	0.478969	22.8476	0.866467	40.1976	0.231695	11.065	0.963013	3.48987	0.909626	42.145
0.953586	2.60707	0.954179	2.60679	0.480638	21.8873	0.866511	38.4241	0.233071	10.6253	0.961085	3.4955	0.909999	40.3025
0.951366	2.60811	0.951961	2.60783	0.482318	21.0109	0.866557	36.8008	0.234308	10.2751	0.959146	3.50113	0.910388	38.6162
0.949137	2.60912	0.949734	2.60885	0.48401	20.2078	0.866605	35.3093	0.23539	9.99816	0.957196	3.50676	0.910792	37.0673
0.9469	2.61012	0.9475	2.60985	0.485713	19.4692	0.866656	33.9342	0.236303	9.78271	0.955234	3.51239	0.911211	35.6397
0.944654	2.6111	0.945256	2.61084	0.487426	18.7878	0.866709	32.6625	0.237037	9.62041	0.953261	3.51802	0.911645	34.3197
0.942401	2.61206	0.943005	2.6118	0.489148	18.1571	0.866765	31.4828	0.237583	9.50533	0.951277	3.52365	0.912094	33.0956
0.940138	2.613	0.940745	2.61275	0.490879	17.5717	0.866823	30.3857	0.237935	9.43349	0.949282	3.52928	0.912558	31.9574
0.937868	2.61393	0.938477	2.61368	0.492619	17.0269	0.866884	29.3626	0.238445	9.33262	0.947275	3.53491	0.913036	30.8965
0.935589	2.61483	0.9362	2.61459	0.494367	16.5187	0.866947	28.4064	0.239004	9.22605	0.945258	3.54054	0.913528	29.9052
0.933302	2.61572	0.933915	2.61549	0.496123	16.0434	0.867014	27.5107	0.239773	9.08605	0.94323	3.54618	0.914034	28.977
0.931006	2.61659	0.931622	2.61636	0.497887	15.598	0.867083	26.67	0.240759	8.91667	0.941192	3.55181	0.914554	28.106
0.928703	2.61745	0.92932	2.61722	0.499657	15.1798	0.867154	25.8794	0.24197	8.72252	0.939143	3.55745	0.915088	27.2871
0.926391	2.61828	0.927011	2.61806	0.501435	14.7864	0.867229	25.1345	0.243418	8.50849	0.937083	3.5631	0.915635	26.5159
0.924071	2.6191	0.924693	2.61888	0.503219	14.4156	0.867307	24.4315	0.245113	8.27948	0.935013	3.56874	0.916196	25.7883
0.921744	2.6199	0.922368	2.61969	0.505009	14.0655	0.867388	23.7669	0.246843	8.06652	0.932934	3.57439	0.916769	25.1007
0.919409	2.62068	0.920034	2.62047	0.506805	13.7346	0.867472	23.1378	0.248606	7.86803	0.930844	3.58005	0.917355	24.45
0.917066	2.62144	0.917694	2.62124	0.508607	13.4211	0.867559	22.5413	0.2504	7.68266	0.928744	3.58571	0.917954	23.8333
0.914715	2.62219	0.915345	2.62199	0.510415	13.1239	0.867649	21.9749	0.252226	7.50919	0.926635	3.59138	0.918565	23.2479
0.912357	2.62292	0.912989	2.62273	0.512228	12.8416	0.867743	21.4365	0.25408	7.34655	0.924517	3.59705	0.919188	22.6917
0.909992	2.62363	0.910626	2.62344	0.514046	12.5732	0.86784	20.9241	0.255963	7.19381	0.922389	3.60273	0.919823	22.1624
0.907621	2.62433	0.908256	2.62415	0.515868	12.3177	0.867941	20.4357	0.257872	7.05011	0.920252	3.60842	0.920469	21.6582
0.905242	2.62501	0.905879	2.62483	0.517696	12.0742	0.868045	19.9699	0.259807	6.91472	0.918106	3.61413	0.921127	21.1774
0.902856	2.62568	0.903495	2.6255	0.519528	11.8419	0.868153	19.525	0.261766	6.78695	0.915952	3.61984	0.921796	20.7183
0.900464	2.62633	0.901105	2.62616	0.521364	11.6199	0.868265	19.0996	0.263749	6.6662	0.913789	3.62556	0.922476	20.2796
0.898065	2.62697	0.898708	2.6268	0.523204	11.4077	0.86838	18.6926	0.265754	6.55194	0.911618	3.6313	0.923166	19.8599
0.89566	2.62759	0.896305	2.62742	0.525048	11.2046	0.8685	18.3028	0.26778	6.44366	0.909439	3.63705	0.923866	19.4581
0.89325	2.62819	0.893896	2.62803	0.526896	11.01	0.868623	17.929	0.269827	6.34093	0.907253	3.64282	0.924577	19.0729
0.890833	2.62879	0.89148	2.62863	0.528748	10.8234	0.868751	17.5704	0.271893	6.24334	0.905059	3.6486	0.925297	18.7035
0.88841	2.62937	0.889059	2.62921	0.530602	10.6443	0.868882	17.2261	0.273977	6.15053	0.902857	3.6544	0.926027	18.3488
0.885982	2.62993	0.886633	2.62978	0.532221	10.4941	0.869018	16.8952	0.276079	6.06217	0.900649	3.66021	0.926767	18.0081
0.883549	2.63049	0.884201	2.63034	0.533603	10.37	0.869159	16.5769	0.278197	5.97794	0.898433	3.66605	0.927515	17.6804
0.88111	2.63103	0.881763	2.63088	0.534746	10.2702	0.869304	16.2706	0.280331	5.89758	0.896211	3.67191	0.928272	17.3652
0.878666	2.63156	0.879321	2.63142	0.535651	10.1928	0.869453	15.9755	0.282481	5.82083	0.893983	3.67779	0.929037	17.0616
0.876217	2.63207	0.876873	2.63194	0.536317	10.1369	0.869607	15.6912	0.284645	5.74746	0.891749	3.68369	0.929811	16.7691
0.873764	2.63258	0.874421	2.63245	0.536744	10.1015	0.869766	15.417	0.286822	5.67725	0.889509	3.68962	0.930593	16.487
0.871305	2.63308	0.871964	2.63294	0.537357	10.0511	0.86993	15.1524	0.289013	5.61	0.887263	3.69557	0.931382	16.2148
0.868843	2.63356	0.869502	2.63343	0.538024	9.99707	0.870099	14.8969	0.291215	5.54554	0.885012	3.70155	0.932179	15.9521
0.866376	2.63403	0.867037	2.63391	0.538931	9.92471	0.870273	14.65	0.29343	5.4837	0.882756	3.70756	0.932983	15.6983
0.863904	2.6345	0.864566	2.63438	0.540079	9.83504	0.870452	14.4114	0.295655	5.42431	0.880496	3.7136	0.933794	15.453
0.861429	2.63495	0.862092	2.63483	0.541469	9.72926	0.870636	14.1806	0.29789	5.36725	0.878231	3.71967	0.934611	15.2157
0.85895	2.6354	0.859614	2.63528	0.543101	9.60872	0.870826	13.9573	0.300135	5.31237	0.875961	3.72578	0.935435	14.9861
0.856467	2.63584	0.857132	2.63572	0.544975	9.47492	0.871022	13.7411	0.30239	5.25955	0.873688	3.73192	0.936265	14.7638
0.85398	2.63626	0.854646	2.63615	0.546852	9.3457	0.871223	13.5316	0.304653	5.20867	0.871411	3.7381	0.9371	14.5485
0.85149	2.63668	0.852157	2.63657	0.548729	9.22083	0.87143	13.3286	0.306924	5.15964	0.869131	3.74431	0.937942	14.3398
0.848996	2.63709	0.849664	2.63699	0.550609	9.10011	0.871643	13.1318	0.309203	5.11235	0.866848	3.75057	0.938788	14.1375
0.846499	2.6375	0.847168	2.63739	0.55249	8.98331	0.871861	12.9409	0.311489	5.0667	0.864561	3.75687	0.939639	13.9412
0.843999	2.63789	0.844668	2.63779	0.554372	8.87026	0.872087	12.7557	0.313781	5.02262	0.862273	3.76321	0.940495	13.7507
0.841495	2.63828	0.842166	2.63818	0.556255	8.76076	0.872318	12.5759	0.31608	4.98001	0.859982	3.7696	0.941356	13.5657
0.838989	2.63867	0.83966	2.63856	0.558138	8.65467	0.872556	12.4012	0.318384	4.93881	0.857689	3.77603	0.94222	13.386
0.83648	2.63904	0.837152	2.63894	0.560023	8.55181	0.8728	12.2316	0.320694	4.89895	0.855394	3.78252	0.943089	13.2114
0.833968	2.63941	0.83464	2.63931	0.561908	8.45204	0.873051	12.0666	0.323008	4.86035	0.853098	3.78905	0.943961	13.0417
0.831453	2.63977	0.832126	2.63968	0.563793	8.35523	0.873309	11.9063	0.325326	4.82295	0.850801	3.79564	0.944837	12.8766
0.828935	2.64013	0.82961	2.64003	0.565679	8.26123	0.873573	11.7503	0.327649	4.78671	0.848503	3.80229	0.945715	12.7159
0.826416	2.64048	0.82709	2.64039	0.567565	8.16993	0.873845	11.5986	0.329975	4.75155	0.846205	3.80899	0.946597	12.5596
0.823893	2.64082	0.824569	2.64073	0.56945	8.0812	0.874124	11.4509	0.332305	4.71743	0.843906	3.81575	0.947481	12.4073
0.821369	2.64116	0.822045	2.64107	0.571335	7.99495	0.87441	11.3071	0.334637	4.6843	0.841607	3.82257	0.948367	12.2591
0.818842	2.6415	0.819518	2.64141	0.57322	7.91106	0.874666	11.1849	0.336971	4.65212	0.839309	3.82946	0.949256	12.1146
0.816313	2.64183	0.81699	2.64174	0.575105	7.82944	0.874888	11.0829	0.339308	4.62084	0.837011	3.83641	0.950146	11.9737
0.813781	2.64215	0.814459	2.64207	0.576988	7.75	0.875075	11	0.341646	4.59042	0.834715	3.84343	0.951038	11.8364
0.811248	2.64247	0.811927	2.64239	0.578871	7.67264	0.875225	10.9354	0.343986	4.56082	0.832419	3.85052	0.951931	11.7024
0.808713	2.64279	0.809392	2.64271	0.580752	7.59728	0.875337	10.8884	0.346327	4.53201	0.830125	3.85768	0.952826	11.5717
0.806176	2.6431	0.806855	2.64302	0.582633	7.52384	0.875409	10.8585	0.348668	4.50394	0.827833	3.86492	0.953721	11.4442
0.803637	2.64341	0.804317	2.64333	0.584512	7.45226	0.875513	10.8159	0.35101	4.47659	0.825543	3.87223	0.954502	11.3355
0.801096	2.64371	0.801776	2.64363	0.586389	7.38244	0.875627	10.77	0.353352	4.44993	0.823256	3.87963	0.955167	11.2446
0.798554	2.64401	0.799234	2.64393	0.588265	7.31434	0.875783	10.7082	0.355693	4.42393	0.820971	3.88711	0.955718	11.1706
0.79601	2.64431	0.796691	2.64423	0.590139	7.24788	0.875984	10.6311	0.358034	4.39855	0.818689	3.89467	0.956153	11.1129
0.793464	2.6446	0.794146	2.64453	0.59201	7.183	0.876232	10.5395	0.360374	4.37378	0.816411	3.90232	0.956473	11.0708
0.790917	2.6449	0.791599	2.64482	0.59388	7.11964	0.876527	10.4341	0.362712	4.34958	0.814137	3.91007	0.956678	11.0441
0.788368	2.64518	0.78905	2.64511	0.595747	7.05776	0.876875	10.3159	0.36505	4.32594	0.811866	3.9179	0.956973	11.0059
0.785818	2.64547	0.786501	2.64539	0.597612	6.99728	0.877231	10.2006	0.367385	4.30283	0.8096	3.92584	0.957293	10.9647
0.783266	2.64575	0.78395	2.64567	0.599474	6.93817	0.877595	10.088	0.369718	4.28022	0.807338	3.93387	0.957728	10.9093
0.780714	2.64603	0.781397	2.64595	0.601334	6.88038	0.877968	9.97805	0.372049	4.25811	0.805082	3.94201	0.958278	10.84
0.77816	2.64631	0.778843	2.64623	0.60319	6.82385	0.878351	9.87066	0.374377	4.23646	0.802831	3.95025	0.958944	10.7575
0.775604	2.64658	0.776289	2.64651	0.605043	6.76855	0.878742	9.76575	0.376702	4.21526	0.800585	3.9586	0.959724	10.6624
0.773048	2.64685	0.773732	2.64678	0.606893	6.71443	0.879143	9.66324	0.379024	4.19449	0.798345	3.96706	0.960618	10.5555
0.77049	2.64712	0.771175	2.64705	0.60874	6.66145	0.879553	9.56305	0.381342	4.17414	0.796111	3.97564	0.961511	10.451
0.767932	2.64739	0.768617	2.64732	0.610583	6.60958	0.879973	9.46511	0.383657	4.15418	0.793884	3.98433	0.962403	10.3486
0.765372	2.64766	0.766057	2.64759	0.612422	6.55877	0.880402	9.36936	0.385967	4.13461	0.791664	3.99315	0.963293	10.2484
0.762811	2.64792	0.763497	2.64785	0.614257	6.50899	0.880842	9.27571	0.388273	4.1154	0.789451	4.0021	0.964181	10.1503
0.760249	2.64819	0.760935	2.64812	0.616088	6.46021	0.881291	9.18411	0.390575	4.09655	0.787246	4.01117	0.965068	10.0542
0.757687	2.64845	0.758373	2.64838	0.617915	6.41239	0.88175	9.0945	0.392872	4.07804	0.785048	4.02038	0.965953	9.9601
0.755123	2.64871	0.755809	2.64864	0.619737	6.36551	0.88222	9.00682	0.395163	4.05985	0.782859	4.02972	0.966835	9.86786
0.752559	2.64897	0.753245	2.6489	0.621555	6.31953	0.8827	8.92101	0.397449	4.04197	0.780678	4.0392	0.967716	9.77745
0.749993	2.64923	0.75068	2.64916	0.623369	6.27443	0.883191	8.83701	0.39973	4.0244	0.778506	4.04883	0.968593	9.68881
0.747427	2.64949	0.748114	2.64942	0.625177	6.23017	0.883693	8.75478	0.402004	4.00712	0.776344	4.05861	0.969468	9.6019
0.744861	2.64974	0.745548	2.64967	0.62698	6.18673	0.884205	8.67427	0.404273	3.99011	0.774191	4.06854	0.970341	9.51665
0.742293	2.65	0.74298	2.64993	0.628779	6.14409	0.884729	8.59541	0.406535	3.97338	0.772048	4.07863	0.97121	9.43303
0.739725	2.65025	0.740412	2.65019	0.630571	6.10222	0.885264	8.51818	0.40879	3.9569	0.769915	4.08887	0.972076	9.35098
0.737156	2.65051	0.737844	2.65044	0.632359	6.06109	0.88581	8.44252	0.411038	3.94067	0.767793	4.09929	0.972939	9.27046
0.734586	2.65076	0.735274	2.6507	0.634141	6.02069	0.886367	8.3684	0.41328	3.92468	0.765681	4.10987	0.973798	9.19142
0.732016	2.65102	0.732705	2.65095	0.635917	5.981	0.886937	8.29576	0.415514	3.90892	0.763581	4.12063	0.974654	9.11382
0.729446	2.65127	0.730134	2.6512	0.637687	5.94198	0.887518	8.22457	0.41774	3.89339	0.761493	4.13156	0.975507	9.03761
0.726875	2.65152	0.727563	2.65146	0.639451	5.90363	0.88811	8.1548	0.419958	3.87806	0.759416	4.14268	0.976355	8.96277
0.724303	2.65178	0.724991	2.65171	0.641208	5.86591	0.888715	8.0864	0.422169	3.86294	0.757352	4.154	0.9772	8.88925
0.721731	2.65203	0.722419	2.65196	0.64296	5.82883	0.889332	8.01933	0.424371	3.84802	0.755301	4.1655	0.978041	8.81702
0.719158	2.65229	0.719847	2.65222	0.644705	5.79234	0.889962	7.95357	0.426564	3.83329	0.753262	4.1772	0.978878	8.74603
0.716585	2.65254	0.717274	2.65247	0.646443	5.75645	0.890604	7.88909	0.428749	3.81875	0.751237	4.18911	0.979712	8.67626
0.714011	2.6528	0.7147	2.65273	0.648175	5.72113	0.891258	7.82584	0.430925	3.80438	0.749226	4.20123	0.980541	8.60768
0.711438	2.65305	0.712127	2.65298	0.6499	5.68636	0.891925	7.76379	0.433092	3.79018	0.747228	4.21356	0.981366	8.54025
0.708864	2.65331	0.709553	2.65324	0.651617	5.65213	0.892605	7.70293	0.435249	3.77614	0.745245	4.22612	0.982186	8.47394
0.706289	2.65356	0.706978	2.65349	0.653328	5.61843	0.893298	7.64321	0.437397	3.76227	0.743277	4.2389	0.983003	8.40873
0.703714	2.65382	0.704404	2.65375	0.655031	5.58523	0.894004	7.58461	0.439536	3.74854	0.741324	4.25191	0.983815	8.34458
0.701139	2.65408	0.701829	2.65401	0.656727	5.55254	0.894723	7.52711	0.441664	3.73497	0.739386	4.26516	0.984623	8.28147
0.698564	2.65434	0.699253	2.65427	0.658416	5.52032	0.895456	7.47067	0.443782	3.72153	0.737464	4.27866	0.985427	8.21937
0.695988	2.6546	0.696678	2.65453	0.660096	5.48858	0.896202	7.41528	0.44589	3.70824	0.735558	4.2924	0.986226	8.15826
0.693413	2.65486	0.694102	2.65479	0.661769	5.4573	0.896961	7.3609	0.447987	3.69507	0.733668	4.30641	0.987021	8.09811
0.690837	2.65512	0.691527	2.65505	0.663434	5.42646	0.897734	7.30751	0.450074	3.68203	0.731795	4.32067	0.987811	8.0389
0.688261	2.65539	0.688951	2.65532	0.665091	5.39605	0.898521	7.2551	0.45215	3.66912	0.729939	4.33521	0.988598	7.98061
0.685685	2.65565	0.686375	2.65558	0.66674	5.36607	0.899322	7.20363	0.454215	3.65632	0.728101	4.35002	0.98938	7.92322
0.683109	2.65592	0.683798	2.65585	0.668381	5.33649	0.900136	7.15308	0.456269	3.64364	0.72628	4.36512	0.990157	7.8667
0.680533	2.65619	0.681222	2.65612	0.670014	5.30732	0.900965	7.10344	0.458311	3.63108	0.724476	4.3805	0.990931	7.81103
0.677956	2.65646	0.678646	2.65639	0.671638	5.27854	0.901808	7.05469	0.460343	3.61862	0.722692	4.39619	0.9917	7.7562
0.67538	2.65674	0.67607	2.65666	0.673254	5.25014	0.902665	7.0068	0.462363	3.60626	0.720925	4.41218	0.992465	7.70218
0.672804	2.65701	0.673494	2.65694	0.674861	5.22211	0.903536	6.95975	0.464371	3.594	0.719178	4.42848	0.993225	7.64896
0.670228	2.65729	0.670917	2.65722	0.67646	5.19445	0.904421	6.91353	0.466368	3.58185	0.717449	4.4451	0.993982	7.59652
0.667651	2.65757	0.668341	2.6575	0.67805	5.16714	0.905321	6.86812	0.468353	3.56978	0.71574	4.46204	0.994734	7.54484
0.665075	2.65786	0.665765	2.65778	0.679631	5.14017	0.906236	6.82349	0.470326	3.55781	0.714051	4.47932	0.995483	7.4939
0.662499	2.65814	0.663189	2.65807	0.681203	5.11354	0.907165	6.77965	0.472287	3.54593	0.712381	4.49695	0.996227	7.44369
0.659924	2.65843	0.660613	2.65835	0.682767	5.08724	0.908108	6.73655	0.474237	3.53414	0.710732	4.51492	0.996968	7.3942
0.657348	2.65872	0.658038	2.65865	0.684321	5.06126	0.909066	6.6942	0.476174	3.52243	0.709103	4.53326	0.997705	7.3454
0.654773	2.65902	0.655462	2.65894	0.685866	5.0356	0.910039	6.65257	0.478099	3.5108	0.707494	4.55196	0.998438	7.29729
0.652197	2.65932	0.652887	2.65924	0.687403	5.01024	0.911027	6.61165	0.480012	3.49926	0.705907	4.57104	0.999168	7.24984
0.649622	2.65962	0.650312	2.65954	0.68893	4.98518	0.912029	6.57142	0.481913	3.48779	0.70434	4.5905	0.999894	7.20305
0.647048	2.65993	0.647737	2.65984	0.690448	4.96042	0.913046	6.53187	0.483802	3.4764	0.702795	4.61036	1.00062	7.15691
0.644473	2.66024	0.645163	2.66015	0.691958	4.93594	0.914078	6.49298	0.485679	3.46509	0.70127	4.63061		
0.6419	2.66055	0.642589	2.66047	0.693457	4.91174	0.915124	6.45475	0.487544	3.45385	0.699768	4.65128		
0.639326	2.66087	0.640015	2.66078	0.694948	4.88781	0.916185	6.41715	0.489396	3.44268	0.698287	4.67237		
0.636753	2.66119	0.637441	2.6611	0.69643	4.86416	0.917261	6.38018	0.491237	3.43158	0.696828	4.69389		
0.63418	2.66152	0.634869	2.66143	0.697902	4.84077	0.918352	6.34382	0.493065	3.42056	0.695391	4.71586		
0.631608	2.66185	0.632296	2.66176	0.699365	4.81763	0.919458	6.30805	0.494882	3.4096	0.693977	4.73827		
0.629036	2.66218	0.629724	2.66209	0.700819	4.79475	0.920578	6.27287	0.496686	3.39871	0.692584	4.76114		
0.626464	2.66253	0.627153	2.66243	0.702264	4.77211	0.921713	6.23827	0.498479	3.38789	0.691214	4.78448		
0.623894	2.66287	0.624582	2.66278	0.703699	4.74972	0.922863	6.20423	0.50026	3.37713	0.689866	4.8083		
0.621324	2.66322	0.622012	2.66313	0.705125	4.72757	0.924028	6.17074	0.502029	3.36644	0.688541	4.83261		
0.618754	2.66358	0.619442	2.66349	0.706543	4.70564	0.925207	6.13779	0.503787	3.35581	0.687239	4.85743		
0.616185	2.66395	0.616873	2.66385	0.707951	4.68395	0.9264	6.10536	0.505534	3.34525	0.685959	4.88276		
0.613617	2.66432	0.614305	2.66422	0.70935	4.66248	0.927608	6.07346	0.507269	3.33476	0.684702	4.90861		
0.61105	2.66469	0.611737	2.66459	0.71074	4.64123	0.928831	6.04206	0.508993	3.32432	0.683467	4.935		
0.608483	2.66508	0.60917	2.66497	0.712121	4.6202	0.930068	6.01116	0.510706	3.31395	0.682256	4.96194		
0.605918	2.66547	0.606605	2.66536	0.713493	4.59938	0.931319	5.98074	0.512409	3.30365	0.681067	4.98943		
0.603353	2.66587	0.60404	2.66576	0.714856	4.57877	0.932584	5.95081	0.5141	3.2934	0.679901	5.0175		
0.600789	2.66627	0.601475	2.66616	0.716211	4.55837	0.933864	5.92134	0.515781	3.28323	0.678757	5.04615		
0.598226	2.66668	0.598912	2.66657	0.717557	4.53816	0.935157	5.89233	0.517452	3.27311	0.677637	5.07541		
0.595664	2.66711	0.59635	2.66699	0.718894	4.51816	0.936465	5.86376	0.519113	3.26306	0.676539	5.10527		
0.593104	2.66754	0.593789	2.66742	0.720223	4.49835	0.937786	5.83564	0.520764	3.25306	0.675463	5.13575		
0.590544	2.66798	0.591229	2.66786	0.721543	4.47873	0.939121	5.80795	0.522405	3.24314	0.674411	5.16688		
0.587986	2.66843	0.58867	2.6683	0.722855	4.45931	0.94047	5.78068	0.524036	3.23327	0.67338	5.19865		
0.585428	2.66888	0.586113	2.66876	0.724158	4.44007	0.941832	5.75383	0.525659	3.22347	0.672372	5.2311		
0.582873	2.66935	0.583557	2.66923	0.725453	4.42101	0.943207	5.72738	0.527272	3.21374	0.671387	5.26422		
0.580318	2.66983	0.581002	2.6697	0.726741	4.40213	0.944596	5.70133	0.528876	3.20407	0.670423	5.29804		
0.577765	2.67032	0.578448	2.67019	0.72802	4.38344	0.945998	5.67567	0.530472	3.19446	0.669482	5.33258		
0.575213	2.67083	0.575896	2.67069	0.729292	4.36492	0.947412	5.65039	0.53206	3.18491	0.668562	5.36784		
0.572663	2.67134	0.573346	2.6712	0.730555	4.34657	0.94884	5.62549	0.533639	3.17544	0.667665	5.40385		
0.570115	2.67187	0.570797	2.67172	0.731811	4.32839	0.95028	5.60095	0.53521	3.16602	0.666789	5.44062		
0.567568	2.67241	0.56825	2.67226	0.73306	4.31038	0.951732	5.57677	0.536774	3.15668	0.665935	5.47817		
0.565023	2.67296	0.565704	2.67281	0.734301	4.29254	0.953197	5.55295	0.538331	3.14739	0.665101	5.51652		
0.56248	2.67353	0.563161	2.67337	0.735536	4.27487	0.954674	5.52947	0.53988	3.13818	0.66429	5.55568		
0.559939	2.67411	0.560619	2.67395	0.736763	4.25735	0.956163	5.50633	0.541423	3.12903	0.663499	5.59568		
0.5574	2.6747	0.55808	2.67454	0.737983	4.24	0.957664	5.48352	0.542959	3.11995	0.662729	5.63653		
0.554863	2.67532	0.555542	2.67515	0.739196	4.22281	0.959177	5.46104	0.544489	3.11093	0.66198	5.67826		
0.552329	2.67595	0.553007	2.67578	0.740403	4.20577	0.960701	5.43887	0.546013	3.10198	0.661251	5.72089		
0.549797	2.6766	0.550475	2.67642	0.741603	4.18889	0.962236	5.41702	0.54753	3.09311	0.660542	5.76443		
0.547267	2.67726	0.547944	2.67708	0.742796	4.17216	0.963782	5.39547	0.549043	3.08429	0.659854	5.80891		
0.54474	2.67795	0.545416	2.67776	0.743984	4.15558	0.96534	5.37422	0.55055	3.07555	0.659185	5.85436		
0.542216	2.67866	0.542891	2.67846	0.745165	4.13915	0.966908	5.35326	0.552052	3.06688	0.658536	5.90079		
0.539694	2.67938	0.540369	2.67919	0.746341	4.12287	0.968486	5.3326	0.553549	3.05827	0.657907	5.94824		
0.537176	2.68013	0.53785	2.67993	0.747511	4.10674	0.970075	5.31221	0.555042	3.04974	0.657296	5.99672		
0.53466	2.68091	0.535333	2.6807	0.748675	4.09075	0.971675	5.29211	0.556531	3.04128	0.656705	6.04627		
0.532148	2.6817	0.53282	2.68149	0.749834	4.0749	0.973284	5.27227	0.558015	3.03288	0.656132	6.09691		
0.529639	2.68252	0.530311	2.6823	0.750988	4.0592	0.974902	5.2527	0.559496	3.02456	0.655578	6.14866		
0.527134	2.68337	0.527805	2.68314	0.752136	4.04364	0.976531	5.23339	0.560974	3.0163	0.655042	6.20157		
0.524633	2.68425	0.525302	2.68401	0.753279	4.02822	0.978168	5.21433	0.562448	3.00812	0.654524	6.25566		
0.522136	2.68516	0.522804	2.68491	0.754418	4.01293	0.979815	5.19552	0.563919	3.00001	0.654024	6.31095		
0.519643	2.68609	0.52031	2.68584	0.755552	3.99778	0.981471	5.17696	0.565388	2.99197	0.653541	6.36749		
0.517154	2.68706	0.51782	2.6868	0.756682	3.98277	0.983135	5.15864	0.566854	2.984	0.653076	6.42531		
0.51467	2.68807	0.515334	2.6878	0.757807	3.96789	0.984808	5.14055	0.568318	2.9761	0.652627	6.48445		
0.51219	2.68911	0.512854	2.68883	0.758928	3.95315	0.98649	5.12269	0.56978	2.96827	0.652196	6.54493		
0.509716	2.69019	0.510378	2.68989	0.760046	3.93853	0.988179	5.10506	0.57124	2.96052	0.65178	6.6068		
0.507247	2.6913	0.507908	2.691	0.761159	3.92405	0.989876	5.08765	0.572699	2.95284	0.651382	6.6701		
0.504784	2.69246	0.505443	2.69215	0.762269	3.90969	0.991581	5.07046	0.574156	2.94522	0.650999	6.73487		
0.502326	2.69366	0.502984	2.69334	0.763375	3.89547	0.993293	5.05347	0.575613	2.93769	0.650631	6.80115		
0.499875	2.69491	0.500531	2.69457	0.764478	3.88137	0.995013	5.0367	0.577068	2.93022	0.65028	6.86899		
0.497431	2.69621	0.498084	2.69586	0.765578	3.8674	0.99674	5.02013	0.578523	2.92282	0.649943	6.93844		
0.494993	2.69756	0.495645	2.6972	0.766675	3.85355	0.998473	5.00376	0.579977	2.9155	0.649622	7.00954		
0.492562	2.69897	0.493212	2.69858	0.767769	3.83982	1.00021	4.98758	0.581431	2.90825	0.649315	7.08234		
0.490139	2.70043	0.490787	2.70003	0.768861	3.82622			0.582886	2.90107	0.649022	7.1569		
0.487724	2.70195	0.48837	2.70154	0.76995	3.81274			0.58434	2.89396	0.648744	7.23328		
0.485318	2.70354	0.485961	2.7031	0.771036	3.79938			0.585795	2.88693	0.648479	7.31152		
0.48292	2.70519	0.483561	2.70474	0.772121	3.78615			0.58725	2.87996	0.648228	7.3917		
0.480532	2.70691	0.48117	2.70645	0.773203	3.77303			0.588706	2.87307	0.647991	7.47388		
0.478154	2.70871	0.478789	2.70822	0.774284	3.76002			0.590163	2.86625	0.647766	7.55812		
0.475786	2.7106	0.476419	2.71008	0.775362	3.74714			0.591622	2.8595	0.647554	7.64449		
0.473429	2.71256	0.474059	2.71202	0.77644	3.73437			0.593081	2.85282	0.647355	7.73306		
0.471083	2.71461	0.47171	2.71405	0.777515	3.72171			0.594542	2.84621	0.647168	7.82392		
0.46875	2.71676	0.469374	2.71618	0.77859	3.70917			0.596005	2.83967	0.646993	7.91714		
0.46643	2.71901	0.46705	2.7184	0.779663	3.69674			0.59747	2.83321	0.64683	8.0128		
0.464123	2.72136	0.464739	2.72072	0.780736	3.68443			0.598936	2.82681	0.646678	8.111		
0.46183	2.72382	0.462442	2.72315	0.781807	3.67223			0.600405	2.82048	0.646537	8.21182		
0.459552	2.7264	0.46016	2.7257	0.782878	3.66013			0.601876	2.81423	0.646407	8.31537		
0.45729	2.72911	0.457894	2.72837	0.783948	3.64815			0.60335	2.80804	0.646288	8.42174		
0.455044	2.73195	0.455643	2.73117	0.785018	3.63627			0.604826	2.80192	0.64618	8.53105		
0.452815	2.73492	0.45341	2.73411	0.786088	3.6245			0.606305	2.79587	0.646081	8.64341		
0.450605	2.73804	0.451195	2.73719	0.787158	3.61284			0.607787	2.78989	0.645992	8.75893		
0.448413	2.74132	0.448998	2.74042	0.788227	3.60129			0.609272	2.78398	0.645913	8.87775		
0.446242	2.74475	0.446821	2.74382	0.789297	3.58984			0.610761	2.77814	0.645843	9		
0.444091	2.74836	0.444664	2.74738	0.790367	3.5785			0.612253	2.77236	0.645782	9.12582		
0.441961	2.75215	0.442529	2.75112	0.791437	3.56725			0.613748	2.76665	0.64573	9.25535		
0.439855	2.75612	0.440416	2.75504	0.792508	3.55612			0.615247	2.76101	0.645687	9.38877		
0.437771	2.7603	0.438327	2.75916	0.793579	3.54508			0.616749	2.75544	0.645651	9.52622		
0.435713	2.76468	0.436261	2.76348	0.794651	3.53415			0.618255	2.74993	0.645624	9.66789		
0.433679	2.76928	0.434221	2.76802	0.795725	3.52331			0.619766	2.74449	0.645605	9.81398		
0.431672	2.7741	0.432206	2.77279	0.796799	3.51258			0.621281	2.73912	0.645594	9.94502		
0.429691	2.77917	0.430219	2.77779	0.797874	3.50194			0.6228	2.73381	0.645589	10.0596		
0.427739	2.78448	0.428259	2.78303	0.79895	3.4914			0.624323	2.72857	0.645587	10.1564		
0.425815	2.79004	0.426327	2.78853	0.800028	3.48096			0.625851	2.72339	0.645588	10.2343		
0.423921	2.79588	0.424425	2.79429	0.801108	3.47061			0.627383	2.71828	0.64559	10.2924		
0.422057	2.80199	0.422553	2.80033	0.802188	3.46037			0.62892	2.71323	0.645592	10.3464		
0.420224	2.80839	0.420711	2.80665	0.803271	3.45021			0.630462	2.70824	0.645594	10.3843		
0.418422	2.81509	0.418901	2.81326	0.804355	3.44015			0.632009	2.70332	0.645598	10.4441		
0.416652	2.82209	0.417122	2.82018	0.805442	3.43019			0.633562	2.69847	0.645604	10.5266		
0.414914	2.82941	0.415376	2.82742	0.80653	3.42031			0.635119	2.69367	0.645615	10.6329		
0.413209	2.83705	0.413663	2.83497	0.80762	3.41053			0.636682	2.68894	0.64563	10.7643		
0.411538	2.84503	0.411982	2.84286	0.808713	3.40084			0.63825	2.68427	0.645653	10.9227		
0.4099	2.85335	0.410335	2.85109	0.809808	3.39124			0.639824	2.67967	0.645684	11.1105		
0.408295	2.86203	0.408721	2.85967	0.810905	3.38173			0.641403	2.67512	0.645721	11.3049		
0.406724	2.87106	0.407141	2.86861	0.812005	3.37231			0.642989	2.67064	0.645762	11.5062		
0.405187	2.88046	0.405595	2.87791	0.813108	3.36298			0.64458	2.66622	0.645809	11.715		
0.403684	2.89024	0.404083	2.88758	0.814213	3.35373			0.646177	2.66186	0.64586	11.9315		
0.402214	2.9004	0.402604	2.89764	0.815321	3.34457			0.647781	2.65756	0.645916	12.1562		
0.400778	2.91095	0.401159	2.90809	0.816432	3.3355			0.649391	2.65333	0.645976	12.3896		
0.399376	2.92191	0.399748	2.91893	0.817545	3.32652			0.651007	2.64915	0.64604	12.6321		
0.398006	2.93326	0.39837	2.93018	0.818662	3.31762			0.65263	2.64503	0.646108	12.8844		
0.39667	2.94504	0.397025	2.94184	0.819782	3.3088			0.65426	2.64098	0.646179	13.1469		
0.395367	2.95723	0.395713	2.95392	0.820905	3.30007			0.655897	2.63698	0.646254	13.4204		
0.394097	2.96985	0.394434	2.96643	0.822032	3.29142			0.657541	2.63305	0.646331	13.7055		
0.392858	2.98291	0.393187	2.97937	0.823162	3.28285			0.659192	2.62917	0.646411	14.0029		
0.391652	2.99641	0.391972	2.99275	0.824295	3.27436			0.66085	2.62536	0.646493	14.3136		
0.390478	3.01037	0.390789	3.00659	0.825432	3.26595			0.662516	2.6216	0.646578	14.6382		
0.389335	3.02478	0.389638	3.02088	0.826573	3.25763			0.664189	2.61791	0.646665	14.978		
0.388223	3.03966	0.388518	3.03563	0.827717	3.24938			0.665871	2.61427	0.646754	15.3338		
0.387142	3.05502	0.387428	3.05086	0.828865	3.24122			0.667561	2.6107	0.646844	15.7068		
0.386091	3.07087	0.386369	3.06658	0.830017	3.23313			0.669259	2.60718	0.646935	16.0984		
0.385071	3.08721	0.385341	3.08279	0.831172	3.22512			0.670965	2.60373	0.647028	16.5099		
0.38408	3.10405	0.384342	3.09949	0.832332	3.21718			0.672681	2.60033	0.647121	16.9429		
0.383119	3.12141	0.383373	3.11672	0.833496	3.20933			0.674405	2.597	0.647215	17.399		
0.382187	3.1393	0.382434	3.13446	0.834664	3.20155			0.676138	2.59372	0.64731	17.8803		
0.381284	3.15772	0.381523	3.15273	0.835836	3.19384			0.677881	2.59051	0.647404	18.3889		
0.38041	3.17668	0.380641	3.17155	0.837013	3.18621			0.679634	2.58736	0.647499	18.927		
0.379565	3.1962	0.379788	3.19092	0.838193	3.17865			0.681397	2.58428	0.647593	19.4975		
0.378747	3.2163	0.378963	3.21086	0.839379	3.17117			0.683171	2.58125	0.647688	20.1032		
0.377958	3.23697	0.378167	3.23138	0.840568	3.16376			0.684955	2.57829	0.647781	20.7475		
0.377196	3.25825	0.377398	3.25249	0.841763	3.15642			0.68675	2.57539	0.647874	21.4342		
0.376462	3.28013	0.376656	3.27421	0.842961	3.14915			0.688556	2.57256	0.647966	22.1677		
0.375756	3.30263	0.375942	3.29654	0.844165	3.14196			0.690375	2.56979	0.648056	22.953		
0.375076	3.32577	0.375255	3.31951	0.845373	3.13483			0.692206	2.56708	0.648145	23.7956		
0.374424	3.34957	0.374596	3.34313	0.846586	3.12778			0.694049	2.56445	0.648233	24.7021		
0.373798	3.37403	0.373963	3.36742	0.847804	3.1208			0.695905	2.56188	0.648319	25.68		
0.373199	3.39919	0.373356	3.39238	0.849027	3.11388			0.697775	2.55938	0.648403	26.7383		
0.372626	3.42504	0.372777	3.41805	0.850255	3.10703			0.699659	2.55695	0.648485	27.8871		
0.372079	3.45162	0.372223	3.44443	0.851488	3.10025			0.701558	2.55459	0.648565	29.1386		
0.371559	3.47894	0.371696	3.47155	0.852726	3.09354			0.703472	2.5523	0.648643	30.5072		
0.371065	3.50702	0.371195	3.49942	0.853969	3.0869			0.705401	2.55008	0.648718	32.0103		
0.370597	3.53587	0.37072	3.52807	0.855217	3.08032			0.707346	2.54794	0.64879	33.6686		
0.370154	3.56553	0.37027	3.55751	0.856471	3.07381			0.709308	2.54587	0.64886	35.5075		
0.369737	3.59602	0.369846	3.58778	0.85773	3.06736			0.711287	2.54388	0.648926	37.5583		
0.369345	3.62735	0.369448	3.61888	0.858994	3.06098			0.713284	2.54197	0.64899	39.8598		
0.368979	3.65955	0.369075	3.65084	0.860264	3.05466			0.715299	2.54014	0.64905	42.461		
0.368639	3.69265	0.368727	3.6837	0.861539	3.04841			0.717333	2.53838	0.649108	45.4246		
0.368323	3.72667	0.368405	3.71747	0.86282	3.04222			0.719386	2.5367	0.649161	48.8321		
0.368032	3.76164	0.368108	3.75218	0.864107	3.0361			0.721459	2.53511	0.649212	52.7912		
0.367767	3.79758	0.367835	3.78786	0.865399	3.03003			0.723551	2.53359	0.649259	57.4479		
0.367526	3.83454	0.367588	3.82454	0.866697	3.02403			0.725664	2.53216	0.649302	63.0043		
0.36731	3.87252	0.367365	3.86225	0.868001	3.01809			0.727797	2.53081	0.649341	69.7493		
0.367118	3.91158	0.367167	3.90102	0.869311	3.01221			0.729951	2.52954	0.649377	78.11		
0.366952	3.95174	0.366994	3.94088	0.870626	3.0064			0.732126	2.52835	0.649409	88.7461		
0.366809	3.99304	0.366845	3.98187	0.871948	3.00064			0.734322	2.52724	0.649436	102.733		
0.366691	4.03551	0.36672	4.02402	0.873276	2.99494			0.736539	2.52621	0.64946	121.952		
0.366598	4.07919	0.36662	4.06738	0.87461	2.98931			0.738777	2.52526	0.64948	150.012		
0.366528	4.12413	0.366544	4.11197	0.87595	2.98373			0.741035	2.52438	0.649496	194.839		
0.366483	4.17035	0.366492	4.15785	0.877296	2.97821			0.743314	2.52358	0.649508	277.866		
0.366461	4.21791	0.366464	4.20505	0.878649	2.97275			0.745612	2.52285	0.649515	484.186		
0.366463	4.26686	0.36646	4.25362	0.880007	2.96735			0.74793	2.5222	0.649519	1880.3		
0.366489	4.31723	0.36648	4.3036	0.881373	2.96201			0.750267	2.52161				
0.366539	4.36908	0.366524	4.35505	0.882745	2.95672			0.752623	2.52108				
0.366612	4.42246	0.366591	4.40801	0.884123	2.95149			0.754996	2.52062				
0.366709	4.47742	0.366681	4.46255	0.885508	2.94632			0.757386	2.52022				
0.366829	4.53403	0.366795	4.51871	0.8869	2.9412			0.759793	2.51988				
0.366973	4.59233	0.366932	4.57655	0.888299	2.93614			0.762215	2.51959				
0.367139	4.65241	0.367093	4.63615	0.889704	2.93114			0.764653	2.51935				
0.367329	4.71431	0.367276	4.69756	0.891117	2.92619			0.767104	2.51916				
0.367542	4.77812	0.367482	4.76085	0.892536	2.9213			0.76957	2.51902				
0.367777	4.8439	0.367712	4.82609	0.893963	2.91646			0.772048	2.51892				
0.368035	4.91173	0.367964	4.89337	0.895397	2.91167			0.774539	2.51886				
0.368315	4.9817	0.368238	4.96275	0.896838	2.90694			0.777041	2.51884				
0.368578	5.04447	0.368535	5.03433	0.898286	2.90227			0.779555	2.51886				
0.368816	5.09936	0.368854	5.1082	0.899742	2.89765			0.782078	2.5189				
0.369021	5.14573	0.369196	5.18444	0.901205	2.89308			0.784612	2.51898				
0.36919	5.18305	0.36956	5.26316	0.902676	2.88856			0.787154	2.51909				
0.369317	5.21086	0.369945	5.34447	0.904154	2.8841			0.789705	2.51922				
0.369436	5.23672	0.370353	5.42846	0.905641	2.87969			0.792264	2.51938				
0.369521	5.25488	0.370782	5.51527	0.907135	2.87534			0.794831	2.51956				
0.369655	5.28352	0.371233	5.60502	0.908637	2.87104			0.797405	2.51977				
0.369843	5.323	0.371705	5.69783	0.910147	2.86679			0.799985	2.51999				
0.370087	5.37384	0.372198	5.79386	0.911666	2.86259			0.802572	2.52023				
0.370393	5.4367	0.372713	5.89324	0.913192	2.85844			0.805165	2.52049				
0.370768	5.51243	0.373248	5.99614	0.914727	2.85435			0.807763	2.52076				
0.371218	5.60207	0.373805	6.10273	0.916271	2.85031			0.810367	2.52105				
0.371689	5.69479	0.374382	6.21318	0.917823	2.84632			0.812975	2.52135				
0.372182	5.79071	0.374979	6.32769	0.919384	2.84238			0.815588	2.52167				
0.372696	5.88998	0.375597	6.44647	0.920954	2.83849			0.818205	2.52199				
0.373231	5.99276	0.376235	6.56973	0.922533	2.83465			0.820827	2.52233				
0.373786	6.09923	0.376893	6.69771	0.924121	2.83087			0.823452	2.52268				
0.374363	6.20955	0.377571	6.83066	0.925718	2.82714			0.826081	2.52303				
0.37496	6.32393	0.378269	6.96885	0.927325	2.82346			0.828713	2.52339				
0.375577	6.44257	0.378986	7.11258	0.928941	2.81983			0.831348	2.52376				
0.376214	6.56568	0.379722	7.26215	0.930567	2.81625			0.833986	2.52414				
0.376872	6.6935	0.380478	7.4179	0.932203	2.81272			0.836627	2.52452				
0.377549	6.82629	0.381252	7.5802	0.933849	2.80924			0.839271	2.52491				
0.378246	6.96431	0.382046	7.74943	0.935505	2.80582			0.841917	2.52531				
0.378962	7.10785	0.382857	7.92604	0.937171	2.80244			0.844566	2.52571				
0.379698	7.25723	0.383688	8.11046	0.938848	2.79912			0.847217	2.52611				
0.380453	7.41277	0.384536	8.30321	0.940535	2.79585			0.84987	2.52652				
0.381227	7.57485	0.385402	8.50483	0.942233	2.79263			0.852525	2.52693				
0.38202	7.74386	0.386286	8.71591	0.943942	2.78946			0.855181	2.52734				
0.382831	7.92021	0.387188	8.93711	0.945662	2.78634			0.85784	2.52775				
0.38366	8.10438	0.387988	9.13866	0.947393	2.78327			0.8605	2.52817				
0.384508	8.29685	0.38868	9.31734	0.949136	2.78026			0.863162	2.52859				
0.385374	8.49818	0.38926	9.47013	0.95089	2.77729			0.865825	2.52902				
0.386258	8.70894	0.389722	9.5943	0.952657	2.77438			0.868489	2.52944				
0.387159	8.9298	0.390065	9.68758	0.954435	2.77152			0.871155	2.52987				
0.388077	9.16145	0.390382	9.77491	0.956225	2.76871			0.873822	2.53029				
0.389013	9.40468	0.390604	9.83653	0.958028	2.76595			0.87649	2.53072				
0.389965	9.66032	0.390952	9.93429	0.959842	2.76324			0.87916	2.53115				
0.390934	9.92932	0.391429	10.0702	0.96167	2.76059			0.88183	2.53158				
0.39192	10.2127	0.392037	10.2471	0.96351	2.75799			0.884501	2.532				
0.392921	10.5116	0.392781	10.4691	0.965363	2.75544			0.887173	2.53243				
0.393939	10.8274	0.393665	10.7411	0.96723	2.75294			0.889847	2.53286				
0.394972	11.1613	0.394694	11.07	0.969109	2.75049			0.89252	2.53329				
0.39602	11.515	0.395738	11.4183	0.971002	2.74809			0.895195	2.53372				
0.397084	11.8903	0.396798	11.7876	0.972908	2.74575			0.897871	2.53415				
0.398162	12.2891	0.397872	12.1799	0.974828	2.74345			0.900547	2.53458				
0.399255	12.7137	0.398961	12.5974	0.976761	2.74121			0.903223	2.535				
0.400362	13.1665	0.400064	13.0424	0.978708	2.73902			0.905901	2.53543				
0.401482	13.6505	0.401181	13.5177	0.980669	2.73687			0.908578	2.53586				
0.402616	14.1689	0.402311	14.0266	0.982643	2.73478			0.911257	2.53628				
0.403763	14.7254	0.403454	14.5725	0.984631	2.73274			0.913936	2.5367				
0.404922	15.3244	0.40461	15.1596	0.986634	2.73075			0.916615	2.53713				
0.406093	15.9707	0.405778	15.7927	0.98865	2.72881			0.919295	2.53755				
0.407275	16.6702	0.406958	16.4774	0.99068	2.72691			0.921975	2.53797				
0.408469	17.4296	0.408148	17.22	0.992724	2.72507			0.924656	2.53839				
0.409672	18.2569	0.409349	18.0283	0.994782	2.72327			0.927337	2.53881				
0.410885	19.1615	0.41056	18.9111	0.996853	2.72152			0.930018	2.53922				
0.412107	20.1546	0.411779	19.8794	0.998938	2.71982			0.932699	2.53964				
0.413336	21.2499	0.413006	20.9458	1.00104	2.71816			0.935381	2.54005				
0.414572	22.4637	0.41424	22.126					0.938063	2.54046				
0.415813	23.8163	0.41548	23.4392					0.940746	2.54087				
0.417057	25.3328	0.416724	24.9091					0.943428	2.54128				
0.418304	27.0447	0.41797	26.5651					0.946111	2.54169				
0.41955	28.9923	0.419217	28.4451					0.948794	2.54209				
0.420793	31.2275	0.420461	30.5974					0.951477	2.5425				
0.422031	33.8191	0.4217	33.0856					0.95416	2.5429				
0.423257	36.8594	0.42293	35.995					0.956843	2.5433				
0.424469	40.4757	0.424147	39.442					0.959526	2.5437				
0.425659	44.8487	0.425343	43.5907					0.96221	2.54409				
0.426819	50.2437	0.426512	48.6795					0.964893	2.54449				
0.427938	57.0664	0.427643	55.0689					0.967577	2.54488				
0.429003	65.9708	0.428724	63.331					0.970261	2.54527				
0.429996	78.0832	0.429738	74.4323					0.972944	2.54566				
0.430896	95.5238	0.430666	90.144					0.975628	2.54605				
0.431675	122.815	0.43148	114.103					0.978312	2.54643				
0.432302	171.629	0.432151	155.144					0.980995	2.54681				
0.432747	284.178	0.432647	241.776					0.983679	2.54719				
0.43298	821.944	0.43294	545.655					0.986362	2.54757				
								0.989046	2.54795				
								0.991729	2.54832				
								0.994413	2.54869				
								0.997096	2.54906				
								0.999779	2.54943				
								1.00246	2.5498				
