Sym0		Asym0		Sym1		Sym2		Sym3		Sym4		Asym1		Asym2		Asym3		Asym4	
458  Points		542  Points		458  Points		407  Points		370  Points		280  Points		481  Points		422  Points		371  Points		280  Points	
Freq (MHz)	Vgr (m/ms)	Freq (MHz)	Vgr (m/ms)	Freq (MHz)	Vgr (m/ms)	Freq (MHz)	Vgr (m/ms)	Freq (MHz)	Vgr (m/ms)	Freq (MHz)	Vgr (m/ms)	Freq (MHz)	Vgr (m/ms)	Freq (MHz)	Vgr (m/ms)	Freq (MHz)	Vgr (m/ms)	Freq (MHz)	Vgr (m/ms)
0.279507	-0.00730983	3.07479e-005	0.103544	0.279507	-0.00691877	0.356464	0.0173143	0.559017	0.00736413	0.838526	0.00403314	0.139755	0.0438912	0.419264	0.0103777	0.69877	-0.0118541	0.712928	0.0178765
0.2795	-0.00994595	0.000127219	0.138725	0.2795	-0.00956513	0.35648	0.0322194	0.559024	0.0118792	0.83853	0.00629144	0.139796	0.0792241	0.419274	0.0148878	0.698759	-0.0179626	0.712945	0.0316825
0.279488	-0.0151444	0.000289247	0.20882	0.279489	-0.0147942	0.356524	0.0619931	0.55904	0.0208833	0.838538	0.0107958	0.139902	0.149774	0.419292	0.0240234	0.698737	-0.0299892	0.712987	0.0591112
0.279472	-0.0202677	0.000516333	0.278331	0.279473	-0.0199058	0.356596	0.0916577	0.559063	0.0298828	0.83855	0.0153368	0.140075	0.219901	0.419319	0.0332128	0.698703	-0.0416644	0.713055	0.0862098
0.27945	-0.0252411	0.000807886	0.347076	0.279452	-0.0248555	0.356695	0.121251	0.559095	0.038873	0.838566	0.0198778	0.140312	0.289403	0.419354	0.0423629	0.698659	-0.0528566	0.713148	0.112868
0.279424	-0.0300608	0.00116307	0.414877	0.279427	-0.0297012	0.356822	0.150774	0.559136	0.0478445	0.838587	0.0244187	0.140614	0.358096	0.419398	0.0515079	0.698605	-0.0633758	0.713265	0.138865
0.279394	-0.0347197	0.00158096	0.481558	0.279397	-0.034412	0.356976	0.180083	0.559184	0.056852	0.838612	0.0289596	0.140979	0.425828	0.41945	0.0606425	0.698541	-0.0732081	0.713407	0.164199
0.27936	-0.0391304	0.0020604	0.547025	0.279362	-0.0388533	0.357157	0.209185	0.559242	0.0658583	0.838641	0.0335003	0.141407	0.492444	0.419511	0.0698299	0.698468	-0.0822526	0.713571	0.188792
0.279321	-0.0433374	0.00260029	0.611089	0.279324	-0.0430484	0.357366	0.238093	0.559307	0.074862	0.838674	0.0380408	0.141897	0.557781	0.41958	0.078976	0.698388	-0.0904539	0.713758	0.21249
0.279279	-0.0472837	0.0031991	0.673591	0.279282	-0.0469707	0.357601	0.266757	0.559381	0.0838607	0.838712	0.0425806	0.142447	0.621732	0.419658	0.088113	0.6983	-0.0977745	0.713967	0.235351
0.279233	-0.0509283	0.00385545	0.734582	0.279237	-0.0506406	0.357863	0.295155	0.559463	0.0928492	0.838753	0.0471192	0.143056	0.684155	0.419744	0.0973049	0.698205	-0.104213	0.714197	0.257342
0.279184	-0.0542624	0.00456791	0.793868	0.279188	-0.0540253	0.358151	0.323241	0.559554	0.101818	0.838799	0.0516555	0.143722	0.744913	0.419839	0.10646	0.698105	-0.109765	0.714447	0.278399
0.279132	-0.0572685	0.00533473	0.851356	0.279136	-0.0570592	0.358465	0.350995	0.559653	0.110819	0.83885	0.0561871	0.144444	0.804027	0.419943	0.115616	0.698001	-0.114423	0.714716	0.298614
0.279077	-0.0599114	0.00615432	0.90708	0.279081	-0.0597581	0.358805	0.37845	0.559761	0.119812	0.838904	0.0607092	0.14522	0.861391	0.420055	0.124771	0.697892	-0.118247	0.715003	0.31795
0.27902	-0.0621945	0.00702498	0.960958	0.279025	-0.0620795	0.35917	0.405528	0.559876	0.12879	0.838963	0.0652857	0.146049	0.916866	0.420175	0.133927	0.69778	-0.121281	0.715308	0.336406
0.278962	-0.0641238	0.00794496	1.01298	0.278966	-0.0640125	0.35956	0.432219	0.560001	0.137811	0.839026	0.0698245	0.146928	0.970541	0.420304	0.143084	0.697666	-0.123541	0.71563	0.35413
0.278901	-0.0656388	0.00891255	1.06311	0.278905	-0.0655347	0.359976	0.458574	0.560133	0.146771	0.839093	0.0743609	0.147857	1.02237	0.420442	0.152242	0.69755	-0.125057	0.715968	0.37112
0.278839	-0.0667643	0.00992595	1.11138	0.278844	-0.0666749	0.360415	0.484477	0.560274	0.155754	0.839164	0.0788928	0.148833	1.07228	0.420588	0.161403	0.697433	-0.125892	0.716322	0.387375
0.278777	-0.0674774	0.0109835	1.15781	0.278781	-0.0674171	0.360878	0.509989	0.560423	0.164785	0.83924	0.0834155	0.149855	1.1203	0.420743	0.17057	0.697316	-0.126097	0.71669	0.402967
0.278713	-0.0677317	0.0120834	1.20234	0.278718	-0.0677296	0.361365	0.535087	0.560581	0.173765	0.83932	0.0879932	0.150921	1.16655	0.420906	0.179748	0.697198	-0.125701	0.717072	0.417965
0.27865	-0.0675811	0.0132239	1.24511	0.278655	-0.0676223	0.361875	0.559721	0.560747	0.182717	0.839404	0.0925342	0.151884	1.20538	0.421078	0.188876	0.697081	-0.124762	0.717469	0.43236
0.278588	-0.0669869	0.0144035	1.28611	0.278592	-0.0670413	0.362408	0.583939	0.560922	0.191685	0.839492	0.0970754	0.15273	1.23742	0.421258	0.19805	0.696966	-0.123325	0.717878	0.446208
0.278526	-0.065945	0.0156204	1.32534	0.27853	-0.0660259	0.362963	0.607693	0.561104	0.200685	0.839585	0.101617	0.153445	1.26311	0.421447	0.207243	0.696852	-0.121402	0.7183	0.459549
0.278465	-0.064447	0.0168732	1.36293	0.278469	-0.0645811	0.363541	0.631031	0.561296	0.209678	0.839681	0.106158	0.154021	1.28298	0.421644	0.216399	0.69674	-0.119021	0.718734	0.472461
0.278405	-0.0625499	0.0181601	1.39886	0.27841	-0.0627168	0.364139	0.653904	0.561495	0.218653	0.839783	0.1107	0.154451	1.29723	0.42185	0.225557	0.69663	-0.116236	0.719181	0.484956
0.278348	-0.0602204	0.0194798	1.43322	0.278352	-0.0603798	0.364759	0.676285	0.561703	0.227668	0.839888	0.115243	0.154728	1.30625	0.422064	0.234718	0.696523	-0.113157	0.719638	0.497055
0.278293	-0.0573924	0.0208308	1.46604	0.278297	-0.05761	0.3654	0.698269	0.561919	0.236616	0.839997	0.119788	0.15513	1.3192	0.422287	0.243883	0.696419	-0.109709	0.720107	0.508802
0.278241	-0.0541534	0.0222116	1.49741	0.278245	-0.0544143	0.36606	0.719825	0.562144	0.245577	0.840111	0.124337	0.155571	1.33294	0.422519	0.253059	0.696319	-0.105889	0.720586	0.52021
0.278192	-0.0504587	0.023621	1.52734	0.278196	-0.0507329	0.366741	0.74089	0.562377	0.254564	0.840229	0.128895	0.156179	1.35124	0.422759	0.262256	0.696222	-0.101837	0.721076	0.531307
0.278147	-0.0463652	0.0250576	1.55593	0.27815	-0.0466659	0.367441	0.761488	0.562618	0.263528	0.840351	0.133468	0.156958	1.37387	0.423007	0.271421	0.696129	-0.0975432	0.721576	0.542077
0.278106	-0.0418403	0.0265203	1.58321	0.278109	-0.0421941	0.36816	0.781662	0.562868	0.272522	0.840478	0.138	0.157919	1.40039	0.423264	0.280596	0.69604	-0.0929833	0.722086	0.55263
0.278069	-0.036892	0.0280078	1.60922	0.278072	-0.0372787	0.368897	0.801431	0.563126	0.281499	0.840608	0.142524	0.159068	1.43043	0.42353	0.28979	0.695956	-0.0881849	0.722606	0.562969
0.278037	-0.0315365	0.0295189	1.63406	0.278039	-0.0319158	0.369653	0.820753	0.563393	0.290445	0.840743	0.147105	0.160417	1.46347	0.423804	0.29895	0.695876	-0.0832023	0.723135	0.573026
0.27801	-0.0257326	0.0310527	1.65775	0.278012	-0.0261704	0.370427	0.839622	0.563667	0.299402	0.840882	0.15165	0.161795	1.49503	0.424087	0.308114	0.6958	-0.078071	0.723674	0.582887
0.277989	-0.0195449	0.032608	1.68037	0.277991	-0.0200263	0.371218	0.858096	0.56395	0.30838	0.841026	0.156201	0.163202	1.52521	0.424379	0.317288	0.69573	-0.0727158	0.724221	0.592575
0.277974	-0.0129555	0.0341838	1.70194	0.277975	-0.0134509	0.372026	0.876149	0.564242	0.317328	0.841173	0.160762	0.164637	1.55399	0.424678	0.326481	0.695665	-0.0672054	0.724778	0.602064
0.277965	-0.00600234	0.0357793	1.72253	0.277966	-0.0074727	0.37285	0.893798	0.564542	0.326288	0.841325	0.165343	0.166098	1.58146	0.424987	0.33571	0.695605	-0.0616047	0.725343	0.611373
0.277963	0.0013122	0.0373936	1.74219	0.277963	-0.00212044	0.373691	0.911078	0.56485	0.335272	0.841482	0.16989	0.167584	1.60768	0.425304	0.344867	0.69555	-0.0558231	0.725917	0.620543
0.277968	0.00905651	0.0390257	1.76091	0.277963	0.00251705	0.374548	0.927914	0.565166	0.344232	0.841642	0.174443	0.169094	1.63266	0.42563	0.354026	0.695501	-0.0498997	0.7265	0.629581
0.27798	0.0171477	0.0406748	1.77879	0.277965	0.00619111	0.37542	0.944374	0.565491	0.353143	0.841807	0.179008	0.170626	1.6565	0.425964	0.363261	0.695457	-0.0439121	0.72709	0.638428
0.277999	0.0255663	0.0423403	1.79589	0.277968	0.00905041	0.376308	0.960447	0.565825	0.362102	0.841976	0.183524	0.172181	1.67926	0.426306	0.372431	0.695419	-0.0377964	0.727689	0.647187
0.278027	0.034347	0.0440213	1.81221	0.27797	0.0108767	0.37721	0.976188	0.566166	0.371085	0.842149	0.188089	0.173755	1.70093	0.426658	0.381615	0.695387	-0.0315708	0.728296	0.655842
0.278063	0.0434854	0.0457171	1.82778	0.277973	0.0134119	0.378127	0.991555	0.566516	0.380042	0.842326	0.192677	0.17535	1.72161	0.427018	0.390827	0.69536	-0.025272	0.728911	0.664364
0.278108	0.0529733	0.0474272	1.84267	0.277978	0.0163529	0.379058	1.00654	0.566874	0.388947	0.842508	0.197239	0.176963	1.74137	0.427386	0.400022	0.69534	-0.0189	0.729534	0.672765
0.278162	0.0627205	0.0491507	1.85691	0.277987	0.0204461	0.380002	1.02121	0.567241	0.397895	0.842694	0.201822	0.178595	1.76018	0.427763	0.409259	0.695325	-0.0124548	0.730165	0.681072
0.278225	0.0728399	0.0508873	1.87046	0.278	0.0256383	0.380961	1.03554	0.567616	0.406856	0.842884	0.206374	0.180243	1.77812	0.428149	0.418429	0.695316	-0.00593635	0.730803	0.689261
0.278298	0.0832644	0.0526361	1.88343	0.27802	0.0321373	0.381932	1.04954	0.567999	0.415769	0.843078	0.210936	0.181908	1.79526	0.428543	0.427616	0.695314	0.000655135	0.731449	0.697365
0.27838	0.0939325	0.0543969	1.89588	0.278049	0.0400714	0.382916	1.06319	0.56839	0.424732	0.843277	0.215519	0.183589	1.81159	0.428945	0.436832	0.695318	0.00731955	0.732103	0.705442
0.278473	0.104942	0.0561689	1.90774	0.278091	0.0493914	0.383913	1.07656	0.56879	0.43365	0.84348	0.220071	0.185284	1.82715	0.429357	0.446038	0.695328	0.0140566	0.732764	0.713392
0.278576	0.116267	0.0579517	1.91909	0.278141	0.0590319	0.384922	1.08962	0.569198	0.44255	0.843687	0.224634	0.186993	1.84204	0.429777	0.455293	0.695344	0.0207924	0.733432	0.721237
0.27869	0.127857	0.0597449	1.92993	0.278201	0.0690524	0.385943	1.10234	0.569615	0.451488	0.843898	0.229219	0.188716	1.85626	0.430205	0.464503	0.695366	0.027599	0.734108	0.729016
0.278814	0.139685	0.0615479	1.94033	0.27827	0.079336	0.386843	1.11322	0.57004	0.460429	0.844114	0.233774	0.190452	1.86977	0.430642	0.473692	0.695395	0.0344738	0.734791	0.736738
0.27895	0.151769	0.0633605	1.95029	0.278348	0.0899344	0.387617	1.12236	0.570473	0.469375	0.844334	0.238345	0.1922	1.88272	0.431088	0.482917	0.695431	0.0413388	0.735481	0.744417
0.279097	0.164144	0.0651821	1.9598	0.278437	0.100837	0.388261	1.12973	0.570914	0.478257	0.844558	0.242944	0.193961	1.89509	0.431542	0.492138	0.695472	0.0482572	0.736178	0.752012
0.279256	0.176811	0.0670124	1.96894	0.278536	0.112001	0.388774	1.1355	0.571364	0.48716	0.844787	0.24753	0.195732	1.90684	0.432005	0.501351	0.695521	0.0552092	0.736882	0.759512
0.279426	0.189692	0.068851	1.97769	0.278646	0.123479	0.389152	1.13973	0.571822	0.496103	0.845019	0.252086	0.197514	1.9181	0.432476	0.510621	0.695575	0.0622284	0.737593	0.766967
0.279609	0.202784	0.0706976	1.98605	0.278766	0.13526	0.389395	1.14244	0.572289	0.50498	0.845256	0.256657	0.199306	1.92889	0.432894	0.51866	0.695636	0.0692357	0.738311	0.774406
0.279804	0.216151	0.0725518	1.99405	0.278898	0.147267	0.389746	1.14623	0.572763	0.513872	0.845498	0.261258	0.201108	1.93912	0.433255	0.525492	0.695704	0.0762922	0.739036	0.781741
0.280012	0.229774	0.0744133	2.00176	0.279041	0.159532	0.390128	1.15027	0.573246	0.522795	0.845743	0.265846	0.202919	1.94893	0.433558	0.531186	0.695779	0.0833739	0.739768	0.789014
0.280232	0.243617	0.0762818	2.00914	0.279195	0.172073	0.390649	1.15589	0.573737	0.531704	0.845993	0.270407	0.20474	1.95833	0.433799	0.53572	0.69586	0.0904328	0.740506	0.796234
0.280466	0.257679	0.0781571	2.01621	0.279362	0.184863	0.391313	1.16283	0.574237	0.540586	0.846247	0.274989	0.206568	1.96728	0.433978	0.538972	0.695947	0.0975927	0.741251	0.803425
0.280713	0.271961	0.0800388	2.02301	0.27954	0.197886	0.392121	1.17103	0.574745	0.549488	0.846505	0.279612	0.208405	1.97582	0.434093	0.541053	0.696041	0.104735	0.742003	0.810555
0.280973	0.286463	0.0819268	2.02952	0.27973	0.211135	0.393075	1.18052	0.575261	0.558357	0.846768	0.284169	0.21025	1.98398	0.434259	0.544092	0.696142	0.111841	0.742762	0.817638
0.281246	0.301183	0.0838206	2.03572	0.279933	0.224682	0.39418	1.19123	0.575785	0.567232	0.847035	0.288744	0.212102	1.99179	0.434441	0.547383	0.69625	0.119023	0.743527	0.8247
0.281534	0.316123	0.0857201	2.04174	0.280149	0.23845	0.395295	1.20163	0.576318	0.576121	0.847306	0.293353	0.213962	1.99925	0.434689	0.55189	0.696364	0.126208	0.744298	0.831645
0.281835	0.331281	0.0876252	2.04749	0.280378	0.252401	0.396419	1.21178	0.576859	0.584962	0.847582	0.297956	0.215828	2.00634	0.435007	0.557566	0.696485	0.133401	0.745077	0.838577
0.282151	0.346655	0.0895354	2.05299	0.280619	0.266592	0.397553	1.22176	0.577408	0.593855	0.847861	0.302548	0.2177	2.01319	0.435395	0.564465	0.696613	0.140609	0.745861	0.845482
0.282481	0.362243	0.0914507	2.05835	0.280874	0.281048	0.398696	1.23151	0.577965	0.602707	0.848145	0.307117	0.219579	2.01969	0.435857	0.572532	0.696747	0.147847	0.746652	0.852336
0.282826	0.378037	0.0933709	2.06343	0.281143	0.29571	0.399848	1.241	0.578531	0.611548	0.848434	0.311715	0.221464	2.02587	0.436394	0.581774	0.696888	0.155072	0.747449	0.859159
0.283186	0.394025	0.0952957	2.06832	0.281425	0.310511	0.401008	1.25029	0.579105	0.62044	0.848726	0.316295	0.223354	2.03181	0.436941	0.591046	0.697036	0.162272	0.748253	0.865919
0.28356	0.410254	0.097225	2.07303	0.281722	0.325603	0.402178	1.2594	0.579687	0.629289	0.849023	0.320916	0.22525	2.03746	0.437496	0.600296	0.697191	0.169494	0.749063	0.872629
0.28395	0.426673	0.0991585	2.07755	0.282032	0.340912	0.403355	1.26828	0.580277	0.638124	0.849324	0.325543	0.227151	2.04288	0.438059	0.609535	0.697352	0.176759	0.749879	0.879309
0.284356	0.443322	0.101096	2.0819	0.282357	0.356403	0.404541	1.27693	0.580876	0.646932	0.84963	0.330109	0.229056	2.04805	0.438632	0.618843	0.69752	0.184039	0.750701	0.885932
0.284776	0.460215	0.103038	2.08607	0.282696	0.372133	0.405735	1.28542	0.581483	0.65576	0.849939	0.3347	0.230967	2.05294	0.439213	0.62811	0.697695	0.191275	0.75153	0.892513
0.285213	0.477302	0.104983	2.09007	0.28305	0.388054	0.406936	1.29374	0.582018	0.663492	0.850253	0.339342	0.232882	2.05765	0.439802	0.637359	0.697876	0.198497	0.752364	0.899082
0.285666	0.494629	0.106933	2.09392	0.283419	0.404181	0.408145	1.30185	0.58248	0.670033	0.850572	0.343938	0.234801	2.06213	0.4404	0.64667	0.698065	0.205761	0.753205	0.905629
0.286074	0.509921	0.108885	2.09764	0.283803	0.420558	0.409362	1.30979	0.582865	0.675424	0.850894	0.348516	0.236724	2.06635	0.441007	0.65594	0.69826	0.21304	0.754052	0.912131
0.286431	0.523022	0.110841	2.10121	0.284203	0.437132	0.410586	1.31753	0.583172	0.679831	0.851221	0.35313	0.238652	2.07044	0.441622	0.665226	0.698462	0.220272	0.754905	0.918543
0.286733	0.533986	0.112801	2.10462	0.284618	0.453915	0.411817	1.3251	0.583398	0.682795	0.851552	0.357744	0.240582	2.07431	0.442247	0.674557	0.69867	0.22756	0.755764	0.924922
0.286977	0.542843	0.114763	2.10792	0.285049	0.470913	0.413055	1.33251	0.583544	0.684779	0.851888	0.362359	0.242517	2.07797	0.442879	0.683836	0.698886	0.234811	0.756628	0.931308
0.287159	0.549244	0.116476	2.11071	0.285495	0.488128	0.4143	1.33977	0.583754	0.687861	0.852227	0.366973	0.244455	2.08149	0.443521	0.693127	0.699108	0.242061	0.757499	0.937635
0.287276	0.553285	0.117937	2.11301	0.285958	0.505634	0.415552	1.34688	0.583983	0.690959	0.852571	0.371588	0.246395	2.08482	0.444171	0.70246	0.699337	0.249312	0.758376	0.943917
0.287446	0.559366	0.119147	2.1148	0.286438	0.523323	0.41681	1.3538	0.584297	0.69518	0.85292	0.376203	0.248339	2.08795	0.44483	0.711777	0.699572	0.256561	0.759258	0.950183
0.287634	0.566007	0.120104	2.11633	0.286933	0.541212	0.418074	1.36052	0.584696	0.700608	0.853272	0.380818	0.250286	2.09094	0.445497	0.721086	0.699815	0.263809	0.760146	0.956414
0.287892	0.574911	0.120809	2.1173	0.287446	0.559422	0.419345	1.36714	0.585184	0.707165	0.853629	0.385435	0.252236	2.09379	0.446173	0.730392	0.700064	0.271054	0.76104	0.962578
0.288224	0.586327	0.12126	2.11788	0.287976	0.577866	0.420622	1.37363	0.585761	0.714803	0.853991	0.390055	0.254188	2.09646	0.446858	0.739696	0.70032	0.278294	0.76194	0.968755
0.288635	0.600281	0.121908	2.11887	0.288523	0.596499	0.421905	1.37996	0.586431	0.723617	0.854356	0.394681	0.256142	2.09901	0.447552	0.749035	0.700582	0.285522	0.762845	0.974881
0.289129	0.61688	0.122614	2.11992	0.289087	0.615484	0.423193	1.38616	0.587109	0.732381	0.854726	0.399318	0.258099	2.10142	0.448254	0.758392	0.700817	0.291849	0.763756	0.980909
0.289713	0.636125	0.123573	2.12126	0.28967	0.634717	0.424488	1.39219	0.587796	0.741158	0.8551	0.403905	0.260058	2.10368	0.448965	0.767758	0.701021	0.297197	0.764673	0.986959
0.290314	0.655635	0.124788	2.12285	0.29027	0.654222	0.425787	1.39806	0.58849	0.749941	0.855479	0.408538	0.262019	2.10577	0.449685	0.777092	0.701192	0.30166	0.765595	0.99298
0.290934	0.675461	0.126258	2.12475	0.290889	0.674045	0.427093	1.40385	0.589193	0.758691	0.855862	0.41319	0.263982	2.10776	0.450413	0.78641	0.701329	0.305129	0.766523	0.998943
0.291573	0.695628	0.127984	2.12696	0.291526	0.694137	0.428403	1.40953	0.589904	0.767423	0.856249	0.417806	0.265946	2.10964	0.45115	0.795793	0.701431	0.307687	0.767457	1.00486
0.29223	0.716112	0.129966	2.12944	0.292182	0.71462	0.429719	1.41505	0.590623	0.776184	0.85664	0.422423	0.267913	2.11138	0.451896	0.805172	0.701497	0.309333	0.768396	1.01077
0.292907	0.7369	0.131952	2.13178	0.292858	0.735408	0.43104	1.4204	0.59135	0.784922	0.857036	0.427044	0.269881	2.11302	0.45265	0.814549	0.701592	0.311722	0.76934	1.01665
0.293604	0.758025	0.133939	2.13401	0.293553	0.756496	0.432366	1.42568	0.592086	0.793649	0.857436	0.43167	0.27185	2.11454	0.453414	0.823889	0.701696	0.314342	0.77029	1.02248
0.29432	0.779573	0.135928	2.13619	0.294267	0.777989	0.433697	1.43085	0.592829	0.802371	0.85784	0.436309	0.273821	2.11596	0.454186	0.833282	0.701839	0.317783	0.771122	1.02756
0.295056	0.80148	0.137919	2.1383	0.295002	0.799869	0.435032	1.43585	0.593581	0.811053	0.858249	0.440973	0.275793	2.11721	0.454966	0.842703	0.702022	0.322185	0.771835	1.03184
0.295813	0.82375	0.139913	2.14031	0.295758	0.822125	0.436372	1.4408	0.594341	0.819752	0.858662	0.445614	0.277766	2.11839	0.455756	0.852065	0.702247	0.327565	0.772427	1.03535
0.296591	0.846457	0.141908	2.1422	0.296534	0.844788	0.437717	1.44562	0.595108	0.828459	0.859079	0.450207	0.27974	2.11949	0.456554	0.861433	0.702516	0.333832	0.772896	1.0382
0.29739	0.869566	0.143904	2.14405	0.297332	0.867912	0.439066	1.45027	0.595884	0.837171	0.859501	0.454853	0.281716	2.12048	0.457361	0.870841	0.70283	0.341022	0.773242	1.04024
0.298212	0.893168	0.145903	2.14583	0.298152	0.891486	0.440419	1.4549	0.596668	0.845848	0.859927	0.45953	0.283692	2.12138	0.458177	0.880269	0.703151	0.348206	0.773463	1.04149
0.299055	0.917238	0.147903	2.14752	0.298993	0.915467	0.441777	1.45937	0.597461	0.854471	0.860357	0.464124	0.285669	2.12216	0.459001	0.889708	0.703479	0.35535	0.773782	1.04333
0.299921	0.94176	0.149904	2.14917	0.299857	0.939946	0.443139	1.46373	0.598261	0.86314	0.860792	0.46877	0.287646	2.12281	0.459835	0.899114	0.703813	0.362511	0.77413	1.04539
0.30081	0.966766	0.151908	2.15076	0.300745	0.964966	0.444505	1.46804	0.599069	0.871797	0.861231	0.473449	0.289624	2.12342	0.460677	0.908505	0.704154	0.369681	0.774604	1.04816
0.301722	0.992306	0.153912	2.15226	0.301656	0.99044	0.445874	1.4722	0.599885	0.880409	0.861617	0.47745	0.291603	2.12399	0.461528	0.917961	0.704502	0.376781	0.775205	1.05165
0.302659	1.01837	0.155918	2.1537	0.30259	1.01647	0.447248	1.4763	0.600709	0.889037	0.861948	0.480903	0.293582	2.12438	0.462387	0.927413	0.704857	0.38392	0.775934	1.05585
0.30362	1.04499	0.157925	2.15512	0.30355	1.04307	0.448625	1.48025	0.601542	0.897672	0.862224	0.483754	0.295561	2.12472	0.463256	0.936827	0.705218	0.391042	0.776793	1.06069
0.304606	1.07218	0.159934	2.15641	0.304534	1.07018	0.450006	1.48414	0.602382	0.906274	0.862444	0.486114	0.297541	2.125	0.464133	0.946295	0.705585	0.398118	0.777784	1.06626
0.305618	1.09991	0.161944	2.15768	0.305544	1.0979	0.451391	1.48798	0.60323	0.914823	0.862606	0.48761	0.299521	2.12514	0.465019	0.955752	0.705959	0.405246	0.77878	1.07183
0.306656	1.12824	0.163955	2.1589	0.30658	1.12616	0.452779	1.4917	0.604087	0.923419	0.86271	0.488593	0.301501	2.12525	0.465914	0.965206	0.70634	0.412325	0.779781	1.07736
0.30772	1.15712	0.165966	2.16006	0.307642	1.15501	0.45417	1.49531	0.604951	0.932002	0.86286	0.490352	0.303481	2.12527	0.466818	0.974693	0.706728	0.41938	0.780787	1.0828
0.308812	1.18658	0.16798	2.16119	0.308732	1.18445	0.455565	1.49884	0.605823	0.940505	0.863023	0.492016	0.305461	2.1252	0.46773	0.984161	0.707122	0.42646	0.781799	1.08823
0.309931	1.21662	0.169994	2.16227	0.309849	1.2144	0.456963	1.50229	0.606704	0.949041	0.863246	0.494162	0.307441	2.1251	0.468652	0.993619	0.707522	0.433515	0.782815	1.09365
0.311079	1.2472	0.172009	2.16332	0.310995	1.24498	0.458365	1.50566	0.607592	0.957593	0.86353	0.497054	0.309421	2.12486	0.469582	1.00311	0.70793	0.440559	0.783837	1.09904
0.312255	1.27835	0.174025	2.16428	0.312169	1.27613	0.459769	1.50896	0.608488	0.966118	0.863875	0.500501	0.311401	2.1246	0.470521	1.01261	0.708343	0.447559	0.784863	1.10437
0.313461	1.31007	0.176042	2.16517	0.313373	1.30777	0.461176	1.51219	0.609392	0.974591	0.864283	0.504556	0.31338	2.12424	0.471469	1.02209	0.708764	0.454575	0.785895	1.10967
0.314696	1.34227	0.178059	2.16605	0.314606	1.3399	0.462587	1.51534	0.610304	0.983076	0.864755	0.509226	0.315359	2.12381	0.472425	1.03159	0.70919	0.461599	0.786931	1.11499
0.315962	1.37488	0.180078	2.16693	0.31587	1.37251	0.464	1.51838	0.611224	0.99153	0.865232	0.513868	0.317338	2.12334	0.473391	1.0411	0.709624	0.468553	0.787972	1.12022
0.317258	1.40792	0.182097	2.16774	0.317164	1.40555	0.465416	1.52136	0.612152	0.999968	0.865713	0.518497	0.319316	2.12274	0.474365	1.05062	0.710064	0.475546	0.789018	1.12539
0.318585	1.4414	0.184117	2.16847	0.318489	1.43896	0.466835	1.52428	0.613087	1.00844	0.866198	0.523191	0.321293	2.12211	0.475349	1.06013	0.71051	0.482521	0.790069	1.13058
0.319944	1.47517	0.186138	2.1692	0.319845	1.47272	0.468256	1.52713	0.614031	1.01681	0.866688	0.527845	0.32327	2.12146	0.476341	1.06966	0.710963	0.489451	0.791125	1.13574
0.321334	1.50915	0.188159	2.1699	0.321233	1.50671	0.469681	1.52991	0.614982	1.0252	0.867182	0.53248	0.325246	2.1207	0.477342	1.07918	0.711422	0.496395	0.792186	1.14088
0.322756	1.54339	0.190181	2.17058	0.322653	1.54088	0.471107	1.53262	0.615941	1.03361	0.86768	0.537141	0.327222	2.11988	0.478352	1.0887	0.711888	0.50331	0.793251	1.14594
0.32421	1.57769	0.192204	2.17117	0.324104	1.57521	0.472536	1.53526	0.616908	1.04199	0.868183	0.541815	0.329196	2.11903	0.47937	1.09822	0.71236	0.510209	0.794321	1.15096
0.325696	1.61201	0.194227	2.17173	0.325588	1.60955	0.473968	1.53782	0.617883	1.05032	0.86869	0.546459	0.33117	2.11805	0.480398	1.10778	0.712838	0.517102	0.795396	1.156
0.327214	1.64631	0.196251	2.1723	0.327103	1.64386	0.475402	1.54035	0.618865	1.05862	0.869201	0.551125	0.333143	2.11705	0.481435	1.11732	0.713323	0.52399	0.796475	1.16101
0.328764	1.68046	0.198275	2.17284	0.328651	1.67801	0.476838	1.54282	0.619855	1.06699	0.869716	0.555802	0.335115	2.11601	0.48248	1.12685	0.713815	0.530877	0.797559	1.16597
0.330345	1.71434	0.200299	2.17333	0.33023	1.71189	0.478277	1.54523	0.620853	1.07527	0.870236	0.560447	0.337086	2.11489	0.483534	1.13641	0.714313	0.537726	0.798648	1.17087
0.331958	1.7479	0.202325	2.17376	0.331841	1.74549	0.479718	1.54753	0.621859	1.08351	0.870761	0.565114	0.339056	2.11375	0.484598	1.14595	0.714817	0.544556	0.799741	1.17573
0.333602	1.78109	0.20435	2.17419	0.333483	1.7787	0.48116	1.54982	0.622872	1.09177	0.87129	0.569754	0.341025	2.11249	0.48567	1.15552	0.715327	0.551414	0.800839	1.18058
0.335277	1.81376	0.206376	2.17459	0.335155	1.81142	0.482606	1.55206	0.623894	1.1	0.871822	0.574418	0.342993	2.11119	0.486751	1.16506	0.715844	0.558211	0.801941	1.18542
0.336982	1.84585	0.208402	2.17494	0.336858	1.84356	0.484053	1.55421	0.624922	1.10819	0.87236	0.57913	0.344959	2.10989	0.487841	1.1746	0.716367	0.56498	0.803047	1.19022
0.338717	1.87727	0.210429	2.17526	0.338591	1.87501	0.485502	1.55634	0.625958	1.11638	0.872902	0.583794	0.346924	2.10854	0.488939	1.18416	0.716897	0.571769	0.804159	1.19497
0.34048	1.90799	0.212455	2.1756	0.340352	1.90579	0.486953	1.55843	0.627002	1.12457	0.873448	0.588432	0.348888	2.1071	0.490047	1.19374	0.717433	0.578533	0.805274	1.19972
0.342272	1.93797	0.214483	2.17592	0.342142	1.93583	0.488406	1.56043	0.628054	1.1327	0.873998	0.593132	0.35085	2.10557	0.491164	1.20329	0.717975	0.585285	0.806394	1.2044
0.344091	1.96709	0.21651	2.17615	0.343959	1.96502	0.48986	1.56238	0.629113	1.14079	0.874553	0.597789	0.352811	2.10404	0.492289	1.21286	0.718524	0.592029	0.807518	1.20905
0.345937	1.99528	0.218538	2.17637	0.345803	1.99331	0.491317	1.56431	0.63018	1.14887	0.875112	0.602461	0.354771	2.10247	0.493424	1.22241	0.719078	0.598771	0.808647	1.21368
0.347809	2.02263	0.220565	2.1766	0.347673	2.02068	0.492775	1.56623	0.631254	1.15697	0.875676	0.607141	0.356729	2.10084	0.494567	1.23195	0.719639	0.605474	0.80978	1.21827
0.349706	2.04901	0.222593	2.17678	0.349569	2.04714	0.494235	1.56806	0.632336	1.16501	0.876243	0.611788	0.358686	2.09914	0.49572	1.24155	0.720206	0.612158	0.810917	1.22287
0.351627	2.07439	0.224622	2.17695	0.351488	2.07264	0.495697	1.56982	0.633425	1.17303	0.876816	0.616492	0.360641	2.09742	0.496881	1.25111	0.72078	0.618833	0.812059	1.2274
0.353572	2.09888	0.22665	2.17707	0.353431	2.09715	0.497161	1.57158	0.634521	1.18102	0.877392	0.621151	0.362594	2.09568	0.498051	1.26065	0.72136	0.625466	0.813204	1.23187
0.355539	2.12236	0.228678	2.1772	0.355396	2.12068	0.498626	1.57331	0.635625	1.18898	0.877973	0.625825	0.364546	2.09385	0.49923	1.27018	0.721945	0.632115	0.814354	1.23633
0.357527	2.14484	0.230707	2.17734	0.357382	2.14325	0.500092	1.57497	0.636737	1.19695	0.878558	0.630505	0.366496	2.09199	0.500418	1.27971	0.722537	0.638772	0.815508	1.2408
0.359535	2.16636	0.232736	2.17737	0.35939	2.16482	0.50156	1.57661	0.637856	1.20485	0.879148	0.635189	0.368444	2.09011	0.501614	1.28927	0.723136	0.645397	0.816666	1.2452
0.361563	2.18694	0.234764	2.17743	0.361416	2.1855	0.50303	1.5782	0.638982	1.21268	0.879742	0.639875	0.37039	2.08814	0.50282	1.29881	0.72374	0.652005	0.817828	1.24959
0.36361	2.20657	0.236793	2.17749	0.363462	2.20521	0.504501	1.57976	0.640116	1.22055	0.88034	0.644525	0.372335	2.0862	0.504035	1.30834	0.724351	0.658605	0.818995	1.25395
0.365675	2.22532	0.238822	2.17752	0.365526	2.22397	0.505974	1.58131	0.641256	1.22841	0.880943	0.649193	0.374278	2.08421	0.505258	1.31787	0.724967	0.665164	0.820165	1.25821
0.367757	2.24315	0.240851	2.1775	0.367606	2.24188	0.507448	1.58279	0.642405	1.23618	0.88155	0.653908	0.376219	2.08211	0.50649	1.32735	0.72559	0.671703	0.821339	1.26251
0.369855	2.26009	0.242879	2.17745	0.369703	2.25889	0.508923	1.58425	0.64356	1.24395	0.882161	0.658573	0.378158	2.08004	0.507731	1.33689	0.726219	0.678232	0.822518	1.26678
0.371968	2.27621	0.244908	2.17747	0.371815	2.27508	0.5104	1.58572	0.644723	1.25168	0.882777	0.663249	0.380095	2.07791	0.508981	1.34639	0.726854	0.684792	0.8237	1.27096
0.374096	2.29156	0.246937	2.1774	0.373942	2.29051	0.511878	1.58711	0.645892	1.25939	0.883397	0.667967	0.38203	2.07574	0.51024	1.35586	0.727495	0.691295	0.824886	1.27515
0.376238	2.30612	0.248965	2.17729	0.376083	2.3051	0.513357	1.5885	0.647069	1.26705	0.884022	0.672633	0.383962	2.0736	0.511508	1.36536	0.728142	0.697769	0.826076	1.27932
0.378394	2.31995	0.250994	2.17724	0.378238	2.31895	0.514838	1.5899	0.648253	1.27469	0.884651	0.67731	0.385893	2.07139	0.512784	1.37479	0.728795	0.704265	0.82727	1.28343
0.380561	2.33306	0.253022	2.17714	0.380405	2.33211	0.51632	1.59121	0.649445	1.28228	0.885284	0.681956	0.387822	2.06911	0.51407	1.38427	0.729454	0.710736	0.828467	1.28753
0.382741	2.34547	0.255051	2.17698	0.382583	2.34458	0.517803	1.5925	0.650643	1.28985	0.885921	0.686659	0.389749	2.06684	0.515364	1.3937	0.73012	0.717194	0.829669	1.29159
0.384932	2.35724	0.257079	2.17683	0.384773	2.35645	0.519287	1.5938	0.651848	1.29741	0.886563	0.691391	0.391674	2.06453	0.516667	1.4031	0.730791	0.723609	0.830874	1.2956
0.387133	2.3684	0.259107	2.17671	0.386974	2.36767	0.520773	1.59507	0.65306	1.30489	0.88721	0.696027	0.393596	2.06217	0.517978	1.41256	0.731468	0.730039	0.832083	1.29962
0.389345	2.37904	0.261135	2.17655	0.389185	2.37825	0.52226	1.59633	0.65428	1.31236	0.88786	0.700726	0.395516	2.05985	0.519299	1.42194	0.732151	0.73644	0.833296	1.30357
0.391567	2.38904	0.263163	2.17632	0.391406	2.38834	0.523748	1.59758	0.655506	1.31979	0.888515	0.705419	0.397434	2.05748	0.520628	1.43128	0.73284	0.742827	0.834512	1.30749
0.393797	2.39855	0.26519	2.17613	0.393636	2.39789	0.525237	1.59876	0.656739	1.32717	0.889175	0.710073	0.39935	2.05506	0.521966	1.44064	0.733535	0.749206	0.835732	1.31143
0.396036	2.40755	0.267218	2.17593	0.395874	2.40688	0.526727	1.59997	0.657979	1.33453	0.889839	0.71478	0.401264	2.05263	0.523313	1.45001	0.734236	0.755545	0.836956	1.3153
0.398283	2.41604	0.269245	2.17571	0.398121	2.41547	0.528218	1.60116	0.659226	1.34183	0.890507	0.719477	0.403175	2.05018	0.524668	1.45931	0.734943	0.761901	0.838183	1.3191
0.400538	2.42417	0.271272	2.17546	0.400375	2.42362	0.52971	1.60234	0.660479	1.3491	0.891179	0.72417	0.405084	2.04774	0.526032	1.46857	0.735656	0.768228	0.839414	1.32294
0.4028	2.43182	0.273299	2.17519	0.402637	2.43124	0.531204	1.60351	0.661739	1.35637	0.891856	0.72886	0.406991	2.04528	0.527404	1.47785	0.736375	0.774541	0.840648	1.32673
0.405069	2.43906	0.275325	2.17494	0.404905	2.43853	0.532698	1.60462	0.663007	1.36359	0.892537	0.733548	0.408895	2.04276	0.528786	1.48711	0.737099	0.780847	0.841886	1.33046
0.407345	2.44589	0.277351	2.17467	0.407181	2.44543	0.534194	1.60575	0.66428	1.37071	0.893223	0.738237	0.410797	2.04022	0.530175	1.49631	0.73783	0.787113	0.843127	1.33419
0.409627	2.45239	0.279377	2.17439	0.409462	2.45196	0.53569	1.60691	0.665561	1.37783	0.893913	0.742924	0.412697	2.03771	0.531574	1.50549	0.738566	0.793395	0.844372	1.33785
0.411915	2.45857	0.281403	2.17407	0.41175	2.45812	0.537188	1.60803	0.666848	1.38494	0.894607	0.747612	0.414594	2.03521	0.532981	1.51466	0.739308	0.799649	0.84562	1.34151
0.414208	2.4644	0.283429	2.17372	0.414043	2.46398	0.538687	1.60915	0.668141	1.39197	0.895306	0.7523	0.416489	2.03264	0.534396	1.52379	0.740056	0.805889	0.846872	1.34513
0.416507	2.46996	0.285454	2.1734	0.416341	2.46955	0.540186	1.61029	0.669442	1.39893	0.896009	0.756987	0.418382	2.03007	0.53582	1.53289	0.74081	0.812085	0.848127	1.34874
0.418811	2.47515	0.287479	2.17306	0.418644	2.47479	0.541687	1.61137	0.670748	1.40589	0.896717	0.761711	0.420272	2.02754	0.537253	1.54195	0.741569	0.818296	0.849385	1.3523
0.421119	2.48009	0.289503	2.17271	0.420953	2.47979	0.543189	1.61246	0.672061	1.41285	0.897429	0.76638	0.42216	2.02496	0.538693	1.55094	0.742335	0.824514	0.850647	1.3558
0.423432	2.48483	0.291527	2.17235	0.423265	2.48448	0.544692	1.61359	0.673381	1.4197	0.898145	0.771059	0.424045	2.02239	0.540143	1.55994	0.743106	0.830699	0.851912	1.35935
0.425749	2.48925	0.293551	2.17195	0.425582	2.48892	0.546196	1.61467	0.674707	1.42649	0.898865	0.775778	0.425928	2.01982	0.5416	1.56891	0.743883	0.836868	0.85318	1.36281
0.428071	2.49344	0.295574	2.17156	0.427903	2.49315	0.547701	1.61576	0.676039	1.43329	0.89959	0.780482	0.427809	2.01725	0.543066	1.57783	0.744665	0.842992	0.854451	1.36622
0.430396	2.49744	0.297597	2.17119	0.430228	2.49717	0.549207	1.61689	0.677378	1.44003	0.90032	0.785177	0.429687	2.01469	0.54454	1.58672	0.745453	0.849167	0.855725	1.36965
0.432724	2.50123	0.29962	2.17078	0.432556	2.50094	0.550714	1.61801	0.678722	1.44669	0.901053	0.789832	0.431563	2.01209	0.546023	1.59556	0.746247	0.855294	0.857003	1.37305
0.435057	2.50478	0.301642	2.17036	0.434888	2.50451	0.552222	1.61911	0.680073	1.45335	0.901791	0.79454	0.433437	2.00954	0.547513	1.60437	0.747047	0.86136	0.858284	1.37639
0.437392	2.50813	0.303664	2.16993	0.437223	2.5079	0.553731	1.62021	0.68143	1.45995	0.902534	0.799238	0.435308	2.00699	0.549012	1.6131	0.747852	0.867469	0.859568	1.37971
0.43973	2.51134	0.305686	2.16949	0.439561	2.51114	0.555241	1.62135	0.682794	1.4665	0.903281	0.80393	0.437176	2.00439	0.550519	1.62178	0.748664	0.873564	0.860855	1.38299
0.442071	2.51434	0.307707	2.16905	0.441902	2.51415	0.556752	1.62247	0.684163	1.47304	0.904032	0.808657	0.439043	2.00185	0.552034	1.63045	0.74948	0.879614	0.862145	1.38623
0.444415	2.51719	0.309728	2.16858	0.444246	2.51697	0.558264	1.62361	0.685539	1.47945	0.904788	0.813327	0.440907	1.99933	0.553557	1.63903	0.750303	0.885642	0.863438	1.38947
0.446762	2.5199	0.311748	2.16812	0.446592	2.5197	0.559777	1.62477	0.68692	1.48585	0.905548	0.818043	0.442768	1.99679	0.555088	1.6476	0.751131	0.891695	0.864734	1.39266
0.449111	2.52242	0.313768	2.16764	0.448941	2.52224	0.561292	1.6259	0.688307	1.49223	0.906312	0.822745	0.444628	1.99428	0.556628	1.65614	0.751964	0.897761	0.866033	1.39587
0.451462	2.52479	0.315787	2.16714	0.451292	2.52461	0.562807	1.62709	0.689701	1.49854	0.907081	0.827402	0.446484	1.99178	0.558175	1.66458	0.752803	0.903761	0.867335	1.39901
0.453816	2.52703	0.317806	2.16667	0.453646	2.52689	0.564323	1.62827	0.6911	1.50484	0.907854	0.832112	0.448339	1.98928	0.559729	1.67298	0.753648	0.909727	0.86864	1.40208
0.456171	2.52918	0.319824	2.16618	0.456001	2.52902	0.565841	1.62948	0.692505	1.51103	0.908631	0.836847	0.450191	1.98679	0.561292	1.68131	0.754499	0.915713	0.869948	1.40516
0.458528	2.53113	0.321842	2.16564	0.458358	2.531	0.56736	1.63071	0.693915	1.51716	0.909413	0.841558	0.452041	1.98437	0.562862	1.68958	0.755355	0.921709	0.871258	1.4082
0.460887	2.53298	0.32386	2.16511	0.460717	2.53287	0.56888	1.63191	0.695332	1.52331	0.910199	0.846221	0.453889	1.98195	0.56444	1.69782	0.756216	0.927673	0.872572	1.41125
0.463248	2.53475	0.325877	2.16463	0.463078	2.53461	0.570401	1.63313	0.696754	1.52938	0.91099	0.850896	0.455734	1.97949	0.566026	1.706	0.757083	0.933621	0.873888	1.41425
0.465611	2.53637	0.327893	2.16406	0.46544	2.53625	0.571923	1.6344	0.698182	1.53539	0.911785	0.855614	0.457577	1.9771	0.567619	1.71412	0.757956	0.939562	0.875207	1.41717
0.467975	2.53787	0.329909	2.16352	0.467804	2.5378	0.573446	1.6357	0.699615	1.54132	0.912584	0.860353	0.459418	1.97472	0.56922	1.72214	0.758834	0.945462	0.876529	1.42014
0.47034	2.53929	0.331925	2.16299	0.470169	2.5392	0.574971	1.637	0.701054	1.54725	0.913388	0.86503	0.461257	1.9724	0.570828	1.7301	0.759718	0.951378	0.877853	1.42301
0.472706	2.54061	0.33394	2.1624	0.472535	2.54048	0.576497	1.63832	0.702498	1.55315	0.914196	0.869712	0.463094	1.97007	0.572444	1.73807	0.760607	0.957266	0.87918	1.42587
0.475074	2.54183	0.335954	2.16185	0.474903	2.54175	0.578024	1.63963	0.703948	1.55895	0.915009	0.874434	0.464928	1.96777	0.574067	1.7459	0.761501	0.96314	0.88051	1.42874
0.477443	2.54295	0.337968	2.16128	0.477272	2.54286	0.579552	1.64098	0.705403	1.56467	0.915826	0.879138	0.46676	1.96552	0.575697	1.75367	0.762401	0.969043	0.881843	1.43156
0.479812	2.54395	0.339981	2.1607	0.479641	2.54389	0.581081	1.64239	0.706863	1.57039	0.916647	0.883871	0.468591	1.9633	0.577335	1.76139	0.763307	0.974887	0.883178	1.43436
0.482183	2.54488	0.341994	2.16012	0.482012	2.54484	0.582612	1.64383	0.708329	1.57607	0.917473	0.888581	0.470419	1.96109	0.578979	1.76906	0.764218	0.980739	0.884516	1.43708
0.484555	2.54576	0.344007	2.1595	0.484383	2.54565	0.584145	1.64528	0.7098	1.58165	0.918303	0.893243	0.472245	1.95892	0.580631	1.77663	0.765135	0.986558	0.885856	1.43983
0.486927	2.54649	0.346018	2.15889	0.486755	2.54645	0.585678	1.64674	0.711276	1.58719	0.919137	0.897954	0.474069	1.95677	0.58229	1.78412	0.766056	0.992398	0.887198	1.44253
0.4893	2.54714	0.348029	2.1583	0.489128	2.54715	0.587213	1.6482	0.712758	1.59267	0.919976	0.902654	0.475891	1.95468	0.583956	1.79156	0.766984	0.99821	0.888544	1.44519
0.491673	2.54777	0.35004	2.15771	0.491502	2.54772	0.588749	1.64974	0.714244	1.59812	0.920819	0.907347	0.477711	1.9526	0.585628	1.7989	0.767916	1.00401	0.889891	1.44784
0.494047	2.5483	0.35205	2.15708	0.493876	2.54822	0.590287	1.65131	0.715736	1.60352	0.921667	0.912074	0.47953	1.95054	0.587308	1.80617	0.768855	1.0098	0.891242	1.45041
0.496422	2.54871	0.35406	2.15644	0.49625	2.54866	0.591826	1.6529	0.717232	1.60889	0.922519	0.916782	0.481346	1.94859	0.588994	1.81339	0.769798	1.01556	0.892594	1.45302
0.498796	2.54906	0.356068	2.15579	0.498625	2.54906	0.593367	1.65454	0.718734	1.61418	0.923375	0.921516	0.483161	1.94663	0.590687	1.82055	0.770747	1.02136	0.893949	1.4556
0.501171	2.54935	0.358077	2.15517	0.501	2.54937	0.594909	1.65617	0.72024	1.61935	0.924236	0.926227	0.484973	1.9447	0.592386	1.82757	0.771701	1.02712	0.895306	1.4581
0.503547	2.54956	0.360084	2.15453	0.503375	2.54956	0.596453	1.65786	0.721751	1.62454	0.925101	0.930889	0.486784	1.94285	0.594092	1.83453	0.772661	1.03286	0.896666	1.46059
0.505922	2.54974	0.362091	2.15385	0.505751	2.54969	0.597999	1.65958	0.723267	1.62969	0.92597	0.935601	0.488594	1.94098	0.595805	1.84145	0.773626	1.03858	0.898028	1.46309
0.508298	2.5498	0.364098	2.15321	0.508126	2.5498	0.599546	1.66132	0.724788	1.63476	0.926844	0.940337	0.490401	1.93916	0.597524	1.84827	0.774596	1.04434	0.899392	1.46554
0.510674	2.54975	0.366104	2.15257	0.510502	2.54977	0.601094	1.66315	0.726313	1.63978	0.927723	0.945049	0.492207	1.93745	0.599249	1.85498	0.775572	1.05007	0.900759	1.46794
0.513049	2.54969	0.368109	2.15191	0.512878	2.54969	0.602645	1.66501	0.727843	1.64475	0.928605	0.949748	0.494011	1.93575	0.60098	1.8616	0.776553	1.05576	0.902128	1.47031
0.515425	2.54959	0.370114	2.15122	0.515253	2.54957	0.604197	1.66689	0.729378	1.64965	0.929492	0.954442	0.495814	1.93406	0.602718	1.8682	0.777539	1.06142	0.903499	1.47267
0.5178	2.54935	0.372117	2.15051	0.517629	2.54937	0.605751	1.66879	0.730917	1.65448	0.930384	0.959169	0.497615	1.9324	0.604461	1.87469	0.778531	1.06711	0.904872	1.47502
0.520175	2.54905	0.374121	2.14986	0.520004	2.54908	0.607307	1.67076	0.732461	1.65928	0.93128	0.963913	0.499415	1.93085	0.606211	1.88108	0.779528	1.07285	0.906247	1.47733
0.52255	2.54872	0.376123	2.14917	0.522378	2.54876	0.608864	1.67281	0.734009	1.66405	0.93218	0.968592	0.501213	1.92933	0.607967	1.88743	0.78053	1.0785	0.907625	1.47959
0.524924	2.5483	0.378125	2.14845	0.524753	2.54834	0.610424	1.67486	0.735562	1.66875	0.933084	0.973312	0.50301	1.92785	0.609728	1.89364	0.781537	1.08414	0.909004	1.48181
0.527298	2.54783	0.380127	2.14777	0.527127	2.54784	0.611985	1.67695	0.737119	1.67337	0.933994	0.978052	0.504805	1.92637	0.611495	1.89979	0.78255	1.08982	0.910386	1.48406
0.529672	2.54727	0.382128	2.1471	0.529501	2.54733	0.613548	1.67909	0.73868	1.67795	0.934907	0.98273	0.5066	1.92497	0.613268	1.90583	0.783568	1.09545	0.91177	1.48628
0.532045	2.54665	0.384128	2.14639	0.531874	2.54671	0.615114	1.68129	0.740245	1.68247	0.935825	0.987449	0.508392	1.92365	0.615046	1.91181	0.784591	1.10108	0.913156	1.48842
0.534417	2.54598	0.386127	2.14564	0.534246	2.546	0.616681	1.68357	0.741815	1.68697	0.936747	0.992189	0.510184	1.92233	0.61683	1.91773	0.78562	1.10671	0.914543	1.49055
0.536789	2.54517	0.388126	2.14493	0.536618	2.54527	0.618251	1.68588	0.743389	1.69141	0.937674	0.996902	0.511975	1.92105	0.61862	1.92352	0.786654	1.11235	0.915933	1.49268
0.53916	2.54436	0.390124	2.14421	0.538989	2.54444	0.619823	1.6882	0.744967	1.69576	0.938605	1.00164	0.513764	1.91986	0.620415	1.92923	0.787693	1.11795	0.917325	1.49477
0.54153	2.54348	0.392121	2.14349	0.541359	2.54351	0.621397	1.69065	0.746549	1.70006	0.93954	1.00635	0.515552	1.91871	0.622215	1.9349	0.788737	1.12354	0.918718	1.4968
0.543899	2.54249	0.394118	2.14276	0.543729	2.54256	0.622973	1.69315	0.748135	1.70433	0.94048	1.01105	0.517339	1.91759	0.62402	1.94045	0.789786	1.12915	0.920114	1.49884
0.546268	2.54148	0.396114	2.14203	0.546097	2.54154	0.624552	1.69565	0.749725	1.70855	0.941424	1.01578	0.519125	1.91652	0.625831	1.94586	0.790841	1.13477	0.921511	1.50085
0.548635	2.54036	0.39811	2.1413	0.548464	2.54045	0.626133	1.69825	0.751318	1.71268	0.942373	1.02049	0.52091	1.91547	0.627646	1.95124	0.791901	1.14033	0.92291	1.50284
0.551002	2.53914	0.400104	2.14056	0.550831	2.53928	0.627716	1.70091	0.752916	1.71679	0.943326	1.02523	0.522694	1.9145	0.629467	1.95653	0.792966	1.1459	0.924312	1.50479
0.553367	2.5379	0.402098	2.13983	0.553196	2.538	0.629302	1.70363	0.754517	1.72086	0.944283	1.02994	0.524478	1.91362	0.631292	1.9617	0.794036	1.1515	0.925715	1.50672
0.555731	2.53659	0.404092	2.13906	0.55556	2.53666	0.630891	1.70642	0.756123	1.72484	0.945245	1.03467	0.52626	1.9127	0.633122	1.96681	0.795111	1.15705	0.927119	1.50864
0.558093	2.53516	0.406084	2.13831	0.557923	2.53526	0.632482	1.70928	0.757732	1.72881	0.946211	1.03942	0.528042	1.91188	0.634957	1.97186	0.796192	1.1626	0.928526	1.51051
0.560455	2.53368	0.408076	2.13757	0.560284	2.53379	0.634076	1.71221	0.759344	1.73269	0.947182	1.0441	0.529823	1.91113	0.636796	1.9768	0.797278	1.16816	0.929934	1.51236
0.562815	2.5321	0.410067	2.1368	0.562644	2.53225	0.635672	1.71521	0.76096	1.7365	0.948157	1.04886	0.531603	1.91036	0.63864	1.98161	0.798369	1.17373	0.931344	1.51417
0.565173	2.53047	0.412058	2.13604	0.565003	2.5306	0.637272	1.71829	0.76258	1.74031	0.949136	1.05358	0.533383	1.90968	0.640489	1.98636	0.799465	1.17926	0.932755	1.51598
0.56753	2.52873	0.414048	2.13527	0.56736	2.52886	0.638874	1.7214	0.764203	1.74405	0.95012	1.05829	0.535162	1.90905	0.642342	1.99105	0.800566	1.1848	0.934169	1.51777
0.569885	2.52691	0.416037	2.13451	0.569715	2.52704	0.64048	1.72464	0.76583	1.74771	0.951108	1.06306	0.53694	1.90847	0.644199	1.99562	0.801673	1.19032	0.935584	1.51951
0.572238	2.52505	0.418025	2.13377	0.572069	2.52517	0.642088	1.72795	0.76746	1.75134	0.952101	1.06779	0.538718	1.90793	0.64606	2.00011	0.802784	1.19583	0.937	1.52122
0.57459	2.52306	0.420013	2.13295	0.57442	2.52322	0.643699	1.73132	0.769093	1.75491	0.953098	1.07249	0.540495	1.9074	0.647926	2.00451	0.803901	1.2014	0.938418	1.52292
0.57694	2.52097	0.422	2.13218	0.57677	2.52114	0.645314	1.7348	0.77073	1.75845	0.954099	1.07723	0.542272	1.90696	0.649795	2.00883	0.805023	1.2069	0.939838	1.52464
0.579288	2.51882	0.423986	2.13143	0.579118	2.51897	0.646932	1.73834	0.77237	1.76195	0.955105	1.08198	0.544048	1.90655	0.651669	2.01308	0.80615	1.2124	0.941259	1.52628
0.581633	2.51657	0.425971	2.13065	0.581464	2.51674	0.648553	1.74197	0.774013	1.76538	0.956115	1.08673	0.545825	1.90616	0.653547	2.01722	0.807282	1.21796	0.942682	1.52786
0.583977	2.51424	0.427956	2.12986	0.583808	2.51442	0.650178	1.7457	0.775659	1.76874	0.95713	1.09145	0.5476	1.90586	0.655428	2.02131	0.808419	1.22346	0.944106	1.5295
0.586318	2.5118	0.42994	2.12906	0.58615	2.51195	0.651806	1.74953	0.777309	1.77203	0.958149	1.09616	0.549376	1.9056	0.657313	2.02529	0.809562	1.22895	0.945532	1.53108
0.588657	2.50925	0.431923	2.12829	0.588489	2.50943	0.653438	1.75347	0.778961	1.77529	0.959173	1.10092	0.551151	1.90536	0.659202	2.02915	0.810709	1.23448	0.946959	1.53261
0.590994	2.50663	0.433906	2.12751	0.590826	2.50681	0.655074	1.75745	0.780617	1.77853	0.960201	1.10565	0.552926	1.90516	0.661094	2.03295	0.811862	1.23995	0.948388	1.53414
0.593328	2.50385	0.435888	2.12671	0.59316	2.50407	0.656713	1.7616	0.782276	1.78173	0.961233	1.1104	0.554701	1.90503	0.66299	2.03664	0.81302	1.24544	0.949818	1.53568
0.59566	2.501	0.437869	2.12591	0.595492	2.50124	0.658356	1.76584	0.783937	1.78482	0.96227	1.11515	0.556476	1.90493	0.664889	2.04028	0.814183	1.25096	0.951249	1.53718
0.597989	2.49807	0.439849	2.12511	0.597821	2.49829	0.660003	1.77011	0.785601	1.78791	0.963311	1.11987	0.558251	1.90488	0.666792	2.04386	0.815351	1.25644	0.952682	1.53862
0.600315	2.49499	0.441829	2.12434	0.600147	2.4952	0.661655	1.77456	0.787269	1.79096	0.964356	1.12465	0.560026	1.90485	0.668698	2.04733	0.816524	1.26192	0.954116	1.54004
0.602638	2.49181	0.443808	2.12352	0.60247	2.49204	0.66331	1.77913	0.788939	1.79387	0.965406	1.12938	0.5618	1.90487	0.670607	2.05072	0.817702	1.26744	0.955552	1.54145
0.604958	2.48853	0.445786	2.1227	0.604791	2.48878	0.66497	1.78379	0.790611	1.79679	0.966461	1.13413	0.563575	1.90496	0.672519	2.05402	0.818886	1.27295	0.956989	1.54284
0.607275	2.4851	0.447763	2.12193	0.607108	2.48535	0.666634	1.78858	0.792287	1.79972	0.96752	1.13888	0.56535	1.90504	0.674434	2.05725	0.820074	1.27842	0.958427	1.54424
0.609589	2.48155	0.44974	2.12114	0.609422	2.48181	0.668303	1.79346	0.793965	1.80254	0.968583	1.1436	0.567125	1.90519	0.676353	2.06036	0.821268	1.2839	0.959866	1.5456
0.611899	2.47791	0.451715	2.12031	0.611732	2.47817	0.669976	1.79847	0.795646	1.8053	0.969651	1.14838	0.5689	1.90537	0.678274	2.06342	0.822467	1.28942	0.961307	1.5469
0.614206	2.47415	0.453691	2.11949	0.61404	2.47441	0.671654	1.80364	0.797329	1.80804	0.970723	1.15311	0.570676	1.90561	0.680197	2.06638	0.823671	1.29489	0.962749	1.54821
0.616509	2.47021	0.455665	2.11871	0.616343	2.47048	0.673337	1.8089	0.799015	1.81072	0.971799	1.15786	0.572451	1.90584	0.682124	2.06929	0.82488	1.30037	0.964192	1.54952
0.618809	2.46616	0.457639	2.11792	0.618643	2.46646	0.675025	1.81428	0.800703	1.81339	0.97288	1.16265	0.574227	1.90614	0.684053	2.07213	0.826094	1.30586	0.965636	1.55076
0.621105	2.46197	0.459611	2.11708	0.620939	2.46229	0.676717	1.81986	0.802394	1.81596	0.973966	1.16738	0.576003	1.90651	0.685985	2.07484	0.827313	1.31135	0.967082	1.55197
0.623396	2.45765	0.461583	2.11626	0.623231	2.45798	0.678416	1.82555	0.804087	1.8185	0.975056	1.1721	0.577779	1.90684	0.68792	2.07747	0.828537	1.31684	0.968528	1.5532
0.625684	2.45321	0.463555	2.11549	0.625519	2.45351	0.680119	1.83132	0.805782	1.82101	0.97615	1.17687	0.579556	1.90726	0.689856	2.08003	0.829767	1.32233	0.969976	1.55443
0.627968	2.44861	0.465525	2.11466	0.627803	2.44893	0.681828	1.83728	0.80748	1.82344	0.977249	1.18168	0.581333	1.90773	0.691796	2.08256	0.831001	1.32786	0.971425	1.5556
0.630247	2.44386	0.467495	2.11384	0.630083	2.44423	0.683543	1.84337	0.80918	1.82586	0.978352	1.18642	0.583111	1.90814	0.693737	2.08496	0.832241	1.33334	0.972874	1.55673
0.632522	2.43896	0.469464	2.11303	0.632358	2.43935	0.685263	1.84961	0.810882	1.82824	0.97946	1.19114	0.584889	1.90864	0.695681	2.08729	0.833486	1.33882	0.974325	1.55789
0.634792	2.43394	0.471433	2.11222	0.634628	2.43431	0.686989	1.85602	0.812587	1.83053	0.980571	1.19591	0.586668	1.90922	0.697626	2.08959	0.834736	1.34435	0.975777	1.55901
0.637057	2.42876	0.4734	2.11142	0.636894	2.42911	0.688722	1.86256	0.814293	1.83281	0.981688	1.20068	0.588447	1.90981	0.699574	2.09177	0.835991	1.34982	0.97723	1.56012
0.639317	2.42343	0.475367	2.11061	0.639154	2.42381	0.69046	1.86923	0.816002	1.83505	0.982809	1.20545	0.590226	1.91039	0.701524	2.09385	0.837251	1.35534	0.978685	1.56119
0.641573	2.41794	0.477333	2.1098	0.64141	2.41833	0.692205	1.87609	0.817713	1.83723	0.983934	1.21024	0.592006	1.91101	0.703476	2.09587	0.838516	1.36085	0.98014	1.56224
0.643823	2.41226	0.479298	2.10896	0.643661	2.41271	0.693956	1.8831	0.819425	1.83935	0.985064	1.21499	0.593787	1.91169	0.70543	2.09788	0.839787	1.36635	0.981596	1.56327
0.646068	2.4065	0.481263	2.10814	0.645906	2.40692	0.695714	1.89027	0.82114	1.84143	0.986198	1.21974	0.595569	1.91236	0.707385	2.09976	0.841063	1.37188	0.983053	1.56431
0.648307	2.40054	0.483227	2.10732	0.648146	2.40096	0.697478	1.89759	0.822857	1.84353	0.987337	1.2245	0.597351	1.9131	0.709342	2.10154	0.842343	1.37739	0.98451	1.56533
0.650541	2.39441	0.48519	2.10655	0.65038	2.39486	0.69925	1.90502	0.824575	1.84554	0.98848	1.22925	0.599134	1.91387	0.711301	2.10327	0.843629	1.38293	0.985969	1.56629
0.652769	2.38816	0.487152	2.10572	0.652608	2.38863	0.701028	1.91266	0.826296	1.84749	0.989627	1.23405	0.600917	1.91462	0.713262	2.10494	0.84492	1.38845	0.987429	1.56724
0.654991	2.38174	0.489114	2.10491	0.654831	2.38221	0.702814	1.92047	0.828018	1.84942	0.990779	1.23883	0.602701	1.91543	0.715223	2.10655	0.846216	1.39399	0.98889	1.56819
0.657207	2.37516	0.491074	2.1041	0.657047	2.37564	0.704607	1.9284	0.829742	1.85127	0.991936	1.2436	0.604486	1.91625	0.717187	2.10805	0.847518	1.39954	0.990351	1.56914
0.659417	2.36843	0.493034	2.10329	0.659258	2.36891	0.706407	1.9365	0.831468	1.85314	0.993097	1.24836	0.606272	1.91709	0.719152	2.10949	0.848824	1.40503	0.991814	1.57006
0.66162	2.36158	0.494994	2.10248	0.661462	2.36206	0.708215	1.94473	0.833195	1.85496	0.994262	1.25313	0.608058	1.91802	0.721118	2.11087	0.850136	1.41059	0.993277	1.57096
0.663817	2.35453	0.496952	2.10167	0.663659	2.35505	0.710031	1.95313	0.834924	1.85671	0.995432	1.25793	0.609846	1.91893	0.723085	2.11215	0.851453	1.41616	0.994741	1.57185
0.666008	2.34735	0.49891	2.10087	0.66585	2.34789	0.711854	1.96172	0.836655	1.85842	0.996606	1.26271	0.611634	1.91982	0.725053	2.11341	0.852775	1.42169	0.996206	1.57269
0.668191	2.34005	0.500867	2.10003	0.668034	2.34057	0.713686	1.97041	0.838387	1.86009	0.997785	1.26744	0.613423	1.92078	0.727023	2.11459	0.854102	1.42727	0.997671	1.57352
0.670368	2.3326	0.502823	2.09924	0.670211	2.33314	0.715526	1.97923	0.840121	1.86176	0.998968	1.27222	0.615213	1.92178	0.728994	2.11566	0.855434	1.43285	0.999138	1.57437
0.672538	2.32499	0.504778	2.09844	0.672382	2.32557	0.717374	1.98818	0.841856	1.86337	1.00016	1.27465	0.617004	1.92275	0.730965	2.1167	0.856772	1.43842	1.00061	1.57483
0.674701	2.31727	0.506733	2.0976	0.674545	2.31784	0.719231	1.9973	0.843593	1.8649			0.618796	1.92378	0.732938	2.11767	0.858115	1.44402		
0.676856	2.30949	0.508687	2.09682	0.676701	2.31002	0.721096	2.00655	0.845331	1.8664			0.620589	1.92485	0.734911	2.11851	0.859463	1.44961		
0.679004	2.30153	0.51064	2.09602	0.678849	2.30208	0.72297	2.0159	0.847071	1.86792			0.622383	1.9259	0.736886	2.11934	0.860816	1.45519		
0.681145	2.29345	0.512593	2.09519	0.68099	2.29404	0.724852	2.02537	0.848812	1.86938			0.624178	1.92697	0.738861	2.12012	0.862174	1.46076		
0.683278	2.28528	0.514545	2.0944	0.683124	2.28589	0.726744	2.03494	0.850554	1.87076			0.625974	1.92805	0.740836	2.12084	0.863538	1.46636		
0.685403	2.27701	0.516496	2.09364	0.68525	2.27763	0.728644	2.04463	0.852298	1.87215			0.627771	1.92918	0.742812	2.12145	0.864907	1.47202		
0.687521	2.26874	0.518446	2.09282	0.687368	2.26933	0.730554	2.05439	0.854043	1.87351			0.629568	1.93033	0.744789	2.12198	0.866281	1.47763		
0.68963	2.26032	0.520395	2.09201	0.689478	2.26093	0.732472	2.06424	0.855789	1.87477			0.631367	1.9315	0.746767	2.12247	0.86766	1.48326		
0.691732	2.25183	0.522344	2.09124	0.691581	2.25245	0.7344	2.07419	0.857536	1.87602			0.633168	1.93262	0.748744	2.12289	0.869045	1.48889		
0.693827	2.2433	0.524292	2.09041	0.693676	2.24392	0.736337	2.08414	0.859285	1.87731			0.634969	1.93381	0.750722	2.12329	0.870434	1.49453		
0.695913	2.23475	0.526239	2.08964	0.695762	2.23537	0.738284	2.09417	0.861034	1.87847			0.636771	1.93507	0.752701	2.12359	0.871829	1.5002		
0.697991	2.22615	0.528186	2.08884	0.697841	2.22674	0.74024	2.10424	0.862785	1.87963			0.638575	1.93628	0.754679	2.12382	0.87323	1.50586		
0.700061	2.21749	0.530132	2.08804	0.699912	2.21811	0.742205	2.11433	0.864537	1.88076			0.640379	1.93747	0.756658	2.12401	0.874635	1.51151		
0.702123	2.20888	0.532077	2.08728	0.701974	2.2095	0.74418	2.12446	0.86629	1.88184			0.642185	1.93873	0.758637	2.1241	0.876046	1.51719		
0.704177	2.20025	0.534021	2.08649	0.704029	2.20088	0.746164	2.13462	0.868043	1.88293			0.643992	1.94001	0.760616	2.12415	0.877463	1.52289		
0.706223	2.19162	0.535965	2.08573	0.706075	2.19225	0.748157	2.14475	0.869798	1.88391			0.6458	1.94128	0.762595	2.12417	0.878884	1.52859		
0.708261	2.18302	0.537908	2.08495	0.708114	2.18365	0.75016	2.15484	0.871554	1.88492			0.647609	1.94257	0.764574	2.12411	0.880311	1.5343		
0.710291	2.1745	0.53985	2.08416	0.710144	2.1751	0.752172	2.1649	0.873311	1.8859			0.64942	1.94388	0.766553	2.12397	0.881743	1.54001		
0.712313	2.166	0.541791	2.08339	0.712167	2.16657	0.754194	2.17494	0.875068	1.88679			0.651231	1.94515	0.768532	2.12379	0.883181	1.54569		
0.714327	2.1575	0.543732	2.08261	0.714182	2.15814	0.756225	2.18495	0.876826	1.88771			0.653044	1.94648	0.770511	2.12355	0.884623	1.55142		
0.716333	2.14911	0.545672	2.08181	0.716188	2.14975	0.758266	2.19486	0.878586	1.88857			0.654858	1.94785	0.772489	2.12321	0.886071	1.55718		
0.718331	2.14085	0.547611	2.08109	0.718187	2.14141	0.760315	2.20468	0.880346	1.88937			0.656674	1.94915	0.774467	2.12286	0.887525	1.56291		
0.720322	2.13262	0.54955	2.08032	0.720179	2.13322	0.762374	2.21446	0.882106	1.89021			0.65849	1.95053	0.776445	2.12247	0.888984	1.56867		
0.722305	2.12451	0.551488	2.07953	0.722162	2.12509	0.764442	2.22415	0.883868	1.891			0.660308	1.95189	0.778422	2.12198	0.890448	1.57441		
0.724281	2.11654	0.553425	2.07878	0.724138	2.11707	0.766518	2.23368	0.88563	1.89172			0.662127	1.95326	0.780399	2.12147	0.891918	1.58017		
0.726249	2.10864	0.555361	2.07803	0.726107	2.10922	0.768604	2.24314	0.887393	1.89241			0.663948	1.95464	0.782375	2.12089	0.893392	1.58598		
0.72821	2.10087	0.557297	2.07729	0.728069	2.10144	0.770698	2.25248	0.889156	1.89312			0.66577	1.95603	0.784351	2.12024	0.894873	1.59174		
0.730164	2.09326	0.559232	2.07655	0.730023	2.09379	0.772801	2.26165	0.89092	1.89381			0.667593	1.95745	0.786326	2.11954	0.896359	1.59752		
0.732111	2.08579	0.561166	2.07578	0.73197	2.08633	0.774912	2.27071	0.892685	1.8944			0.669417	1.95882	0.788301	2.11883	0.89785	1.60333		
0.73405	2.07843	0.5631	2.07503	0.733911	2.07898	0.777032	2.27963	0.89445	1.895			0.671243	1.96024	0.790274	2.11803	0.899346	1.60913		
0.735984	2.07127	0.565033	2.07433	0.735844	2.07179	0.77916	2.28838	0.896216	1.89559			0.67307	1.96165	0.792247	2.11716	0.900848	1.61497		
0.73791	2.06428	0.566965	2.07357	0.737771	2.06479	0.781296	2.29696	0.897983	1.89614			0.674898	1.96304	0.79422	2.11625	0.902355	1.62077		
0.73983	2.05742	0.568897	2.07283	0.739692	2.05792	0.78344	2.30543	0.899749	1.89667			0.676728	1.96451	0.796191	2.11531	0.903868	1.62657		
0.741744	2.05073	0.570828	2.07209	0.741606	2.05118	0.785592	2.31369	0.901517	1.89719			0.678559	1.96594	0.798161	2.11433	0.905386	1.6324		
0.743651	2.0442	0.572758	2.07135	0.743514	2.04467	0.787752	2.32174	0.903285	1.89764			0.680391	1.96739	0.800131	2.11326	0.90691	1.63824		
0.745553	2.03786	0.574687	2.07062	0.745416	2.03834	0.789919	2.32965	0.905053	1.89808			0.682225	1.96885	0.802099	2.11217	0.908439	1.64409		
0.747449	2.03169	0.576616	2.06992	0.747312	2.03213	0.792093	2.33741	0.906822	1.89855			0.68406	1.97027	0.804066	2.11104	0.909974	1.64995		
0.749339	2.02571	0.578545	2.06921	0.749203	2.02613	0.794274	2.34495	0.908591	1.89894			0.685896	1.97171	0.806033	2.10982	0.911514	1.65581		
0.751223	2.0199	0.580472	2.06849	0.751088	2.02032	0.796462	2.35231	0.91036	1.89932			0.687734	1.97317	0.807998	2.10858	0.913059	1.66167		
0.753103	2.01424	0.582399	2.06779	0.752967	2.01466	0.798657	2.35951	0.91213	1.89969			0.689573	1.97463	0.809962	2.10734	0.91461	1.66752		
0.754977	2.00882	0.584325	2.06708	0.754842	2.0092	0.800859	2.36651	0.9139	1.90002			0.691413	1.97609	0.811925	2.10599	0.916166	1.67338		
0.756846	2.00354	0.586251	2.06636	0.756711	2.0039	0.803067	2.37335	0.91567	1.90033			0.693255	1.97759	0.813886	2.10458	0.917728	1.67928		
0.75871	1.99841	0.588176	2.06567	0.758576	1.99876	0.805281	2.37998	0.917441	1.90063			0.695098	1.97904	0.815846	2.10318	0.919295	1.68516		
0.76057	1.99347	0.5901	2.065	0.760436	1.99385	0.807502	2.38645	0.919212	1.90093			0.696943	1.98049	0.817805	2.10175	0.920868	1.69099		
0.762425	1.98873	0.592023	2.06429	0.762291	1.98909	0.809728	2.39269	0.920983	1.90115			0.698789	1.98199	0.819763	2.10026	0.922446	1.69687		
0.764275	1.98416	0.593946	2.06357	0.764142	1.98447	0.81196	2.39878	0.922755	1.90141			0.700636	1.98347	0.821719	2.09872	0.92403	1.70278		
0.766122	1.97975	0.595869	2.06288	0.765989	1.98004	0.814198	2.40471	0.924526	1.90165			0.702485	1.98491	0.823673	2.0971	0.925619	1.70866		
0.767965	1.97549	0.59779	2.06225	0.767832	1.97577	0.816441	2.41046	0.926298	1.90184			0.704335	1.98639	0.825626	2.09552	0.927214	1.71453		
0.769803	1.97143	0.599711	2.06156	0.769671	1.9717	0.81869	2.41601	0.92807	1.90201			0.706186	1.98791	0.827578	2.09389	0.928814	1.7204		
0.771638	1.96749	0.601632	2.06085	0.771506	1.96779	0.820943	2.42139	0.929842	1.90217			0.708039	1.98936	0.829528	2.09216	0.93042	1.72626		
0.773469	1.96372	0.603552	2.06021	0.773337	1.96401	0.823202	2.42664	0.931615	1.90236			0.709893	1.99082	0.831477	2.09042	0.932031	1.73216		
0.775297	1.96012	0.605471	2.05955	0.775165	1.96036	0.825465	2.43168	0.933387	1.90249			0.711749	1.99232	0.833423	2.08867	0.933647	1.73807		
0.777122	1.95667	0.607389	2.0589	0.77699	1.95692	0.827733	2.43658	0.93516	1.90259			0.713606	1.9938	0.835369	2.08691	0.93527	1.74392		
0.778943	1.95337	0.609307	2.05824	0.778812	1.95359	0.830005	2.4413	0.936932	1.90272			0.715464	1.99523	0.837312	2.08508	0.936897	1.74978		
0.780762	1.95018	0.611225	2.05758	0.780631	1.95039	0.832282	2.44586	0.938705	1.90281			0.717324	1.99672	0.839254	2.08318	0.93853	1.75567		
0.782577	1.9472	0.613141	2.05692	0.782446	1.9474	0.834563	2.4503	0.940478	1.9029			0.719185	1.99823	0.841194	2.08131	0.940169	1.76155		
0.78439	1.94431	0.615058	2.05626	0.784259	1.94451	0.836848	2.45457	0.942251	1.90298			0.721047	1.99969	0.843132	2.07939	0.941813	1.76738		
0.7862	1.94155	0.616973	2.05564	0.78607	1.94175	0.839137	2.45872	0.944024	1.90306			0.722911	2.00114	0.845069	2.07744	0.943462	1.77323		
0.788008	1.93893	0.618888	2.05504	0.787878	1.93912	0.841429	2.4627	0.945797	1.9031			0.724776	2.00261	0.847003	2.07547	0.945117	1.77908		
0.789813	1.93644	0.620802	2.0544	0.789683	1.93664	0.843726	2.46652	0.94757	1.90311			0.726642	2.00407	0.848936	2.07343	0.946777	1.7849		
0.791616	1.93407	0.622716	2.05376	0.791486	1.93426	0.846026	2.47019	0.949343	1.90312			0.72851	2.00557	0.850867	2.07142	0.948443	1.79074		
0.793417	1.93181	0.624629	2.05311	0.793287	1.93197	0.848329	2.47378	0.951116	1.90317			0.73038	2.00702	0.852796	2.06939	0.950114	1.79655		
0.795216	1.9297	0.626542	2.05249	0.795086	1.92984	0.850635	2.47722	0.95289	1.90319			0.73225	2.00847	0.854723	2.06728	0.95179	1.80235		
0.797013	1.92769	0.628454	2.05192	0.796883	1.92786	0.852945	2.48052	0.954663	1.90316			0.734122	2.00993	0.856648	2.06519	0.953472	1.80818		
0.798808	1.92581	0.630365	2.05131	0.798679	1.92595	0.855257	2.48374	0.956436	1.90318			0.735996	2.01139	0.858571	2.06309	0.95516	1.81395		
0.800601	1.92399	0.632276	2.05067	0.800472	1.92412	0.857573	2.48678	0.958209	1.90319			0.73787	2.01286	0.860492	2.06094	0.956852	1.81969		
0.802393	1.92227	0.634187	2.05006	0.802264	1.9224	0.859891	2.48973	0.959982	1.90316			0.739746	2.01429	0.862412	2.0588	0.958551	1.82549		
0.804183	1.92068	0.636096	2.0495	0.804054	1.9208	0.862212	2.49256	0.961756	1.90311			0.741624	2.01573	0.864329	2.0566	0.960254	1.83121		
0.805972	1.91919	0.638006	2.04893	0.805843	1.91927	0.864536	2.49526	0.963529	1.90312			0.743502	2.01719	0.866244	2.0544	0.961963	1.83693		
0.80776	1.91779	0.639914	2.04831	0.807631	1.91785	0.866862	2.49789	0.965302	1.90309			0.745382	2.01861	0.868157	2.0522	0.963677	1.84264		
0.809546	1.91646	0.641822	2.04771	0.809417	1.91655	0.86919	2.50041	0.967075	1.90304			0.747264	2.02005	0.870068	2.04996	0.965396	1.84832		
0.811331	1.91525	0.64373	2.04715	0.811202	1.91532	0.871521	2.50281	0.968848	1.90301			0.749147	2.02147	0.871977	2.04775	0.967121	1.85402		
0.813115	1.91409	0.645637	2.04658	0.812986	1.91419	0.873854	2.50507	0.970621	1.903			0.751031	2.02288	0.873884	2.04551	0.968851	1.85965		
0.814897	1.913	0.647544	2.046	0.814769	1.91311	0.876189	2.50726	0.972394	1.90296			0.752916	2.02435	0.875788	2.04325	0.970586	1.86528		
0.816679	1.91202	0.64945	2.04546	0.816551	1.91209	0.878526	2.50938	0.974167	1.9029			0.754803	2.02574	0.877691	2.04098	0.972327	1.87088		
0.81846	1.91112	0.651355	2.04489	0.818332	1.91118	0.880865	2.51139	0.97594	1.90291			0.756691	2.02714	0.879592	2.03868	0.974073	1.87647		
0.82024	1.91031	0.65326	2.04431	0.820112	1.91033	0.883206	2.51332	0.977713	1.90287			0.75858	2.02857	0.88149	2.03643	0.975823	1.88204		
0.82202	1.90954	0.655164	2.04377	0.821891	1.90957	0.885548	2.51516	0.979486	1.90282			0.760471	2.02998	0.883386	2.03413	0.97758	1.88758		
0.823799	1.90882	0.657068	2.04324	0.82367	1.9089	0.887892	2.51688	0.981258	1.90279			0.762363	2.03138	0.88528	2.03181	0.979341	1.89309		
0.825577	1.90817	0.658972	2.04268	0.825448	1.90823	0.890238	2.51851	0.983031	1.90278			0.764256	2.03277	0.887172	2.02955	0.981107	1.89856		
0.827354	1.90759	0.660875	2.04215	0.827226	1.90764	0.892585	2.5201	0.984804	1.90277			0.766151	2.03417	0.889062	2.02725	0.982879	1.904		
0.829131	1.90711	0.662777	2.04163	0.829003	1.90713	0.894934	2.52159	0.986577	1.90277			0.768046	2.03552	0.89095	2.02493	0.984655	1.90943		
0.830908	1.90669	0.664679	2.04111	0.83078	1.90669	0.897284	2.52299	0.98835	1.90277			0.769944	2.0369	0.892835	2.02263	0.986437	1.91486		
0.832684	1.90626	0.666581	2.04056	0.832556	1.90632	0.899635	2.52435	0.990122	1.9028			0.771842	2.03828	0.894719	2.02035	0.988223	1.92021		
0.83446	1.90594	0.668481	2.04002	0.834332	1.90595	0.901988	2.52558	0.991895	1.90282			0.773742	2.03967	0.8966	2.01804	0.990015	1.92552		
0.836236	1.90567	0.670382	2.03957	0.836108	1.90566	0.904342	2.52674	0.993668	1.90279			0.775643	2.04102	0.898479	2.01574	0.991811	1.93085		
0.838011	1.90542	0.672282	2.03906	0.837883	1.90544	0.906696	2.52788	0.995441	1.90285			0.777545	2.04236	0.900356	2.01346	0.993613	1.93611		
0.839786	1.90522	0.674181	2.0385	0.839658	1.90526	0.909052	2.52892	0.997214	1.90292			0.779448	2.04372	0.902231	2.01119	0.995419	1.94131		
0.841561	1.90509	0.67608	2.03801	0.841433	1.90513	0.911409	2.52984	0.998987	1.90295			0.781353	2.04506	0.904104	2.00891	0.99723	1.94651		
0.843336	1.90506	0.677979	2.03754	0.843208	1.90503	0.913766	2.53074	1.00076	1.90299			0.783259	2.04643	0.905974	2.00664	0.999046	1.9517		
0.845111	1.90501	0.679877	2.03705	0.844983	1.90498	0.916124	2.5316					0.785166	2.04773	0.907843	2.00437	1.00087	1.95429		
0.846886	1.90494	0.681775	2.03655	0.846758	1.90499	0.918483	2.53232					0.787075	2.04904	0.909709	2.0021				
0.848661	1.90502	0.683672	2.03608	0.848533	1.90503	0.920843	2.53301					0.788985	2.0504	0.911574	1.99987				
0.850436	1.90514	0.685569	2.03559	0.850308	1.90509	0.923203	2.53361					0.790896	2.05169	0.913436	1.99765				
0.852211	1.90519	0.687465	2.03512	0.852083	1.90519	0.925564	2.53416					0.792808	2.053	0.915296	1.99544				
0.853986	1.90537	0.689361	2.03467	0.853858	1.90535	0.927926	2.5347					0.794721	2.05428	0.917154	1.99321				
0.855761	1.9056	0.691257	2.03419	0.855633	1.90558	0.930287	2.53511					0.796636	2.05558	0.91901	1.99102				
0.857537	1.90579	0.693152	2.03373	0.857409	1.9058	0.932649	2.53547					0.798551	2.05689	0.920864	1.98887				
0.859312	1.90603	0.695046	2.03328	0.859184	1.90602	0.935012	2.53575					0.800468	2.05816	0.922716	1.9867				
0.861088	1.90634	0.69694	2.03283	0.86096	1.90632	0.937375	2.53601					0.802387	2.05946	0.924566	1.98455				
0.862865	1.90667	0.698834	2.03239	0.862737	1.90665	0.939737	2.53621					0.804306	2.06073	0.926414	1.98241				
0.864641	1.90702	0.700728	2.03195	0.864513	1.907	0.942101	2.53631					0.806227	2.06195	0.92826	1.98032				
0.866418	1.90742	0.70262	2.03151	0.86629	1.90739	0.944464	2.53636					0.808148	2.06322	0.930104	1.97824				
0.868196	1.90783	0.704513	2.03111	0.868067	1.90777	0.946827	2.53634					0.810071	2.06448	0.931946	1.97618				
0.869973	1.90823	0.706405	2.03065	0.869845	1.90818	0.94919	2.53626					0.811995	2.06569	0.933787	1.97413				
0.871751	1.90868	0.708297	2.0302	0.871623	1.90868	0.951553	2.53615					0.81392	2.06696	0.935625	1.97211				
0.87353	1.9092	0.710188	2.02983	0.873402	1.90915	0.953916	2.53599					0.815847	2.06818	0.937462	1.97008				
0.875309	1.90971	0.712079	2.02942	0.875181	1.90964	0.956278	2.53568					0.817774	2.06938	0.939296	1.96811				
0.877088	1.91023	0.71397	2.029	0.87696	1.91021	0.958641	2.53538					0.819703	2.0706	0.941129	1.96617				
0.878868	1.91078	0.71586	2.02857	0.87874	1.91076	0.961003	2.53505					0.821632	2.07183	0.94296	1.96421				
0.880649	1.91134	0.71775	2.02817	0.88052	1.91128	0.963364	2.53459					0.823563	2.07303	0.944789	1.96232				
0.88243	1.91192	0.719639	2.02779	0.882301	1.91188	0.965726	2.53411					0.825495	2.07418	0.946616	1.96042				
0.884212	1.91254	0.721528	2.02738	0.884083	1.9125	0.968086	2.53357					0.827428	2.07538	0.948442	1.95859				
0.885994	1.91318	0.723417	2.02699	0.885865	1.91315	0.970447	2.53294					0.829363	2.07656	0.950266	1.95676				
0.887777	1.91386	0.725306	2.02665	0.887648	1.9138	0.972806	2.53225					0.831298	2.07774	0.952088	1.95493				
0.88956	1.91454	0.727194	2.02626	0.889431	1.91445	0.975165	2.53151					0.833234	2.07892	0.953909	1.95314				
0.891344	1.91517	0.729081	2.02584	0.891215	1.91515	0.977523	2.5307					0.835172	2.08005	0.955728	1.9514				
0.893129	1.91588	0.730969	2.02549	0.893	1.91586	0.979881	2.52985					0.83711	2.08121	0.957545	1.94969				
0.894914	1.91661	0.732855	2.02517	0.894785	1.91655	0.982238	2.52892					0.83905	2.08237	0.959361	1.94799				
0.8967	1.91734	0.734742	2.02478	0.896571	1.91729	0.984593	2.5279					0.84099	2.0835	0.961175	1.94633				
0.898487	1.9181	0.736628	2.02441	0.898358	1.91803	0.986948	2.52681					0.842932	2.08462	0.962987	1.94466				
0.900274	1.91885	0.738514	2.02404	0.900145	1.91877	0.989302	2.52567					0.844875	2.08572	0.964799	1.94306				
0.902063	1.91959	0.7404	2.02371	0.901933	1.91957	0.991654	2.52452					0.846819	2.08686	0.966608	1.94149				
0.903851	1.9204	0.742285	2.02336	0.903722	1.92034	0.994006	2.52321					0.848764	2.08798	0.968416	1.93993				
0.905641	1.92121	0.74417	2.023	0.905512	1.92113	0.996356	2.52186					0.850709	2.08905	0.970223	1.93839				
0.907431	1.92198	0.746055	2.02271	0.907302	1.92197	0.998705	2.52049					0.852656	2.09014	0.972028	1.93692				
0.909222	1.92284	0.747939	2.02235	0.909093	1.92278	1.00105	2.51977					0.854604	2.09123	0.973832	1.93545				
0.911014	1.92368	0.749823	2.02202	0.910885	1.9236							0.856553	2.09233	0.975635	1.93399				
0.912807	1.9245	0.751707	2.02171	0.912678	1.92444							0.858503	2.09339	0.977436	1.93263				
0.9146	1.92535	0.753591	2.02137	0.914471	1.92531							0.860454	2.09447	0.979236	1.93126				
0.916395	1.92621	0.755474	2.02102	0.916265	1.92614							0.862406	2.09552	0.981035	1.92987				
0.91819	1.92712	0.757357	2.02073	0.91806	1.92703							0.864359	2.09656	0.982832	1.92856				
0.919986	1.92797	0.759239	2.02044	0.919856	1.92792							0.866312	2.09763	0.984628	1.92728				
0.921782	1.92884	0.761122	2.02012	0.921653	1.92876							0.868267	2.09864	0.986423	1.92602				
0.92358	1.92975	0.763004	2.01981	0.92345	1.9297							0.870223	2.09966	0.988217	1.9248				
0.925378	1.93065	0.764885	2.0195	0.925248	1.93061							0.87218	2.10071	0.99001	1.92361				
0.927177	1.93157	0.766767	2.01924	0.927047	1.9315							0.874137	2.10172	0.991802	1.92246				
0.928977	1.93247	0.768648	2.01893	0.928847	1.93242							0.876096	2.1027	0.993592	1.92134				
0.930778	1.9334	0.770529	2.01866	0.930648	1.93332							0.878056	2.1037	0.995382	1.92023				
0.93258	1.93434	0.772409	2.01838	0.93245	1.93425							0.880016	2.10471	0.99717	1.91912				
0.934383	1.93528	0.77429	2.01806	0.934253	1.93523							0.881978	2.10573	0.998958	1.91809				
0.936186	1.93623	0.77617	2.01779	0.936056	1.93615							0.88394	2.10668	1.00074	1.91763				
0.937991	1.93715	0.77805	2.01754	0.93786	1.93709							0.885903	2.10763						
0.939796	1.93812	0.779929	2.01727	0.939666	1.93808							0.887867	2.10862						
0.941602	1.93911	0.781809	2.01699	0.941472	1.93901							0.889832	2.10959						
0.943409	1.94005	0.783688	2.01674	0.943279	1.93995							0.891798	2.11055						
0.945217	1.941	0.785567	2.01647	0.945087	1.94093							0.893765	2.11147						
0.947026	1.94198	0.787445	2.01623	0.946895	1.94194							0.895733	2.11241						
0.948836	1.94295	0.789324	2.01596	0.948705	1.94291							0.897701	2.11335						
0.950647	1.94395	0.791202	2.01571	0.950516	1.94384							0.899671	2.11426						
0.952458	1.94492	0.79308	2.01548	0.952327	1.94486							0.901641	2.1152						
0.954271	1.94592	0.794957	2.01522	0.95414	1.94588							0.903612	2.1161						
0.956084	1.9469	0.796835	2.01501	0.955953	1.94682							0.905584	2.11699						
0.957899	1.9479	0.798712	2.01476	0.957768	1.94781							0.907557	2.11792						
0.959714	1.94891	0.800589	2.01453	0.959583	1.94882							0.909531	2.11878						
0.96153	1.94986	0.802466	2.0143	0.961399	1.9498							0.911505	2.11969						
0.963347	1.95088	0.804343	2.01404	0.963216	1.9508							0.91348	2.12058						
0.965165	1.9519	0.806219	2.01384	0.965034	1.95185							0.915457	2.12143						
0.966984	1.95289	0.808095	2.01363	0.966853	1.95282							0.917433	2.12229						
0.968804	1.9539	0.809971	2.01341	0.968673	1.95381							0.919411	2.12313						
0.970625	1.95492	0.811847	2.0132	0.970494	1.95486							0.92139	2.12402						
0.972447	1.95594	0.813722	2.01298	0.972316	1.95586							0.923369	2.12487						
0.97427	1.95696	0.815598	2.01279	0.974138	1.95687							0.925349	2.12566						
0.976094	1.95795	0.817473	2.01256	0.975962	1.95789							0.92733	2.12654						
0.977918	1.95895	0.819348	2.01236	0.977787	1.95887							0.929312	2.12737						
0.979744	1.95997	0.821223	2.01219	0.979612	1.95992							0.931294	2.12816						
0.981571	1.96099	0.823098	2.01196	0.981439	1.96095							0.933277	2.12899						
0.983398	1.96201	0.824972	2.01177	0.983266	1.96191							0.935261	2.12981						
0.985227	1.96304	0.826846	2.01157	0.985095	1.96293							0.937246	2.13059						
0.987056	1.96406	0.82872	2.01139	0.986924	1.964							0.939231	2.13138						
0.988886	1.96505	0.830594	2.01123	0.988754	1.965							0.941218	2.13218						
0.990718	1.96609	0.832468	2.01104	0.990585	1.96602							0.943204	2.13298						
0.99255	1.96713	0.834342	2.01084	0.992418	1.96704							0.945192	2.13374						
0.994383	1.96812	0.836215	2.01066	0.994251	1.96803							0.94718	2.13449						
0.996217	1.96913	0.838088	2.0105	0.996085	1.96907							0.94917	2.13531						
0.998052	1.97015	0.839961	2.01035	0.99792	1.9701							0.951159	2.13605						
0.999888	1.97121	0.841834	2.01016	0.999756	1.9711							0.95315	2.13678						
1.00173	1.97175	0.843707	2.00999	1.00159	1.9716							0.955141	2.13755						
		0.84558	2.00984									0.957133	2.13826						
		0.847452	2.00965									0.959125	2.13902						
		0.849325	2.00952									0.961119	2.13977						
		0.851197	2.00934									0.963113	2.14047						
		0.853069	2.00918									0.965107	2.14119						
		0.854941	2.00907									0.967103	2.14192						
		0.856812	2.0089									0.969099	2.14261						
		0.858684	2.00874									0.971095	2.14328						
		0.860555	2.00862									0.973092	2.14402						
		0.862427	2.00846									0.97509	2.14472						
		0.864298	2.0083									0.977089	2.14537						
		0.866169	2.00819									0.979088	2.14606						
		0.86804	2.00805									0.981088	2.14677						
		0.869911	2.00792									0.983088	2.14741						
		0.871782	2.00777									0.985089	2.14807						
		0.873652	2.00763									0.987091	2.14872						
		0.875523	2.00752									0.989093	2.14938						
		0.877393	2.00739									0.991096	2.15004						
		0.879263	2.00726									0.993099	2.15066						
		0.881133	2.00715									0.995104	2.1513						
		0.883003	2.00702									0.997108	2.15195						
		0.884873	2.00692									0.999113	2.15261						
		0.886743	2.0068									1.00112	2.15292						
		0.888613	2.00667																
		0.890482	2.00656																
		0.892352	2.00647																
		0.894221	2.00636																
		0.89609	2.00622																
		0.897959	2.00616																
		0.899828	2.00605																
		0.901697	2.00593																
		0.903566	2.00583																
		0.905435	2.00574																
		0.907304	2.00566																
		0.909172	2.00555																
		0.911041	2.00545																
		0.912909	2.00537																
		0.914778	2.00526																
		0.916646	2.00516																
		0.918514	2.00511																
		0.920382	2.00502																
		0.92225	2.00493																
		0.924118	2.00485																
		0.925986	2.00474																
		0.927854	2.00468																
		0.929721	2.00462																
		0.931589	2.00451																
		0.933457	2.00446																
		0.935324	2.0044																
		0.937192	2.00429																
		0.939059	2.00424																
		0.940926	2.00418																
		0.942794	2.00411																
		0.944661	2.00404																
		0.946528	2.00397																
		0.948395	2.00389																
		0.950262	2.00382																
		0.952129	2.00375																
		0.953996	2.00371																
		0.955863	2.00366																
		0.957729	2.00359																
		0.959596	2.00356																
		0.961463	2.00347																
		0.963329	2.00339																
		0.965196	2.00335																
		0.967062	2.00333																
		0.968929	2.00328																
		0.970795	2.00322																
		0.972662	2.00316																
		0.974528	2.00309																
		0.976394	2.00305																
		0.97826	2.003																
		0.980126	2.00297																
		0.981993	2.00292																
		0.983859	2.00286																
		0.985725	2.00283																
		0.987591	2.00278																
		0.989457	2.00275																
		0.991323	2.0027																
		0.993189	2.00268																
		0.995054	2.00263																
		0.99692	2.00256																
		0.998786	2.00253																
		1.00065	2.0025																
