Sym0		Asym0		Sym1		Sym2		Sym3		Sym4		Asym1		Asym2		Asym3		Asym4	
457  Points		542  Points		457  Points		407  Points		370  Points		280  Points		481  Points		422  Points		371  Points		280  Points	
Freq (MHz)	Vgr (m/ms)	Freq (MHz)	Vgr (m/ms)	Freq (MHz)	Vgr (m/ms)	Freq (MHz)	Vgr (m/ms)	Freq (MHz)	Vgr (m/ms)	Freq (MHz)	Vgr (m/ms)	Freq (MHz)	Vgr (m/ms)	Freq (MHz)	Vgr (m/ms)	Freq (MHz)	Vgr (m/ms)	Freq (MHz)	Vgr (m/ms)
0.279506	-0.00733008	2.51391e-005	0.0971452	0.279507	-0.00693541	0.356477	0.0173234	0.559017	0.00735989	0.838526	0.00403679	0.139755	0.0439879	0.419264	0.0103531	0.69877	-0.0118319	0.712954	0.0179332
0.2795	-0.00996961	0.000115649	0.132328	0.2795	-0.00953368	0.356493	0.0322652	0.559024	0.0119095	0.83853	0.00627854	0.139796	0.0793886	0.419274	0.0149654	0.698759	-0.0179245	0.712971	0.0317209
0.279488	-0.0151782	0.000271718	0.202501	0.279489	-0.0146917	0.356537	0.0620758	0.55904	0.0209439	0.838538	0.0108065	0.139903	0.149995	0.419292	0.0241145	0.698737	-0.0299036	0.713014	0.0591678
0.279471	-0.0202487	0.000492987	0.272095	0.279473	-0.0198077	0.356609	0.0917409	0.559063	0.0299307	0.83855	0.0153948	0.140075	0.220163	0.419319	0.0332575	0.698703	-0.0415571	0.713081	0.0862295
0.27945	-0.0251896	0.000778737	0.34097	0.279452	-0.0247662	0.356708	0.121335	0.559095	0.0389688	0.838566	0.019957	0.140313	0.289746	0.419354	0.0424614	0.698659	-0.0527059	0.713174	0.112814
0.279424	-0.0300176	0.00112835	0.40892	0.279427	-0.0295561	0.356835	0.15086	0.559136	0.0479629	0.838587	0.0244671	0.140615	0.358528	0.419398	0.0516407	0.698605	-0.0632114	0.713292	0.13881
0.279394	-0.0346198	0.00154071	0.475752	0.279397	-0.0342288	0.356989	0.180173	0.559185	0.0569424	0.838612	0.0290195	0.140981	0.426291	0.41945	0.0607709	0.698541	-0.0730164	0.713433	0.164142
0.27936	-0.0389903	0.00201486	0.541375	0.279363	-0.038667	0.357171	0.209283	0.559242	0.0659658	0.838641	0.0335835	0.141409	0.49297	0.419511	0.0699492	0.698469	-0.0820063	0.713598	0.188732
0.279322	-0.0431904	0.00254951	0.605605	0.279325	-0.0428559	0.357379	0.238206	0.559308	0.0750038	0.838674	0.038097	0.1419	0.558359	0.419581	0.0791506	0.698389	-0.0901717	0.713785	0.212424
0.279279	-0.0471227	0.00314334	0.668367	0.279283	-0.0467658	0.357615	0.266902	0.559382	0.0839977	0.838712	0.0426564	0.14245	0.622339	0.419659	0.0883249	0.698301	-0.0974936	0.713993	0.235271
0.279234	-0.0507393	0.00379493	0.72951	0.279238	-0.0504109	0.357877	0.29529	0.559464	0.0929769	0.838754	0.0472342	0.143059	0.684822	0.419745	0.0975181	0.698207	-0.103934	0.714223	0.257234
0.279185	-0.0540174	0.0045027	0.788954	0.279189	-0.0537459	0.358165	0.323355	0.559555	0.102	0.8388	0.0517755	0.143726	0.745628	0.419841	0.106676	0.698107	-0.109418	0.714473	0.278309
0.279133	-0.0569847	0.00526506	0.846684	0.279138	-0.0567539	0.358479	0.351139	0.559654	0.111036	0.83885	0.056317	0.144449	0.804764	0.419944	0.115836	0.698003	-0.114087	0.714742	0.298487
0.279079	-0.0596235	0.0060804	0.9026	0.279084	-0.0594008	0.358819	0.378584	0.559762	0.120027	0.838905	0.060859	0.145226	0.862172	0.420056	0.125002	0.697895	-0.117932	0.715029	0.317823
0.279022	-0.061898	0.00694696	0.956643	0.279027	-0.0616916	0.359185	0.405714	0.559878	0.129001	0.838964	0.0654021	0.146055	0.917735	0.420177	0.134178	0.697783	-0.120935	0.715334	0.336352
0.278963	-0.0638105	0.007863	1.00885	0.278969	-0.0636365	0.359575	0.432435	0.560002	0.138013	0.839027	0.0699472	0.146936	0.971439	0.420306	0.143376	0.697669	-0.123204	0.715656	0.354075
0.278903	-0.0652916	0.00882683	1.0592	0.278908	-0.0651826	0.35999	0.458705	0.560135	0.147028	0.839094	0.0744963	0.147865	1.02326	0.420444	0.152541	0.697554	-0.12474	0.715994	0.371063
0.278842	-0.0663495	0.0098367	1.10768	0.278847	-0.0662971	0.36043	0.484658	0.560276	0.15605	0.839166	0.0790536	0.148842	1.0732	0.420591	0.161718	0.697437	-0.125542	0.716347	0.387315
0.278779	-0.0670005	0.0108909	1.15426	0.278785	-0.0669882	0.360894	0.510196	0.560426	0.165011	0.839241	0.0836272	0.149865	1.12131	0.420746	0.170915	0.69732	-0.125754	0.716715	0.4029
0.278717	-0.0672771	0.0119875	1.19901	0.278722	-0.0672717	0.361381	0.535271	0.560584	0.173997	0.839321	0.0881601	0.150932	1.16759	0.420909	0.180081	0.697203	-0.125372	0.717098	0.417884
0.278654	-0.0670978	0.0131251	1.24198	0.27866	-0.0671063	0.361891	0.559933	0.56075	0.183034	0.839406	0.0926849	0.151896	1.20638	0.421081	0.189258	0.697086	-0.124389	0.717494	0.432324
0.278592	-0.0664464	0.0143018	1.28312	0.278597	-0.0665557	0.362424	0.584135	0.560925	0.192025	0.839494	0.0972668	0.152742	1.23839	0.421262	0.198456	0.696971	-0.122934	0.717903	0.44619
0.27853	-0.0654365	0.015516	1.32253	0.278536	-0.0655277	0.362979	0.607929	0.561108	0.201	0.839587	0.101816	0.153458	1.26419	0.421451	0.207625	0.696857	-0.121051	0.718325	0.459565
0.27847	-0.0639293	0.0167662	1.36028	0.278475	-0.0640577	0.363557	0.631275	0.561299	0.210014	0.839684	0.106374	0.154035	1.28408	0.421649	0.216806	0.696745	-0.118676	0.71876	0.472473
0.278411	-0.0619404	0.0180508	1.39637	0.278416	-0.0621432	0.364156	0.654163	0.561499	0.219032	0.839785	0.110949	0.154465	1.29834	0.421855	0.226014	0.696636	-0.115904	0.719206	0.48496
0.278354	-0.059574	0.0193682	1.4309	0.278359	-0.059779	0.364776	0.676574	0.561708	0.227987	0.839891	0.115484	0.154742	1.30734	0.42207	0.235202	0.696529	-0.112776	0.719663	0.497115
0.2783	-0.0567453	0.0207171	1.46385	0.278305	-0.057028	0.365417	0.698545	0.561924	0.236962	0.84	0.120012	0.155144	1.32024	0.422293	0.244349	0.696426	-0.109304	0.720132	0.508829
0.278249	-0.053505	0.0220959	1.49533	0.278253	-0.0537967	0.366078	0.720074	0.562149	0.245976	0.840114	0.124602	0.155586	1.33403	0.422525	0.25356	0.696326	-0.105583	0.720612	0.520244
0.2782	-0.0498076	0.0235035	1.5254	0.278205	-0.0501172	0.366758	0.741161	0.562382	0.254995	0.840232	0.129168	0.156194	1.35235	0.422766	0.262753	0.696229	-0.101509	0.721102	0.531357
0.278156	-0.0456354	0.0249383	1.55412	0.27816	-0.0460541	0.367459	0.761801	0.562624	0.263951	0.840355	0.133685	0.156974	1.375	0.423015	0.271912	0.696136	-0.09717	0.721602	0.542155
0.278115	-0.0410996	0.0263994	1.58153	0.278119	-0.0415167	0.368178	0.781987	0.562874	0.272927	0.840482	0.138252	0.157935	1.40153	0.423272	0.281147	0.696048	-0.0925938	0.722112	0.552765
0.278079	-0.0361295	0.0278853	1.60764	0.278082	-0.0365436	0.368916	0.801778	0.563133	0.281943	0.840613	0.142844	0.159086	1.43154	0.423539	0.290315	0.695964	-0.0878358	0.722632	0.563073
0.278048	-0.0307305	0.029395	1.63261	0.278051	-0.0312115	0.369672	0.821073	0.5634	0.290893	0.840748	0.147414	0.160435	1.46459	0.423813	0.299496	0.695884	-0.082861	0.723161	0.573142
0.278022	-0.0249128	0.0309275	1.65641	0.278024	-0.0254546	0.370446	0.839959	0.563675	0.299859	0.840887	0.151939	0.161815	1.49624	0.424097	0.308704	0.69581	-0.0776721	0.7237	0.583026
0.278002	-0.0186974	0.0324816	1.6791	0.278003	-0.0192875	0.371237	0.85847	0.563958	0.308855	0.841031	0.156522	0.163223	1.52642	0.424389	0.317891	0.69574	-0.072348	0.724247	0.592687
0.277987	-0.012126	0.0340563	1.70075	0.277988	-0.0127395	0.372045	0.876522	0.56425	0.317838	0.841179	0.161073	0.164659	1.55517	0.424689	0.327109	0.695675	-0.0668266	0.724804	0.602194
0.277979	-0.00513548	0.0356507	1.72143	0.27798	-0.0066725	0.37287	0.894168	0.564551	0.326795	0.841331	0.165635	0.166121	1.58266	0.424998	0.336317	0.695615	-0.0612039	0.72537	0.61154
0.277978	0.00225371	0.037264	1.74119	0.277977	-0.00128464	0.373712	0.911444	0.564859	0.335773	0.841488	0.170219	0.167608	1.60889	0.425316	0.345504	0.695561	-0.0554517	0.725944	0.62071
0.277983	0.0100009	0.0388953	1.75996	0.277978	0.00321985	0.374569	0.928343	0.565176	0.344721	0.841648	0.174771	0.169119	1.63387	0.425642	0.354722	0.695512	-0.0495136	0.726526	0.629749
0.277996	0.0180977	0.0405435	1.77796	0.27798	0.00699945	0.375441	0.944784	0.565502	0.353682	0.841813	0.179334	0.170653	1.65775	0.425977	0.363931	0.695468	-0.0434967	0.727117	0.638671
0.278017	0.0265276	0.0422083	1.79514	0.277983	0.00986287	0.376329	0.960892	0.565835	0.362667	0.841982	0.183919	0.172208	1.68049	0.42632	0.37312	0.695431	-0.0373957	0.727716	0.647434
0.278046	0.0353309	0.0438886	1.81147	0.277985	0.0116091	0.377232	0.97663	0.566177	0.371628	0.842156	0.188476	0.173784	1.70219	0.426672	0.382343	0.695399	-0.0311994	0.728324	0.656024
0.278083	0.0445146	0.0455838	1.82713	0.277989	0.0142425	0.378149	0.991992	0.566528	0.380616	0.842334	0.193048	0.17538	1.72289	0.427033	0.39156	0.695373	-0.0248859	0.728939	0.664561
0.278129	0.0540197	0.0472932	1.84206	0.277995	0.0172252	0.37908	1.00704	0.566887	0.389583	0.842516	0.197652	0.176995	1.74261	0.427402	0.400765	0.695352	-0.0184846	0.729562	0.672992
0.278183	0.0638014	0.0490162	1.85632	0.278003	0.0212378	0.380026	1.02169	0.567254	0.398507	0.842702	0.202171	0.178627	1.76145	0.427779	0.409947	0.695338	-0.0120541	0.730193	0.681285
0.278248	0.0739166	0.0507523	1.86997	0.278017	0.0264904	0.380984	1.03604	0.567629	0.40742	0.842892	0.206742	0.180277	1.7794	0.428166	0.419157	0.69533	-0.00549176	0.730831	0.689522
0.278321	0.0843325	0.0525007	1.88298	0.278037	0.0330411	0.381956	1.05002	0.568013	0.416385	0.843087	0.211343	0.181943	1.79654	0.42856	0.42842	0.695328	0.00111427	0.731478	0.697646
0.278405	0.0950568	0.054261	1.89546	0.278067	0.0409261	0.382941	1.0637	0.568405	0.425378	0.843286	0.21593	0.183624	1.81287	0.428964	0.437645	0.695332	0.00773452	0.732131	0.705691
0.278498	0.106105	0.0560327	1.90738	0.27811	0.050252	0.383938	1.07708	0.568806	0.434282	0.84349	0.22049	0.185321	1.82847	0.429376	0.446867	0.695342	0.0144565	0.732793	0.713651
0.278602	0.117435	0.0578152	1.91876	0.278161	0.0599321	0.384948	1.09013	0.569214	0.443227	0.843697	0.225069	0.187032	1.84334	0.429797	0.456082	0.695359	0.0212353	0.733461	0.721514
0.278717	0.129035	0.0596081	1.92966	0.278222	0.0699723	0.38597	1.1029	0.569632	0.452183	0.843909	0.229686	0.188756	1.85752	0.430226	0.465283	0.695382	0.0280548	0.734137	0.72933
0.278843	0.140883	0.0614109	1.9401	0.278292	0.0803025	0.386869	1.11383	0.570057	0.461086	0.844125	0.234232	0.190493	1.87108	0.430664	0.47453	0.695411	0.0348822	0.73482	0.737053
0.27898	0.153007	0.0632233	1.95008	0.278371	0.0908875	0.387644	1.12295	0.570491	0.47003	0.844345	0.238785	0.192242	1.88406	0.43111	0.483795	0.695447	0.0417987	0.73551	0.744733
0.279128	0.165389	0.0650447	1.95963	0.278461	0.101783	0.388288	1.13033	0.570933	0.478982	0.84457	0.243421	0.194004	1.8964	0.431565	0.493024	0.695489	0.048747	0.736208	0.752332
0.279288	0.178068	0.0668748	1.96878	0.278561	0.11298	0.388801	1.13607	0.571383	0.487877	0.844799	0.248007	0.195776	1.90818	0.432029	0.502254	0.695538	0.0556855	0.736912	0.759837
0.27946	0.190974	0.0687133	1.97755	0.278671	0.124475	0.38918	1.14019	0.571842	0.496805	0.845032	0.252564	0.197559	1.91945	0.432501	0.511484	0.695593	0.0626777	0.737624	0.767305
0.279644	0.204117	0.0705598	1.98595	0.278793	0.136265	0.389423	1.1429	0.572309	0.505725	0.84527	0.257138	0.199353	1.93018	0.432919	0.51953	0.695654	0.0697042	0.738342	0.774696
0.27984	0.217511	0.0724139	1.99401	0.278925	0.148275	0.389774	1.14685	0.572784	0.514629	0.845511	0.261744	0.201156	1.94045	0.433281	0.526472	0.695723	0.0767991	0.739067	0.782081
0.280049	0.231115	0.0742754	2.00173	0.279069	0.16058	0.390156	1.15099	0.573268	0.523576	0.845757	0.266342	0.202969	1.95031	0.433584	0.532104	0.695798	0.0838845	0.739799	0.789381
0.280271	0.244995	0.0761439	2.0091	0.279225	0.17314	0.390678	1.1565	0.57376	0.53246	0.846008	0.270924	0.20479	1.95967	0.433826	0.53661	0.695879	0.0909508	0.740538	0.796583
0.280506	0.259057	0.0780191	2.01622	0.279392	0.185939	0.391342	1.16339	0.57426	0.541365	0.846262	0.275548	0.20662	1.96863	0.434005	0.539976	0.695967	0.0980521	0.741284	0.803808
0.280754	0.27334	0.0799009	2.023	0.279571	0.199004	0.39215	1.17167	0.574769	0.550242	0.846521	0.280106	0.208458	1.97718	0.434121	0.541974	0.696062	0.105224	0.742036	0.810935
0.281015	0.287915	0.0817888	2.02952	0.279763	0.212274	0.393105	1.18117	0.575285	0.559132	0.846784	0.284683	0.210304	1.98533	0.434287	0.545021	0.696163	0.112389	0.742795	0.818012
0.28129	0.302636	0.0836827	2.03582	0.279967	0.225794	0.394211	1.19185	0.575811	0.568049	0.847051	0.289295	0.212158	1.99315	0.434469	0.548459	0.696271	0.119541	0.74356	0.82506
0.281579	0.317577	0.0855823	2.04184	0.280183	0.239586	0.395326	1.20228	0.576344	0.576949	0.847323	0.293905	0.214018	2.00061	0.434718	0.55283	0.696386	0.126742	0.744332	0.832052
0.281882	0.332811	0.0874874	2.04757	0.280413	0.253586	0.396451	1.21247	0.576886	0.585813	0.847599	0.298511	0.215886	2.00774	0.435036	0.558509	0.696507	0.133965	0.745111	0.839005
0.282199	0.348191	0.0893977	2.0531	0.280656	0.2678	0.397585	1.22247	0.577436	0.594679	0.847879	0.303109	0.21776	2.01457	0.435425	0.565441	0.696636	0.14116	0.745896	0.84588
0.282531	0.363789	0.0913131	2.05844	0.280912	0.282232	0.398729	1.2322	0.577994	0.603548	0.848164	0.30769	0.21964	2.02106	0.435887	0.573504	0.69677	0.148372	0.746687	0.852745
0.282877	0.379604	0.0932334	2.06357	0.281182	0.296881	0.399881	1.24168	0.57856	0.612424	0.848453	0.31231	0.221526	2.02727	0.436426	0.582786	0.696912	0.15562	0.747485	0.859591
0.283238	0.395635	0.0951583	2.06847	0.281465	0.311787	0.401043	1.25099	0.579135	0.621314	0.848746	0.316938	0.223417	2.03319	0.436973	0.592041	0.69706	0.162864	0.748289	0.866324
0.283614	0.411875	0.0970878	2.07315	0.281763	0.326893	0.402212	1.26012	0.579718	0.630158	0.849043	0.321505	0.225314	2.03887	0.437529	0.601283	0.697215	0.170101	0.749099	0.873051
0.284005	0.428316	0.0990214	2.07768	0.282074	0.34221	0.403391	1.26904	0.580309	0.638984	0.849345	0.326098	0.227217	2.04427	0.438094	0.610555	0.697377	0.177325	0.749916	0.879768
0.284412	0.445011	0.100959	2.08206	0.2824	0.357706	0.404577	1.27771	0.580909	0.647847	0.849651	0.330744	0.229124	2.04942	0.438667	0.619878	0.697546	0.184595	0.750738	0.88639
0.284835	0.461922	0.102901	2.08626	0.282741	0.373437	0.405772	1.28619	0.581516	0.65671	0.849961	0.335347	0.231035	2.05438	0.439249	0.629154	0.697721	0.191883	0.751567	0.892969
0.285273	0.479044	0.104847	2.09027	0.283096	0.389396	0.406974	1.29453	0.582053	0.664381	0.850276	0.339939	0.232952	2.05905	0.439839	0.638443	0.697903	0.199136	0.752402	0.899536
0.285727	0.49637	0.106796	2.09411	0.283466	0.405541	0.408184	1.30265	0.582515	0.670954	0.850595	0.344583	0.234872	2.06352	0.440438	0.647738	0.698092	0.206389	0.753243	0.906078
0.286136	0.511659	0.108749	2.09784	0.283852	0.421927	0.409401	1.31056	0.5829	0.676372	0.850918	0.349183	0.236797	2.0678	0.441046	0.657037	0.698288	0.213646	0.754091	0.912569
0.286495	0.524831	0.110705	2.10143	0.284253	0.438543	0.410626	1.31832	0.583207	0.680645	0.851245	0.353769	0.238725	2.07188	0.441663	0.666337	0.69849	0.220909	0.754944	0.919032
0.286799	0.535888	0.112665	2.10486	0.284669	0.455347	0.411858	1.32594	0.583434	0.68372	0.851577	0.358399	0.240658	2.07571	0.442288	0.675601	0.6987	0.228183	0.755803	0.925441
0.287043	0.544612	0.114627	2.10813	0.285101	0.472355	0.413097	1.33337	0.58358	0.685792	0.851913	0.363046	0.242593	2.07939	0.442922	0.684958	0.698916	0.235479	0.756668	0.931813
0.287225	0.551173	0.11634	2.11094	0.285549	0.489612	0.414342	1.34064	0.583791	0.688803	0.852254	0.367652	0.244532	2.08291	0.443564	0.694287	0.699138	0.242749	0.75754	0.938112
0.287343	0.555311	0.117802	2.11326	0.286014	0.507139	0.415595	1.34772	0.58402	0.69185	0.852598	0.372249	0.246475	2.08625	0.444215	0.703565	0.699368	0.249964	0.758416	0.94441
0.287514	0.561251	0.119012	2.1151	0.286494	0.524838	0.416854	1.35462	0.584334	0.696098	0.852947	0.376903	0.24842	2.08942	0.444875	0.712892	0.699604	0.257216	0.759299	0.950709
0.287702	0.567852	0.119969	2.11648	0.286992	0.542769	0.418119	1.36141	0.584734	0.701588	0.853301	0.381523	0.250368	2.09239	0.445544	0.722207	0.699847	0.26447	0.760188	0.956934
0.287961	0.576784	0.120674	2.11749	0.287506	0.561037	0.41939	1.36806	0.585222	0.708151	0.853658	0.386149	0.252319	2.0952	0.446221	0.731551	0.700097	0.271726	0.761082	0.963084
0.288294	0.588284	0.121125	2.11816	0.288037	0.579473	0.420668	1.37454	0.5858	0.715782	0.85402	0.390786	0.254272	2.09792	0.446907	0.740911	0.700354	0.278988	0.761983	0.969233
0.288706	0.60225	0.121773	2.11917	0.288585	0.598175	0.421952	1.38089	0.586471	0.724547	0.854386	0.395374	0.256228	2.10045	0.447602	0.750242	0.700617	0.28626	0.762889	0.97538
0.289202	0.618811	0.122479	2.12021	0.289152	0.617158	0.423241	1.38707	0.58715	0.73336	0.854757	0.400008	0.258186	2.10286	0.448305	0.759558	0.700852	0.292533	0.7638	0.981446
0.289787	0.638107	0.123439	2.12145	0.289735	0.636427	0.424536	1.39309	0.587838	0.742162	0.855132	0.404661	0.260146	2.10512	0.449017	0.76894	0.701056	0.297884	0.764717	0.9875
0.290391	0.657716	0.124653	2.1231	0.290337	0.655986	0.425837	1.39906	0.588533	0.75092	0.855511	0.409281	0.262109	2.10724	0.449738	0.778319	0.701228	0.302392	0.76564	0.993529
0.291013	0.677592	0.126123	2.12501	0.290958	0.675836	0.427143	1.40483	0.589237	0.759694	0.855894	0.413905	0.264073	2.10925	0.450467	0.787623	0.701366	0.305861	0.766569	0.999507
0.291654	0.697783	0.127849	2.12721	0.291597	0.695979	0.428455	1.41046	0.589949	0.768475	0.856282	0.41854	0.266039	2.1111	0.451205	0.796999	0.701468	0.308419	0.767503	1.00546
0.292313	0.71828	0.129833	2.12969	0.292255	0.71645	0.429772	1.41603	0.590669	0.777187	0.856674	0.423197	0.268007	2.11287	0.451952	0.806411	0.701534	0.310065	0.768442	1.01135
0.292992	0.739148	0.131818	2.13203	0.292932	0.737306	0.431093	1.42141	0.591397	0.785938	0.857071	0.427821	0.269976	2.11452	0.452708	0.815768	0.701629	0.312454	0.769387	1.01721
0.293691	0.760348	0.133805	2.13429	0.293629	0.758464	0.43242	1.4267	0.592134	0.794671	0.857472	0.432457	0.271947	2.116	0.453472	0.825133	0.701733	0.315074	0.770338	1.02307
0.294409	0.781898	0.135795	2.13649	0.294345	0.780029	0.433752	1.43187	0.592878	0.803396	0.857877	0.437113	0.273919	2.11741	0.454246	0.834541	0.701877	0.318568	0.77117	1.02813
0.295148	0.80388	0.137787	2.13854	0.295082	0.801945	0.435088	1.43687	0.593631	0.812152	0.858286	0.441739	0.275893	2.11873	0.455028	0.843932	0.70206	0.322981	0.771883	1.03238
0.295907	0.826223	0.13978	2.14055	0.29584	0.824218	0.436429	1.44183	0.594391	0.820815	0.8587	0.446376	0.277867	2.1199	0.455818	0.853315	0.702286	0.328298	0.772475	1.03593
0.296687	0.848966	0.141775	2.14251	0.296618	0.846964	0.437775	1.44665	0.59516	0.829505	0.859118	0.451035	0.279843	2.12097	0.456618	0.86273	0.702555	0.334573	0.772945	1.03872
0.297489	0.872167	0.143772	2.14433	0.297418	0.870129	0.439125	1.45133	0.595937	0.838244	0.85954	0.455666	0.281819	2.12194	0.457426	0.872162	0.70287	0.341805	0.773291	1.04073
0.298312	0.895816	0.145771	2.14609	0.298239	0.893723	0.44048	1.45594	0.596722	0.846898	0.859967	0.460314	0.283797	2.12286	0.458243	0.881566	0.703192	0.348973	0.773512	1.04212
0.299158	0.919945	0.147771	2.14781	0.299083	0.917788	0.441838	1.46045	0.597515	0.855584	0.860398	0.464995	0.285775	2.12365	0.459069	0.890992	0.70352	0.356109	0.773832	1.04406
0.300027	0.944533	0.149773	2.14947	0.299949	0.942382	0.443201	1.46486	0.598316	0.864247	0.860833	0.469598	0.287754	2.12434	0.459903	0.900392	0.703855	0.363303	0.77418	1.04598
0.300918	0.969609	0.151777	2.151	0.300839	0.967423	0.444568	1.46912	0.599126	0.872864	0.861273	0.474261	0.289734	2.12494	0.460746	0.909816	0.704197	0.370452	0.774654	1.0487
0.301833	0.995257	0.153781	2.15253	0.301752	0.99298	0.445938	1.47329	0.599943	0.88153	0.86166	0.478292	0.291714	2.12546	0.461598	0.919289	0.704546	0.377616	0.775255	1.05225
0.302773	1.02141	0.155788	2.15399	0.302689	1.01909	0.447313	1.47743	0.600768	0.890148	0.861992	0.481756	0.293694	2.12591	0.462459	0.92875	0.704901	0.38475	0.775984	1.05644
0.303737	1.04811	0.157795	2.15535	0.303651	1.04573	0.448691	1.48141	0.601601	0.898778	0.862269	0.484688	0.295675	2.1262	0.463329	0.938168	0.705263	0.391832	0.776844	1.06129
0.304726	1.07538	0.159804	2.15668	0.304638	1.07297	0.450073	1.4853	0.602443	0.907378	0.862488	0.486861	0.297656	2.1265	0.464207	0.947601	0.705631	0.398962	0.777836	1.06691
0.30574	1.10318	0.161814	2.15798	0.305651	1.10072	0.451459	1.48911	0.603292	0.915962	0.862651	0.488618	0.299637	2.12668	0.465095	0.957114	0.706006	0.40608	0.778832	1.07244
0.306781	1.13159	0.163825	2.15921	0.306689	1.12906	0.452848	1.49285	0.60415	0.924576	0.862755	0.489715	0.301619	2.12677	0.465991	0.966559	0.706388	0.413154	0.779834	1.07794
0.307849	1.16055	0.165837	2.16037	0.307754	1.15799	0.454241	1.49648	0.605015	0.933131	0.862905	0.491094	0.3036	2.12682	0.466896	0.976042	0.706776	0.420243	0.780841	1.08344
0.308944	1.19012	0.167851	2.16147	0.308847	1.18751	0.455637	1.50001	0.605889	0.941656	0.863069	0.492763	0.305582	2.12673	0.46781	0.985544	0.707171	0.42734	0.781853	1.08887
0.310067	1.22024	0.169865	2.16253	0.309967	1.21761	0.457036	1.5035	0.60677	0.950204	0.863292	0.495096	0.307563	2.12658	0.468732	0.994983	0.707572	0.434368	0.78287	1.09429
0.311218	1.25095	0.17188	2.16357	0.311116	1.24823	0.458438	1.50686	0.607659	0.958762	0.863576	0.497906	0.309545	2.12639	0.469664	1.00446	0.70798	0.441397	0.783892	1.09967
0.312398	1.28219	0.173896	2.16453	0.312293	1.27943	0.459844	1.51018	0.608556	0.967253	0.863922	0.501343	0.311526	2.12611	0.470604	1.01396	0.708395	0.448464	0.784919	1.105
0.313607	1.31396	0.175914	2.16549	0.3135	1.31118	0.461252	1.51342	0.609461	0.975746	0.864331	0.505437	0.313506	2.12576	0.471553	1.02347	0.708816	0.455477	0.785951	1.11034
0.314846	1.34625	0.177932	2.16637	0.314736	1.34339	0.462664	1.51654	0.610375	0.984241	0.864804	0.510093	0.315487	2.12536	0.472511	1.03299	0.709243	0.462498	0.786988	1.11565
0.316116	1.37895	0.17995	2.16717	0.316003	1.37608	0.464078	1.5196	0.611296	0.992699	0.865281	0.514765	0.317467	2.12487	0.473478	1.04251	0.709678	0.469488	0.78803	1.12086
0.317416	1.41211	0.18197	2.16802	0.317301	1.4092	0.465496	1.52263	0.612224	1.00118	0.865763	0.519444	0.319446	2.12429	0.474454	1.05203	0.710118	0.476462	0.789077	1.12607
0.318747	1.44565	0.18399	2.16877	0.318629	1.44268	0.466916	1.52558	0.613161	1.00959	0.866249	0.524091	0.321425	2.12364	0.475438	1.06155	0.710565	0.483428	0.790128	1.13128
0.320109	1.47948	0.186011	2.16947	0.319989	1.47648	0.468338	1.52841	0.614106	1.01801	0.86674	0.528722	0.323403	2.12298	0.476432	1.07104	0.711019	0.49039	0.791185	1.13644
0.321504	1.51353	0.188033	2.17019	0.32138	1.51056	0.469764	1.53117	0.615058	1.02643	0.867234	0.533381	0.325381	2.12225	0.477434	1.08058	0.711479	0.49735	0.792246	1.14155
0.32293	1.54781	0.190055	2.17084	0.322804	1.54481	0.471192	1.53388	0.616018	1.03481	0.867734	0.538091	0.327358	2.12141	0.478445	1.09014	0.711946	0.504236	0.793312	1.14663
0.324388	1.5822	0.192078	2.17146	0.324259	1.57918	0.472622	1.53655	0.616986	1.04318	0.868237	0.542753	0.329334	2.12055	0.479465	1.09965	0.712419	0.511158	0.794382	1.15166
0.325878	1.61653	0.194101	2.17203	0.325746	1.61355	0.474055	1.53916	0.617962	1.05154	0.868745	0.547391	0.331309	2.1196	0.480494	1.1092	0.712898	0.518098	0.795458	1.15671
0.3274	1.65083	0.196125	2.17257	0.327265	1.64783	0.47549	1.54168	0.618946	1.05989	0.869257	0.552054	0.333284	2.11862	0.481532	1.11877	0.713384	0.524974	0.796538	1.16172
0.328954	1.68501	0.19815	2.1731	0.328817	1.68204	0.476927	1.54415	0.619937	1.06817	0.869774	0.556729	0.335257	2.11758	0.482579	1.12828	0.713876	0.531854	0.797622	1.16664
0.33054	1.71895	0.200175	2.17358	0.3304	1.71599	0.478367	1.54655	0.620936	1.07645	0.870295	0.56141	0.33723	2.11643	0.483635	1.13784	0.714375	0.5387	0.798712	1.17155
0.332157	1.75251	0.2022	2.174	0.332014	1.74959	0.479809	1.54889	0.621943	1.08473	0.87082	0.566095	0.339201	2.11524	0.484699	1.14741	0.71488	0.545528	0.799806	1.17647
0.333806	1.78566	0.204226	2.17443	0.33366	1.78276	0.481253	1.55119	0.622957	1.093	0.871349	0.570744	0.341171	2.11402	0.485773	1.15696	0.715392	0.552422	0.800904	1.18134
0.335485	1.81831	0.206252	2.17487	0.335336	1.81545	0.4827	1.55341	0.62398	1.10124	0.871883	0.575412	0.34314	2.11279	0.486855	1.16653	0.71591	0.559238	0.802007	1.18616
0.337194	1.85038	0.208278	2.17523	0.337043	1.84762	0.484148	1.55558	0.625009	1.10943	0.872422	0.58009	0.345108	2.11144	0.487947	1.17608	0.716434	0.565978	0.803114	1.19094
0.338933	1.8818	0.210305	2.17556	0.338779	1.87909	0.485598	1.55772	0.626047	1.11762	0.872964	0.584736	0.347075	2.11003	0.489047	1.18565	0.716964	0.572791	0.804226	1.19572
0.3407	1.91248	0.212332	2.17584	0.340544	1.9098	0.487051	1.55982	0.627092	1.12582	0.873511	0.58944	0.34904	2.10863	0.490156	1.19519	0.717501	0.579603	0.805342	1.20045
0.342496	1.94237	0.214359	2.17612	0.342338	1.93977	0.488505	1.56186	0.628145	1.13395	0.874063	0.594135	0.351004	2.10713	0.491274	1.20476	0.718044	0.586341	0.806463	1.20512
0.34432	1.97141	0.216387	2.17641	0.344159	1.96892	0.489961	1.5638	0.629205	1.14204	0.874618	0.59879	0.352966	2.10557	0.492401	1.21435	0.718594	0.59308	0.807588	1.2098
0.34617	1.99962	0.218415	2.17666	0.346007	1.99716	0.491419	1.56575	0.630273	1.15015	0.875178	0.603461	0.354927	2.10399	0.493537	1.2239	0.719149	0.599818	0.808717	1.21445
0.348046	2.02688	0.220443	2.17686	0.34788	2.0245	0.492879	1.56765	0.631348	1.15824	0.875743	0.608141	0.356887	2.10239	0.494681	1.23347	0.719711	0.60652	0.809851	1.21904
0.349947	2.05314	0.222471	2.17704	0.349779	2.05091	0.49434	1.56947	0.632431	1.16627	0.876312	0.612824	0.358845	2.10071	0.495835	1.24302	0.72028	0.613203	0.810989	1.22361
0.351872	2.0785	0.2245	2.17723	0.351702	2.07632	0.495803	1.5713	0.633521	1.17431	0.876885	0.61751	0.360801	2.09896	0.496998	1.25259	0.720854	0.619914	0.812131	1.22817
0.35382	2.1029	0.226528	2.17737	0.353648	2.10077	0.497268	1.57306	0.634619	1.18229	0.877462	0.622196	0.362756	2.0972	0.498169	1.26214	0.721435	0.626602	0.813277	1.23268
0.35579	2.12627	0.228557	2.17744	0.355617	2.12428	0.498734	1.57478	0.635724	1.19024	0.878044	0.626883	0.364709	2.09537	0.499349	1.27167	0.722022	0.633242	0.814428	1.23717
0.357782	2.14869	0.230586	2.17754	0.357606	2.14676	0.500202	1.57644	0.636837	1.1982	0.87863	0.631534	0.366661	2.09354	0.500539	1.28123	0.722615	0.639858	0.815583	1.24161
0.359794	2.17015	0.232615	2.17767	0.359617	2.16829	0.501672	1.57808	0.637957	1.2061	0.879221	0.636203	0.36861	2.09163	0.501737	1.29081	0.723214	0.646498	0.816742	1.24599
0.361826	2.19062	0.234644	2.1777	0.361647	2.18888	0.503143	1.57971	0.639085	1.214	0.879816	0.640918	0.370558	2.08969	0.502944	1.30033	0.723819	0.653114	0.817904	1.25034
0.363876	2.21016	0.236673	2.17771	0.363696	2.2085	0.504616	1.58129	0.640219	1.22188	0.880415	0.645619	0.372504	2.08773	0.50416	1.30985	0.724431	0.659718	0.819071	1.25471
0.365944	2.22882	0.238702	2.17775	0.365762	2.22725	0.50609	1.58281	0.641361	1.22969	0.881019	0.650277	0.374448	2.08569	0.505385	1.3194	0.725049	0.666279	0.820242	1.25906
0.368029	2.24662	0.240731	2.17777	0.367846	2.24509	0.507565	1.5843	0.642511	1.23748	0.881627	0.654949	0.376391	2.08365	0.506619	1.3289	0.725673	0.672819	0.821418	1.26332
0.37013	2.2635	0.24276	2.17775	0.369946	2.26203	0.509042	1.58578	0.643667	1.24522	0.882239	0.659629	0.378331	2.08156	0.507861	1.33842	0.726302	0.679422	0.822597	1.26758
0.372247	2.27952	0.244789	2.1777	0.372061	2.27815	0.51052	1.58726	0.644831	1.25298	0.882856	0.66435	0.380269	2.07942	0.509113	1.34793	0.726939	0.685946	0.82378	1.27179
0.374378	2.29482	0.246817	2.17764	0.374191	2.2935	0.511999	1.58869	0.646002	1.2607	0.883477	0.669054	0.382206	2.07725	0.510373	1.35741	0.727581	0.69243	0.824966	1.27599
0.376523	2.30931	0.248846	2.17753	0.376334	2.30806	0.51348	1.59006	0.64718	1.26833	0.884103	0.673713	0.38414	2.0751	0.511642	1.36688	0.728229	0.698968	0.826157	1.28017
0.378681	2.32304	0.250875	2.17745	0.378491	2.32185	0.514962	1.59141	0.648366	1.27599	0.884733	0.678386	0.386073	2.0729	0.51292	1.37637	0.728883	0.70546	0.827352	1.28428
0.380852	2.33606	0.252904	2.17736	0.380661	2.33498	0.516446	1.59278	0.649558	1.28359	0.885367	0.683066	0.388003	2.07062	0.514207	1.38581	0.729543	0.711892	0.82855	1.28834
0.383034	2.34843	0.254932	2.17725	0.382842	2.3474	0.51793	1.59412	0.650757	1.29117	0.886005	0.687787	0.389931	2.06831	0.515502	1.39525	0.73021	0.718367	0.829753	1.29243
0.385228	2.36022	0.256961	2.17712	0.385035	2.35918	0.519416	1.59538	0.651964	1.29873	0.886648	0.692491	0.391857	2.06602	0.516807	1.40469	0.730882	0.724828	0.830959	1.29649
0.387432	2.37131	0.258989	2.17695	0.387239	2.37034	0.520903	1.59667	0.653177	1.3062	0.887296	0.69715	0.393781	2.0637	0.51812	1.4141	0.73156	0.731207	0.832168	1.30045
0.389646	2.3818	0.261017	2.17675	0.389452	2.38094	0.522391	1.59794	0.654398	1.31364	0.887948	0.701823	0.395702	2.06134	0.519442	1.42353	0.732244	0.73762	0.833382	1.30442
0.39187	2.39181	0.263045	2.17658	0.391675	2.39096	0.523881	1.59915	0.655625	1.3211	0.888604	0.706541	0.397622	2.05894	0.520772	1.4329	0.732935	0.744048	0.834599	1.30838
0.394103	2.40128	0.265073	2.17638	0.393907	2.40044	0.525371	1.60039	0.65686	1.32852	0.889264	0.711243	0.399539	2.05654	0.522112	1.44223	0.733631	0.750449	0.83582	1.3123
0.396345	2.41022	0.267101	2.17617	0.396148	2.40946	0.526863	1.60163	0.658101	1.33586	0.889929	0.715901	0.401454	2.05413	0.52346	1.45155	0.734333	0.756799	0.837044	1.31616
0.398594	2.41869	0.269128	2.17596	0.398397	2.41801	0.528356	1.60279	0.659349	1.34316	0.890598	0.720611	0.403367	2.05164	0.524816	1.46086	0.735041	0.763123	0.838272	1.32
0.400852	2.42673	0.271155	2.17571	0.400654	2.42605	0.529849	1.60396	0.660604	1.35043	0.891272	0.725309	0.405277	2.04919	0.526182	1.4702	0.735755	0.769471	0.839504	1.32386
0.403116	2.43438	0.273182	2.17543	0.402918	2.43369	0.531344	1.60517	0.661865	1.35769	0.89195	0.730002	0.407185	2.04672	0.527556	1.47949	0.736475	0.775794	0.840739	1.32762
0.405388	2.44157	0.275209	2.17519	0.405189	2.44096	0.532841	1.60629	0.663134	1.36491	0.892632	0.734692	0.409091	2.0442	0.528939	1.48871	0.737201	0.782106	0.841978	1.33133
0.407666	2.44839	0.277236	2.17492	0.407466	2.44778	0.534338	1.60743	0.664409	1.37207	0.893319	0.739381	0.410994	2.0417	0.53033	1.49789	0.737932	0.788374	0.84322	1.33509
0.40995	2.45487	0.279262	2.1746	0.40975	2.4543	0.535836	1.60859	0.66569	1.37917	0.89401	0.744106	0.412895	2.03916	0.53173	1.5071	0.73867	0.794658	0.844466	1.3388
0.41224	2.46097	0.281288	2.17429	0.41204	2.46049	0.537335	1.60972	0.666978	1.38627	0.894705	0.748776	0.414794	2.03661	0.533138	1.51628	0.739413	0.800949	0.845715	1.34241
0.414536	2.46677	0.283313	2.17396	0.414335	2.4663	0.538835	1.61083	0.668273	1.3933	0.895405	0.753454	0.41669	2.0341	0.534555	1.52538	0.740162	0.807171	0.846967	1.34605
0.416837	2.47227	0.285339	2.17361	0.416635	2.4718	0.540337	1.61194	0.669575	1.40029	0.896109	0.758174	0.418584	2.03152	0.535981	1.53451	0.740917	0.813394	0.848223	1.34966
0.419143	2.47747	0.287364	2.17328	0.418941	2.47704	0.541839	1.61308	0.670883	1.40727	0.896818	0.762877	0.420476	2.02895	0.537415	1.54357	0.741678	0.819619	0.849482	1.35323
0.421453	2.48241	0.289388	2.17298	0.421251	2.48197	0.543342	1.6142	0.672197	1.41416	0.897531	0.767573	0.422365	2.02638	0.538857	1.55261	0.742444	0.825807	0.850745	1.35677
0.423769	2.48708	0.291413	2.1726	0.423566	2.48667	0.544847	1.61531	0.673518	1.42105	0.898248	0.772264	0.424252	2.02378	0.540308	1.5616	0.743217	0.831978	0.85201	1.36026
0.426088	2.49151	0.293437	2.1722	0.425885	2.49114	0.546352	1.61641	0.674845	1.42786	0.89897	0.776954	0.426136	2.02123	0.541767	1.57056	0.743995	0.838176	0.853279	1.36373
0.428411	2.4957	0.29546	2.17181	0.428207	2.49532	0.547859	1.61751	0.676178	1.43464	0.899696	0.781679	0.428018	2.01864	0.543234	1.57951	0.744779	0.844351	0.854551	1.36718
0.430738	2.49966	0.297484	2.1714	0.430534	2.49931	0.549366	1.61865	0.677518	1.4414	0.900426	0.786385	0.429898	2.01606	0.54471	1.58834	0.745568	0.850478	0.855827	1.37063
0.433069	2.5034	0.299507	2.17101	0.432865	2.50306	0.550875	1.61976	0.678864	1.44807	0.901161	0.791046	0.431775	2.01349	0.546194	1.59719	0.746363	0.856581	0.857105	1.374
0.435403	2.50691	0.301529	2.17059	0.435198	2.50663	0.552385	1.62087	0.680217	1.45471	0.9019	0.795756	0.433649	2.01089	0.547686	1.606	0.747164	0.862709	0.858387	1.37733
0.43774	2.51028	0.303551	2.17017	0.437536	2.51002	0.553895	1.62198	0.681575	1.46132	0.902644	0.800455	0.435522	2.00834	0.549187	1.61477	0.747971	0.868812	0.859672	1.38065
0.440081	2.51347	0.305573	2.16973	0.439876	2.51318	0.555407	1.62311	0.68294	1.46788	0.903392	0.805148	0.437392	2.00579	0.550695	1.62348	0.748783	0.874904	0.86096	1.38396
0.442424	2.51645	0.307594	2.16926	0.442219	2.51619	0.55692	1.62427	0.68431	1.47435	0.904144	0.809875	0.439259	2.00319	0.552212	1.63211	0.749601	0.880989	0.862251	1.38722
0.44477	2.51927	0.309615	2.1688	0.444564	2.51905	0.558434	1.62543	0.685687	1.48081	0.904901	0.814546	0.441124	2.00065	0.553736	1.64072	0.750425	0.887034	0.863545	1.39046
0.447118	2.52192	0.311636	2.16836	0.446913	2.52172	0.559949	1.62656	0.68707	1.48726	0.905662	0.819262	0.442987	1.99813	0.555269	1.6493	0.751254	0.893097	0.864842	1.3937
0.449469	2.52445	0.313656	2.16788	0.449263	2.52423	0.561465	1.62771	0.688458	1.4936	0.906428	0.824	0.444848	1.99559	0.55681	1.65781	0.752089	0.899094	0.866142	1.39685
0.451822	2.52685	0.315675	2.16738	0.451616	2.52662	0.562982	1.62891	0.689853	1.49992	0.907198	0.828676	0.446706	1.99308	0.558358	1.66627	0.752929	0.905132	0.867445	1.39997
0.454178	2.52908	0.317694	2.16687	0.453971	2.52888	0.5645	1.6301	0.691253	1.50619	0.907972	0.833358	0.448562	1.99061	0.559915	1.67468	0.753776	0.911154	0.86875	1.40306
0.456535	2.53114	0.319713	2.16637	0.456328	2.53096	0.566019	1.63131	0.692659	1.5124	0.90875	0.838043	0.450415	1.98813	0.561479	1.68302	0.754627	0.917095	0.870059	1.40618
0.458894	2.53313	0.321731	2.16589	0.458687	2.53295	0.56754	1.63251	0.694071	1.51858	0.909533	0.842765	0.452266	1.98565	0.563051	1.69133	0.755485	0.923105	0.871371	1.40925
0.461255	2.53496	0.323749	2.16536	0.461048	2.53483	0.569061	1.63372	0.695489	1.52468	0.910321	0.847507	0.454115	1.9832	0.56463	1.69951	0.756347	0.929076	0.872685	1.41224
0.463618	2.53669	0.325766	2.16484	0.463411	2.53653	0.570584	1.63499	0.696912	1.53076	0.911113	0.852185	0.455962	1.98076	0.566218	1.7077	0.757216	0.935028	0.874002	1.41524
0.465982	2.53832	0.327783	2.16432	0.465775	2.53819	0.572108	1.63629	0.698342	1.53677	0.911909	0.856868	0.457806	1.97837	0.567813	1.71583	0.75809	0.940971	0.875322	1.41821
0.468348	2.53983	0.329799	2.16374	0.46814	2.53972	0.573633	1.63756	0.699776	1.54275	0.912709	0.86159	0.459648	1.97601	0.569415	1.72388	0.758969	0.946871	0.876645	1.42115
0.470715	2.54121	0.331815	2.16319	0.470507	2.54107	0.575159	1.63885	0.701216	1.54866	0.913514	0.866331	0.461488	1.97362	0.571025	1.73186	0.759854	0.952788	0.87797	1.42406
0.473083	2.54252	0.33383	2.16265	0.472875	2.5424	0.576687	1.64019	0.702662	1.55451	0.914324	0.871009	0.463326	1.97128	0.572642	1.73977	0.760745	0.958713	0.879298	1.42694
0.475452	2.54372	0.335845	2.16209	0.475245	2.54362	0.578216	1.64152	0.704113	1.56033	0.915137	0.875691	0.465161	1.96902	0.574267	1.74765	0.761641	0.964605	0.880629	1.4298
0.477823	2.5448	0.337859	2.16152	0.477615	2.5447	0.579746	1.64292	0.705569	1.56606	0.915955	0.880449	0.466995	1.96675	0.575899	1.75543	0.762542	0.970481	0.881963	1.43263
0.480194	2.54582	0.339872	2.16094	0.479987	2.54575	0.581277	1.64432	0.707031	1.57178	0.916778	0.885136	0.468826	1.96452	0.577538	1.76313	0.763449	0.976348	0.883299	1.4354
0.482567	2.54673	0.341885	2.16032	0.482359	2.54668	0.58281	1.64571	0.708498	1.57746	0.917605	0.889823	0.470656	1.96227	0.579184	1.77079	0.764361	0.982175	0.884637	1.43814
0.48494	2.54759	0.343898	2.15972	0.484732	2.54748	0.584344	1.64717	0.709971	1.58308	0.918436	0.894546	0.472483	1.96008	0.580837	1.77839	0.765279	0.988018	0.885979	1.4409
0.487314	2.54831	0.34591	2.15916	0.487106	2.54824	0.585879	1.64868	0.711448	1.58861	0.919272	0.899252	0.474308	1.95796	0.582498	1.78589	0.766202	0.993869	0.887322	1.4436
0.489688	2.54896	0.347921	2.15856	0.48948	2.54895	0.587416	1.65016	0.712931	1.59411	0.920112	0.903949	0.476131	1.95584	0.584165	1.7933	0.767131	0.999688	0.888669	1.44626
0.492064	2.54958	0.349932	2.15792	0.491856	2.54953	0.588954	1.65167	0.714419	1.59958	0.920956	0.908677	0.477953	1.95379	0.585839	1.80067	0.768065	1.00549	0.890017	1.44892
0.494439	2.55007	0.351942	2.15731	0.494231	2.55	0.590493	1.65327	0.715911	1.60494	0.921805	0.913385	0.479772	1.95174	0.587521	1.80798	0.769005	1.01128	0.891369	1.45152
0.496815	2.5505	0.353952	2.15668	0.496607	2.55046	0.592035	1.65487	0.717409	1.6103	0.922658	0.918083	0.481589	1.94969	0.589208	1.81515	0.76995	1.01707	0.892722	1.45411
0.499192	2.55083	0.355961	2.15603	0.498984	2.55083	0.593577	1.65648	0.718912	1.61558	0.923516	0.922812	0.483405	1.94775	0.590903	1.82228	0.7709	1.02283	0.894078	1.45668
0.501569	2.5511	0.357969	2.15541	0.50136	2.55109	0.595121	1.65813	0.72042	1.62078	0.924378	0.927521	0.485219	1.94583	0.592604	1.82937	0.771856	1.0286	0.895436	1.45922
0.503946	2.55135	0.359977	2.15478	0.503737	2.55129	0.596667	1.65987	0.721932	1.62599	0.925244	0.932219	0.487031	1.94395	0.594312	1.83635	0.772817	1.03437	0.896797	1.46169
0.506323	2.55143	0.361985	2.15413	0.506114	2.55143	0.598214	1.66158	0.723449	1.63111	0.926115	0.936948	0.488841	1.9421	0.596026	1.84321	0.773783	1.04012	0.89816	1.46417
0.5087	2.55148	0.363991	2.15347	0.508492	2.5515	0.599763	1.66335	0.724972	1.63617	0.92699	0.941657	0.49065	1.94025	0.597746	1.85001	0.774755	1.04585	0.899526	1.46666
0.511077	2.5515	0.365997	2.15278	0.510869	2.55146	0.601314	1.66519	0.726498	1.64122	0.927869	0.946355	0.492457	1.93853	0.599473	1.85678	0.775732	1.05153	0.900893	1.46907
0.513454	2.5514	0.368003	2.15214	0.513246	2.55141	0.602866	1.66702	0.72803	1.64617	0.928753	0.951084	0.494262	1.93682	0.601206	1.86343	0.776714	1.05727	0.902263	1.47145
0.515831	2.55124	0.370008	2.15146	0.515623	2.55127	0.60442	1.66889	0.729566	1.65105	0.929642	0.955829	0.496066	1.93513	0.602945	1.87001	0.777702	1.06299	0.903635	1.47382
0.518208	2.55101	0.372012	2.15078	0.518	2.55102	0.605976	1.67081	0.731106	1.65595	0.930534	0.960545	0.497868	1.93347	0.604691	1.87652	0.778695	1.06867	0.905009	1.47613
0.520585	2.55072	0.374015	2.15012	0.520377	2.55074	0.607533	1.67284	0.732651	1.66075	0.931431	0.96521	0.499668	1.93188	0.606442	1.88289	0.779693	1.07437	0.906386	1.47846
0.522961	2.55035	0.376018	2.14942	0.522753	2.55039	0.609093	1.67484	0.734201	1.66549	0.932333	0.969923	0.501468	1.93035	0.608199	1.88919	0.780697	1.08004	0.907764	1.48072
0.525337	2.54991	0.378021	2.14874	0.525129	2.54995	0.610654	1.6769	0.735755	1.6702	0.933239	0.97466	0.503265	1.92885	0.609962	1.89545	0.781706	1.08569	0.909145	1.48299
0.527713	2.54943	0.380022	2.148	0.527505	2.54948	0.612218	1.67903	0.737313	1.67483	0.934149	0.979409	0.505062	1.92737	0.611731	1.90162	0.78272	1.09134	0.910528	1.48522
0.530088	2.54887	0.382023	2.14733	0.52988	2.54891	0.613783	1.68119	0.738876	1.67941	0.935064	0.984127	0.506857	1.92597	0.613506	1.90767	0.783739	1.09702	0.911912	1.4874
0.532462	2.54821	0.384024	2.14663	0.532254	2.5483	0.61535	1.68341	0.740443	1.68394	0.935983	0.988793	0.508651	1.92465	0.615286	1.91366	0.784764	1.10268	0.913299	1.48959
0.534836	2.54752	0.386023	2.14592	0.534628	2.54759	0.61692	1.68565	0.742014	1.68843	0.936906	0.993544	0.510443	1.92333	0.617072	1.91955	0.785794	1.10829	0.914688	1.49175
0.537209	2.54674	0.388022	2.14519	0.537001	2.5468	0.618491	1.68798	0.743589	1.69284	0.937834	0.998262	0.512235	1.92201	0.618863	1.92535	0.786829	1.11392	0.916079	1.49385
0.539582	2.54591	0.39002	2.14447	0.539374	2.54596	0.620065	1.6904	0.745168	1.69721	0.938766	1.00297	0.514025	1.9208	0.620659	1.93107	0.78787	1.11951	0.917472	1.49593
0.541953	2.54498	0.392018	2.14377	0.541746	2.54507	0.621641	1.69281	0.746751	1.70155	0.939703	1.00773	0.515814	1.91964	0.622461	1.93668	0.788915	1.12513	0.918866	1.49803
0.544324	2.54396	0.394015	2.14302	0.544116	2.54411	0.623219	1.69526	0.748339	1.70581	0.940644	1.01243	0.517602	1.91852	0.624268	1.94227	0.789966	1.13072	0.920263	1.50007
0.546694	2.54294	0.396011	2.14228	0.546486	2.54304	0.6248	1.69784	0.74993	1.71003	0.94159	1.01715	0.519389	1.91744	0.62608	1.94773	0.791022	1.13634	0.921662	1.50204
0.549062	2.54181	0.398007	2.14158	0.548855	2.54192	0.626383	1.70045	0.751525	1.71419	0.94254	1.0219	0.521175	1.91643	0.627898	1.95307	0.792084	1.14193	0.923062	1.50405
0.55143	2.54062	0.400002	2.14083	0.551223	2.5407	0.627969	1.70311	0.753124	1.71828	0.943494	1.02661	0.52296	1.91544	0.62972	1.95837	0.79315	1.14751	0.924464	1.50601
0.553797	2.53933	0.401996	2.14009	0.553589	2.53944	0.629557	1.70587	0.754727	1.72234	0.944453	1.03131	0.524744	1.91448	0.631547	1.96355	0.794222	1.15308	0.925868	1.50794
0.556162	2.53796	0.40399	2.13935	0.555955	2.53811	0.631147	1.70864	0.756334	1.72635	0.945416	1.03604	0.526527	1.91359	0.633379	1.96867	0.795299	1.15865	0.927274	1.50985
0.558526	2.53657	0.405983	2.13858	0.558319	2.53667	0.632741	1.71153	0.757944	1.73029	0.946383	1.04079	0.52831	1.91278	0.635215	1.97371	0.796381	1.16426	0.928682	1.51173
0.560888	2.53507	0.407975	2.13786	0.560682	2.53519	0.634337	1.71447	0.759558	1.73417	0.947355	1.04551	0.530091	1.91197	0.637056	1.97862	0.797468	1.16977	0.930091	1.51358
0.56325	2.53345	0.409966	2.1371	0.563043	2.5336	0.635935	1.71748	0.761175	1.73801	0.948331	1.05028	0.531872	1.9112	0.638902	1.98345	0.798561	1.17531	0.931502	1.51542
0.565609	2.53179	0.411957	2.13632	0.565403	2.53193	0.637537	1.72056	0.762796	1.7418	0.949312	1.05498	0.533653	1.91056	0.640752	1.98821	0.799658	1.1809	0.932915	1.51722
0.567967	2.53005	0.413947	2.13556	0.567761	2.53021	0.639141	1.72371	0.764421	1.74553	0.950297	1.0597	0.535433	1.90991	0.642607	1.9929	0.800761	1.18644	0.934329	1.519
0.570324	2.52822	0.415937	2.13482	0.570117	2.52837	0.640749	1.72697	0.766049	1.74922	0.951287	1.06445	0.537212	1.90926	0.644466	1.99748	0.801869	1.19196	0.935745	1.52077
0.572678	2.52628	0.417925	2.13404	0.572472	2.52646	0.642359	1.73029	0.76768	1.75286	0.952281	1.06916	0.53899	1.90871	0.646329	2.00196	0.802982	1.1975	0.937163	1.52246
0.575031	2.52429	0.419913	2.13325	0.574825	2.52447	0.643973	1.73367	0.769315	1.75644	0.953279	1.07394	0.540768	1.90822	0.648196	2.00637	0.804101	1.20302	0.938582	1.52418
0.577382	2.52223	0.4219	2.13249	0.577176	2.52239	0.64559	1.73715	0.770953	1.75995	0.954282	1.07863	0.542546	1.90775	0.650068	2.01069	0.805224	1.20856	0.940003	1.52589
0.579731	2.51999	0.423887	2.1317	0.579525	2.52021	0.64721	1.74076	0.772595	1.76347	0.955289	1.08336	0.544323	1.90733	0.651943	2.01494	0.806353	1.21408	0.941426	1.52755
0.582078	2.51774	0.425872	2.13095	0.581872	2.51794	0.648834	1.74439	0.774239	1.76687	0.956301	1.08814	0.5461	1.90694	0.653822	2.01908	0.807486	1.21958	0.94285	1.52918
0.584423	2.51537	0.427858	2.13016	0.584217	2.5156	0.650461	1.74812	0.775887	1.77022	0.957317	1.09288	0.547877	1.90664	0.655705	2.02313	0.808625	1.22512	0.944275	1.53077
0.586765	2.5129	0.429842	2.12937	0.58656	2.51312	0.652091	1.75199	0.777538	1.77358	0.958337	1.09759	0.549653	1.90634	0.657592	2.02709	0.809769	1.23063	0.945702	1.53233
0.589105	2.51035	0.431825	2.12861	0.5889	2.51055	0.653725	1.75594	0.779192	1.77687	0.959362	1.10232	0.551429	1.90608	0.659483	2.03102	0.810918	1.23614	0.94713	1.53392
0.591443	2.50764	0.433808	2.12779	0.591238	2.50792	0.655363	1.75997	0.780849	1.78009	0.960391	1.10711	0.553205	1.90591	0.661377	2.03481	0.812073	1.24163	0.94856	1.53548
0.593778	2.5049	0.43579	2.12701	0.593573	2.50513	0.657005	1.76411	0.782509	1.78324	0.961425	1.11184	0.55498	1.90576	0.663274	2.0385	0.813232	1.24713	0.949992	1.53696
0.59611	2.50203	0.437772	2.12626	0.595906	2.50224	0.65865	1.76837	0.784172	1.78635	0.962463	1.11656	0.556756	1.90564	0.665175	2.04218	0.814396	1.25262	0.951424	1.53846
0.59844	2.49901	0.439752	2.12544	0.598236	2.49929	0.6603	1.77274	0.785838	1.78945	0.963505	1.12133	0.558531	1.90558	0.66708	2.04573	0.815566	1.25815	0.952858	1.53995
0.600767	2.4959	0.441732	2.12463	0.600563	2.49621	0.661954	1.77716	0.787506	1.79249	0.964552	1.12606	0.560307	1.90555	0.668987	2.04916	0.816741	1.26367	0.954294	1.54135
0.603091	2.49269	0.443711	2.12386	0.602887	2.49298	0.663611	1.78175	0.789178	1.79545	0.965604	1.1308	0.562082	1.90558	0.670898	2.05252	0.817921	1.26913	0.955731	1.54279
0.605412	2.4894	0.44569	2.12307	0.605209	2.48968	0.665274	1.78646	0.790852	1.79835	0.966659	1.13556	0.563858	1.90562	0.672812	2.05585	0.819106	1.27461	0.957169	1.5442
0.60773	2.48593	0.447667	2.12223	0.607527	2.48624	0.66694	1.79123	0.792529	1.80127	0.96772	1.14031	0.565633	1.90569	0.674729	2.05909	0.820296	1.28014	0.958608	1.54556
0.610044	2.48236	0.449644	2.12145	0.609842	2.48269	0.668611	1.79614	0.794208	1.80408	0.968784	1.14507	0.567409	1.90586	0.676649	2.06221	0.821491	1.28564	0.960049	1.54691
0.612355	2.47867	0.451621	2.12066	0.612153	2.47901	0.670287	1.8012	0.79589	1.80684	0.969853	1.1498	0.569184	1.90602	0.678572	2.06528	0.822692	1.29111	0.96149	1.54824
0.614663	2.47485	0.453596	2.11986	0.614461	2.47515	0.671968	1.8064	0.797575	1.80962	0.970927	1.15457	0.57096	1.90621	0.680497	2.06823	0.823897	1.29659	0.962934	1.54956
0.616967	2.47089	0.455571	2.11905	0.616765	2.47125	0.673653	1.81171	0.799262	1.81232	0.972005	1.15931	0.572736	1.90649	0.682426	2.07111	0.825108	1.30211	0.964378	1.55084
0.619267	2.46678	0.457545	2.11821	0.619066	2.46717	0.675344	1.81712	0.800952	1.81495	0.973087	1.16405	0.574513	1.90678	0.684357	2.07393	0.826323	1.30762	0.965823	1.55211
0.621563	2.46261	0.459518	2.11743	0.621362	2.46293	0.677039	1.82271	0.802644	1.81752	0.974174	1.16885	0.576289	1.9071	0.68629	2.07666	0.827544	1.31312	0.96727	1.55336
0.623856	2.45825	0.46149	2.11663	0.623655	2.45862	0.67874	1.82844	0.804339	1.82008	0.975265	1.17358	0.578066	1.90745	0.688226	2.07935	0.82877	1.31858	0.968718	1.55458
0.626144	2.45372	0.463462	2.11583	0.625944	2.45415	0.680446	1.83423	0.806036	1.82257	0.976361	1.17833	0.579844	1.90784	0.690165	2.0819	0.830001	1.32405	0.970167	1.55581
0.628428	2.44908	0.465433	2.11503	0.628228	2.44951	0.682158	1.84024	0.807735	1.82502	0.977461	1.18313	0.581621	1.90826	0.692106	2.08435	0.831237	1.32961	0.971617	1.55701
0.630708	2.44431	0.467403	2.11418	0.630508	2.44473	0.683875	1.84639	0.809437	1.82746	0.978565	1.18787	0.5834	1.90872	0.694049	2.08682	0.832479	1.3351	0.973068	1.55812
0.632983	2.43936	0.469372	2.1134	0.632784	2.43981	0.685599	1.85266	0.81114	1.82981	0.979674	1.19262	0.585178	1.90925	0.695994	2.08915	0.833725	1.34059	0.97452	1.55926
0.635253	2.43428	0.471341	2.1126	0.635055	2.43472	0.687328	1.85908	0.812846	1.83212	0.980788	1.19741	0.586957	1.90977	0.697942	2.09138	0.834977	1.34612	0.975974	1.56042
0.637519	2.42907	0.473309	2.11176	0.637321	2.42953	0.689063	1.86567	0.814554	1.83441	0.981905	1.20215	0.588737	1.91032	0.699891	2.09359	0.836234	1.35159	0.977428	1.56151
0.639779	2.42368	0.475276	2.11098	0.639582	2.42416	0.690804	1.8724	0.816265	1.83666	0.983028	1.2069	0.590517	1.91093	0.701843	2.09569	0.837495	1.35712	0.978883	1.56257
0.642035	2.41813	0.477242	2.11015	0.641838	2.41861	0.692552	1.87928	0.817977	1.83881	0.984154	1.21169	0.592298	1.91152	0.703796	2.09769	0.838762	1.36262	0.98034	1.56365
0.644285	2.41246	0.479208	2.10933	0.644088	2.41298	0.694306	1.88631	0.819691	1.84094	0.985286	1.21647	0.594079	1.91219	0.705752	2.09967	0.840035	1.36812	0.981797	1.5647
0.64653	2.40662	0.481173	2.10855	0.646334	2.40713	0.696067	1.89349	0.821407	1.84307	0.986421	1.22124	0.595861	1.91288	0.707709	2.10155	0.841312	1.37369	0.983255	1.56574
0.64877	2.40059	0.483137	2.10772	0.648574	2.40113	0.697834	1.90089	0.823125	1.84513	0.987561	1.226	0.597643	1.9136	0.709668	2.10333	0.842594	1.37919	0.984715	1.56673
0.651004	2.39443	0.4851	2.10691	0.650808	2.39498	0.699609	1.90839	0.824845	1.84714	0.988706	1.23076	0.599427	1.91432	0.711628	2.10509	0.843882	1.38472	0.986175	1.56771
0.653232	2.38812	0.487063	2.10613	0.653037	2.38868	0.70139	1.91603	0.826567	1.8491	0.989855	1.23552	0.60121	1.91509	0.71359	2.10675	0.845174	1.39027	0.987636	1.56871
0.655454	2.38167	0.489025	2.10531	0.655259	2.38223	0.703179	1.92388	0.828291	1.85103	0.991008	1.24029	0.602995	1.91591	0.715554	2.10834	0.846472	1.39579	0.989098	1.56965
0.65767	2.37504	0.490986	2.10445	0.657476	2.37564	0.704975	1.93186	0.830016	1.85291	0.992166	1.24508	0.604781	1.91672	0.717519	2.10984	0.847775	1.40133	0.990561	1.57059
0.659879	2.36825	0.492946	2.10366	0.659686	2.36887	0.706779	1.94	0.831744	1.85477	0.993328	1.24986	0.606567	1.91757	0.719485	2.11128	0.849084	1.40685	0.992025	1.5715
0.662083	2.36134	0.494906	2.1029	0.66189	2.36193	0.70859	1.94827	0.833473	1.85658	0.994495	1.25463	0.608354	1.91843	0.721453	2.11266	0.850397	1.41243	0.993489	1.5724
0.664279	2.35426	0.496865	2.10208	0.664087	2.35491	0.710409	1.95673	0.835203	1.85832	0.995666	1.25943	0.610141	1.91934	0.723422	2.11394	0.851715	1.418	0.994955	1.57329
0.666469	2.34702	0.498823	2.10123	0.666278	2.3477	0.712236	1.96532	0.836935	1.86008	0.996842	1.26418	0.61193	1.92027	0.725392	2.1152	0.853039	1.42353	0.996421	1.57413
0.668653	2.3397	0.50078	2.10044	0.668462	2.34032	0.714072	1.97405	0.838669	1.86176	0.998022	1.26893	0.61372	1.92121	0.727363	2.11638	0.854368	1.42912	0.997888	1.575
0.670829	2.33219	0.502737	2.09968	0.670639	2.33282	0.715915	1.98295	0.840405	1.86337	0.999206	1.27376	0.61551	1.92216	0.729336	2.11744	0.855702	1.4347	0.999356	1.57587
0.672999	2.32456	0.504693	2.09886	0.672809	2.32523	0.717767	1.99194	0.842141	1.86498	1.0004	1.27618	0.617301	1.92314	0.731309	2.11845	0.857041	1.44027	1.00082	1.5763
0.675161	2.31682	0.506648	2.09804	0.674972	2.31751	0.719627	2.00105	0.84388	1.86655			0.619094	1.92419	0.733283	2.1194	0.858386	1.44587		
0.677316	2.30893	0.508602	2.09723	0.677127	2.30963	0.721495	2.01033	0.84562	1.86807			0.620887	1.92522	0.735258	2.12027	0.859736	1.45146		
0.679463	2.30095	0.510556	2.09643	0.679275	2.30166	0.723373	2.01977	0.847361	1.8696			0.622681	1.92625	0.737234	2.12111	0.861091	1.45703		
0.681603	2.29286	0.512509	2.09566	0.681416	2.29357	0.725259	2.02925	0.849103	1.87102			0.624476	1.92731	0.739211	2.12186	0.862451	1.46264		
0.683736	2.28464	0.514461	2.09483	0.683549	2.28535	0.727154	2.03882	0.850847	1.87243			0.626272	1.92843	0.741188	2.12256	0.863816	1.46827		
0.68586	2.27636	0.516412	2.09405	0.685675	2.2771	0.729058	2.04855	0.852592	1.87383			0.62807	1.92954	0.743166	2.12317	0.865187	1.4739		
0.687977	2.268	0.518363	2.09326	0.687792	2.26877	0.730971	2.05836	0.854339	1.87515			0.629868	1.93064	0.745144	2.1237	0.866563	1.4795		
0.690087	2.25958	0.520313	2.09246	0.689902	2.26032	0.732894	2.06821	0.856087	1.87644			0.631667	1.93178	0.747123	2.12422	0.867944	1.48515		
0.692188	2.25108	0.522262	2.09166	0.692004	2.2518	0.734825	2.07815	0.857835	1.8777			0.633468	1.93297	0.749102	2.12462	0.86933	1.4908		
0.694281	2.24251	0.52421	2.09086	0.694098	2.24326	0.736766	2.08814	0.859585	1.87896			0.635269	1.93415	0.751082	2.12497	0.870721	1.49644		
0.696367	2.23391	0.526158	2.09009	0.696184	2.23467	0.738716	2.09819	0.861337	1.88017			0.637072	1.93533	0.753062	2.12529	0.872118	1.50212		
0.698444	2.22532	0.528105	2.0893	0.698262	2.22606	0.740676	2.1083	0.863089	1.88133			0.638875	1.93654	0.755042	2.12553	0.873521	1.50775		
0.700513	2.2167	0.530051	2.08854	0.700332	2.21743	0.742645	2.11841	0.864842	1.88245			0.64068	1.93777	0.757023	2.12568	0.874928	1.51345		
0.702575	2.20804	0.531997	2.08776	0.702394	2.20879	0.744623	2.12852	0.866597	1.88353			0.642486	1.93901	0.759003	2.12579	0.876341	1.51916		
0.704628	2.19938	0.533942	2.08696	0.704448	2.20015	0.746611	2.13867	0.868352	1.88458			0.644293	1.94028	0.760984	2.12585	0.877759	1.5248		
0.706673	2.19073	0.535886	2.08616	0.706494	2.19151	0.748608	2.14879	0.870108	1.88562			0.646102	1.94155	0.762965	2.12584	0.879182	1.53051		
0.70871	2.18216	0.537829	2.0854	0.708532	2.1829	0.750615	2.15891	0.871866	1.88661			0.647911	1.9428	0.764945	2.12576	0.880611	1.53626		
0.710739	2.17359	0.539772	2.08465	0.710562	2.17435	0.752631	2.16898	0.873624	1.88759			0.649722	1.94408	0.766926	2.12561	0.882045	1.54195		
0.71276	2.16509	0.541713	2.08383	0.712583	2.16583	0.754657	2.179	0.875383	1.88851			0.651534	1.94539	0.768906	2.12543	0.883484	1.54765		
0.714773	2.15667	0.543655	2.08306	0.714597	2.15739	0.756692	2.18899	0.877143	1.88938			0.653347	1.94673	0.770886	2.12519	0.884928	1.5534		
0.716779	2.14825	0.545595	2.08235	0.716604	2.149	0.758736	2.19889	0.878904	1.89025			0.655161	1.94807	0.772866	2.12485	0.886378	1.55913		
0.718777	2.13997	0.547535	2.08158	0.718602	2.1407	0.760789	2.20872	0.880665	1.89113			0.656977	1.94939	0.774846	2.1245	0.887834	1.56489		
0.720766	2.13181	0.549474	2.0808	0.720592	2.13253	0.762851	2.21846	0.882427	1.89193			0.658794	1.95071	0.776825	2.1241	0.889294	1.57066		
0.722749	2.12369	0.551412	2.08004	0.722576	2.12441	0.764923	2.22813	0.884191	1.8927			0.660612	1.95207	0.778804	2.12358	0.890761	1.5764		
0.724724	2.11572	0.55335	2.07926	0.724551	2.1164	0.767003	2.23765	0.885954	1.89341			0.662431	1.95344	0.780782	2.12306	0.892232	1.58216		
0.726691	2.10785	0.555287	2.0785	0.726519	2.10851	0.769092	2.2471	0.887719	1.89414			0.664252	1.95483	0.78276	2.1225	0.893709	1.58794		
0.728651	2.10011	0.557223	2.0778	0.72848	2.10079	0.77119	2.2564	0.889484	1.89486			0.666074	1.95618	0.784737	2.12182	0.895191	1.59376		
0.730605	2.09254	0.559158	2.07704	0.730434	2.0932	0.773297	2.26552	0.89125	1.89552			0.667897	1.95755	0.786714	2.12112	0.896678	1.59956		
0.732551	2.08505	0.561093	2.07629	0.73238	2.08574	0.775412	2.27455	0.893016	1.89614			0.669722	1.959	0.78869	2.1204	0.898171	1.60535		
0.73449	2.07776	0.563027	2.07556	0.73432	2.07842	0.777535	2.28346	0.894783	1.89675			0.671547	1.96039	0.790665	2.1196	0.89967	1.61114		
0.736422	2.07063	0.564961	2.07482	0.736253	2.07124	0.779667	2.29216	0.89655	1.8973			0.673375	1.96178	0.792639	2.11872	0.901174	1.61697		
0.738348	2.06363	0.566894	2.07409	0.73818	2.06422	0.781807	2.30072	0.898318	1.89788			0.675203	1.96321	0.794613	2.11781	0.902683	1.62281		
0.740268	2.05683	0.568826	2.07335	0.7401	2.0574	0.783954	2.30914	0.900087	1.89842			0.677033	1.96461	0.796585	2.11684	0.904198	1.62862		
0.742181	2.05017	0.570757	2.07262	0.742014	2.05074	0.786109	2.31734	0.901856	1.89891			0.678864	1.96605	0.798557	2.11584	0.905718	1.6345		
0.744088	2.04369	0.572688	2.07189	0.743921	2.04422	0.788272	2.3254	0.903625	1.89941			0.680696	1.9675	0.800528	2.1148	0.907243	1.64033		
0.745989	2.03738	0.574618	2.07116	0.745823	2.03792	0.790442	2.33327	0.905395	1.89985			0.68253	1.96892	0.802498	2.11369	0.908774	1.64613		
0.747884	2.03122	0.576547	2.07042	0.747719	2.03177	0.79262	2.34094	0.907165	1.90028			0.684365	1.97037	0.804467	2.11254	0.910311	1.65204		
0.749774	2.02528	0.578476	2.06976	0.749609	2.0258	0.794805	2.34848	0.908936	1.90072			0.686202	1.97182	0.806434	2.11132	0.911853	1.65789		
0.751658	2.01953	0.580404	2.06903	0.751493	2.02003	0.796996	2.3558	0.910707	1.90109			0.688039	1.97324	0.808401	2.11008	0.9134	1.66374		
0.753537	2.0139	0.582331	2.0683	0.753373	2.0144	0.799194	2.36294	0.912479	1.90141			0.689879	1.97472	0.810366	2.1088	0.914953	1.66963		
0.755411	2.00849	0.584258	2.06764	0.755247	2.00895	0.801399	2.36995	0.91425	1.90176			0.691719	1.9762	0.81233	2.10747	0.916511	1.67547		
0.75728	2.00326	0.586184	2.06691	0.757116	2.0037	0.80361	2.37671	0.916022	1.90212			0.693561	1.97763	0.814293	2.10607	0.918075	1.68136		
0.759144	1.99815	0.588109	2.06621	0.758981	1.99858	0.805828	2.38328	0.917795	1.90241			0.695404	1.97908	0.816255	2.10463	0.919644	1.68723		
0.761003	1.99326	0.590034	2.06553	0.76084	1.99368	0.808051	2.38972	0.919567	1.9027			0.697249	1.98053	0.818215	2.10318	0.921219	1.69313		
0.762858	1.98858	0.591958	2.06483	0.762696	1.98899	0.810281	2.39594	0.92134	1.90295			0.699095	1.982	0.820174	2.10169	0.922799	1.69902		
0.764709	1.98404	0.593882	2.06415	0.764547	1.98442	0.812516	2.40198	0.923113	1.90319			0.700942	1.98349	0.822131	2.10014	0.924385	1.70489		
0.766555	1.97961	0.595805	2.06348	0.766394	1.98001	0.814757	2.40785	0.924886	1.90342			0.702791	1.98494	0.824087	2.09852	0.925976	1.71079		
0.768397	1.97541	0.597727	2.06277	0.768236	1.97579	0.817003	2.41357	0.92666	1.90361			0.704641	1.9864	0.826042	2.09691	0.927573	1.71667		
0.770236	1.97138	0.599648	2.06209	0.770075	1.9717	0.819254	2.41907	0.928434	1.90381			0.706492	1.98789	0.827995	2.09526	0.929175	1.72257		
0.772071	1.96745	0.601569	2.06146	0.77191	1.96782	0.82151	2.42442	0.930207	1.90399			0.708345	1.98937	0.829946	2.09359	0.930782	1.72846		
0.773902	1.96374	0.60349	2.06078	0.773742	1.96409	0.823772	2.42962	0.931981	1.90415			0.710199	1.99085	0.831896	2.09184	0.932396	1.73433		
0.77573	1.96019	0.605409	2.06011	0.77557	1.96047	0.826038	2.43464	0.933756	1.9043			0.712055	1.99228	0.833844	2.09005	0.934014	1.74023		
0.777555	1.95677	0.607328	2.05944	0.777395	1.95701	0.828308	2.43949	0.93553	1.90441			0.713912	1.99376	0.83579	2.08824	0.935638	1.74611		
0.779376	1.95345	0.609247	2.05882	0.779217	1.95374	0.830584	2.44419	0.937304	1.90451			0.71577	1.99524	0.837735	2.08638	0.937268	1.75198		
0.781195	1.95032	0.611165	2.05817	0.781036	1.9506	0.832863	2.44873	0.939079	1.90463			0.717629	1.99671	0.839678	2.08454	0.938903	1.75785		
0.783011	1.94737	0.613082	2.05749	0.782852	1.94761	0.835146	2.45309	0.940853	1.90472			0.71949	1.99817	0.841619	2.08266	0.940543	1.76371		
0.784824	1.9445	0.614999	2.05685	0.784665	1.94476	0.837434	2.45736	0.942628	1.90481			0.721353	1.99964	0.843559	2.0807	0.942189	1.76957		
0.786634	1.94175	0.616915	2.05624	0.786475	1.94201	0.839725	2.46144	0.944403	1.90485			0.723217	2.00111	0.845497	2.07873	0.943841	1.77543		
0.788442	1.93916	0.61883	2.0556	0.788284	1.93939	0.842021	2.46538	0.946178	1.90491			0.725082	2.00254	0.847432	2.07676	0.945498	1.78132		
0.790247	1.93674	0.620745	2.05496	0.790089	1.93691	0.844319	2.46918	0.947952	1.90497			0.726948	2.00402	0.849366	2.07474	0.94716	1.78713		
0.792051	1.93435	0.622659	2.05434	0.791893	1.93457	0.846622	2.47284	0.949727	1.90497			0.728816	2.00549	0.851299	2.07271	0.948828	1.79296		
0.793852	1.93213	0.624573	2.05374	0.793694	1.93234	0.848927	2.47643	0.951502	1.90497			0.730685	2.00693	0.853229	2.07067	0.950501	1.79881		
0.795651	1.93007	0.626486	2.05311	0.795493	1.9302	0.851236	2.47983	0.953277	1.905			0.732556	2.00841	0.855157	2.06859	0.95218	1.80459		
0.797448	1.92805	0.628399	2.05246	0.797291	1.92821	0.853548	2.48307	0.955052	1.90506			0.734428	2.00985	0.857083	2.06645	0.953864	1.81041		
0.799244	1.92613	0.630311	2.05189	0.799087	1.92634	0.855863	2.48623	0.956827	1.90505			0.736301	2.0113	0.859008	2.06432	0.955553	1.81617		
0.801037	1.92436	0.632222	2.0513	0.80088	1.92453	0.858181	2.48927	0.958602	1.90501			0.738175	2.01276	0.86093	2.06215	0.957248	1.82195		
0.80283	1.9227	0.634133	2.05068	0.802673	1.92281	0.860502	2.49219	0.960377	1.90499			0.740051	2.01418	0.86285	2.06001	0.958948	1.82773		
0.80462	1.92111	0.636044	2.05008	0.804463	1.92123	0.862825	2.495	0.962151	1.90498			0.741929	2.01563	0.864768	2.05784	0.960654	1.83348		
0.806409	1.91965	0.637953	2.04948	0.806253	1.91977	0.865151	2.49769	0.963926	1.90497			0.743807	2.01705	0.866685	2.05562	0.962365	1.83921		
0.808197	1.91826	0.639863	2.04893	0.808041	1.91839	0.867479	2.50024	0.965701	1.90497			0.745687	2.01849	0.868599	2.05341	0.964081	1.84493		
0.809984	1.91691	0.641771	2.04836	0.809827	1.91703	0.86981	2.50272	0.967476	1.90493			0.747568	2.01994	0.870511	2.05117	0.965803	1.85061		
0.811769	1.91569	0.643679	2.04775	0.811613	1.91581	0.872143	2.50514	0.969251	1.90488			0.749451	2.02136	0.872421	2.04891	0.967529	1.85627		
0.813553	1.9146	0.645587	2.04718	0.813397	1.91468	0.874478	2.50741	0.971026	1.90488			0.751335	2.02277	0.874329	2.04669	0.969261	1.86195		
0.815337	1.91354	0.647494	2.04661	0.815181	1.91361	0.876815	2.50957	0.9728	1.90485			0.75322	2.02417	0.876235	2.04444	0.970999	1.86758		
0.817119	1.91257	0.649401	2.04606	0.816963	1.91263	0.879154	2.51164	0.974575	1.9048			0.755107	2.0256	0.878139	2.04214	0.972742	1.87318		
0.818901	1.91168	0.651307	2.0455	0.818745	1.91174	0.881495	2.51362	0.97635	1.90477			0.756995	2.02701	0.88004	2.03982	0.974489	1.87876		
0.820681	1.9108	0.653212	2.04492	0.820525	1.91093	0.883838	2.51549	0.978124	1.90476			0.758884	2.02838	0.88194	2.03756	0.976242	1.88433		
0.822461	1.91007	0.655117	2.04442	0.822305	1.91015	0.886182	2.51731	0.979899	1.90475			0.760774	2.02979	0.883837	2.03526	0.978001	1.88987		
0.824241	1.90941	0.657022	2.04387	0.824085	1.90944	0.888529	2.51906	0.981674	1.90471			0.762666	2.03123	0.885732	2.03294	0.979764	1.89538		
0.826019	1.90878	0.658926	2.0433	0.825863	1.90882	0.890876	2.52067	0.983448	1.90469			0.764559	2.03261	0.887625	2.03068	0.981532	1.90088		
0.827797	1.90822	0.660829	2.04276	0.827642	1.90826	0.893226	2.5222	0.985223	1.90472			0.766454	2.03396	0.889516	2.02834	0.983306	1.90634		
0.829575	1.90771	0.662732	2.04224	0.829419	1.90772	0.895576	2.5237	0.986997	1.9047			0.768349	2.03533	0.891405	2.02604	0.985085	1.91175		
0.831352	1.90728	0.664635	2.04172	0.831196	1.90731	0.897928	2.52508	0.988772	1.90469			0.770246	2.03671	0.893291	2.02375	0.986868	1.91716		
0.833129	1.90688	0.666537	2.0412	0.832973	1.90692	0.900281	2.52635	0.990547	1.90472			0.772145	2.0381	0.895176	2.02143	0.988657	1.92254		
0.834905	1.90653	0.668438	2.04069	0.83475	1.90658	0.902636	2.52761	0.992321	1.90473			0.774044	2.03949	0.897058	2.0191	0.990451	1.92787		
0.836682	1.90628	0.670339	2.04017	0.836526	1.90633	0.904991	2.52879	0.994096	1.90478			0.775945	2.04084	0.898938	2.0168	0.992249	1.93317		
0.838458	1.90609	0.67224	2.03966	0.838302	1.9061	0.907348	2.52985	0.995871	1.90483			0.777847	2.04214	0.900816	2.01456	0.994053	1.93842		
0.840233	1.90588	0.67414	2.03915	0.840078	1.90591	0.909705	2.53086	0.997645	1.9049			0.77975	2.04349	0.902692	2.01222	0.995862	1.94364		
0.842009	1.90574	0.67604	2.03867	0.841853	1.90574	0.912064	2.5318	0.99942	1.90493			0.781655	2.04486	0.904566	2.00992	0.997675	1.94885		
0.843784	1.90567	0.677939	2.03818	0.843629	1.90566	0.914423	2.53268	1.00119	1.90494			0.783561	2.0462	0.906437	2.00767	0.999493	1.95402		
0.84556	1.90563	0.679838	2.03767	0.845404	1.90565	0.916783	2.53348					0.785468	2.04753	0.908307	2.00541	1.00132	1.95658		
0.847335	1.90565	0.681736	2.0372	0.84718	1.90565	0.919144	2.53421					0.787376	2.04882	0.910174	2.00315				
0.849111	1.9057	0.683634	2.03671	0.848955	1.90569	0.921506	2.53487					0.789286	2.05012	0.912039	2.00092				
0.850886	1.90576	0.685531	2.03625	0.850731	1.90574	0.923868	2.53546					0.791196	2.05147	0.913903	1.99866				
0.852662	1.9059	0.687428	2.03576	0.852507	1.90588	0.92623	2.53601					0.793108	2.05277	0.915764	1.99644				
0.854438	1.90608	0.689324	2.03529	0.854282	1.90605	0.928593	2.5365					0.795021	2.05407	0.917623	1.99423				
0.856214	1.90624	0.691221	2.03484	0.856058	1.90622	0.930957	2.53689					0.796936	2.05535	0.91948	1.99203				
0.85799	1.90647	0.693116	2.03436	0.857834	1.90645	0.93332	2.53724					0.798851	2.05661	0.921335	1.98986				
0.859766	1.90676	0.695011	2.03393	0.859611	1.90671	0.935684	2.53752					0.800768	2.05794	0.923188	1.98768				
0.861543	1.90702	0.696906	2.0335	0.861387	1.90702	0.938049	2.53773					0.802686	2.05918	0.925038	1.98553				
0.86332	1.90734	0.698801	2.03303	0.863164	1.90736	0.940413	2.53791					0.804605	2.06043	0.926887	1.98339				
0.865097	1.90771	0.700695	2.03257	0.864941	1.90767	0.942778	2.53797					0.806525	2.06171	0.928734	1.9813				
0.866875	1.90808	0.702588	2.03216	0.866719	1.90805	0.945142	2.53799					0.808447	2.06298	0.930579	1.97922				
0.868653	1.90849	0.704481	2.03174	0.868497	1.90846	0.947507	2.53801					0.810369	2.0642	0.932422	1.97713				
0.870431	1.90895	0.706374	2.03127	0.870275	1.90889	0.949872	2.5379					0.812293	2.06543	0.934263	1.97505				
0.87221	1.9094	0.708266	2.03089	0.872054	1.90935	0.952236	2.53774					0.814218	2.06667	0.936103	1.97306				
0.873989	1.90988	0.710158	2.03048	0.873833	1.90981	0.954601	2.53755					0.816144	2.06787	0.93794	1.97104				
0.875769	1.91041	0.71205	2.03002	0.875613	1.91033	0.956965	2.53731					0.818071	2.06913	0.939775	1.96904				
0.877549	1.9109	0.713941	2.02964	0.877393	1.91088	0.959329	2.53697					0.82	2.07035	0.941609	1.96713				
0.879329	1.91147	0.715832	2.02923	0.879173	1.91141	0.961692	2.53654					0.821929	2.07151	0.943441	1.96518				
0.881111	1.91205	0.717722	2.02884	0.880954	1.91201	0.964055	2.53607					0.82386	2.07271	0.945271	1.96322				
0.882892	1.91263	0.719612	2.02847	0.882736	1.9126	0.966418	2.53558					0.825792	2.07393	0.947099	1.96136				
0.884675	1.91325	0.721502	2.02802	0.884518	1.91319	0.96878	2.53501					0.827724	2.07509	0.948926	1.95951				
0.886457	1.91386	0.723391	2.02765	0.886301	1.91381	0.971141	2.53435					0.829658	2.07626	0.950751	1.95768				
0.888241	1.91452	0.72528	2.02728	0.888085	1.91445	0.973502	2.53366					0.831593	2.07743	0.952574	1.95584				
0.890025	1.91519	0.727169	2.02688	0.889869	1.91514	0.975863	2.53291					0.833529	2.0786	0.954395	1.95404				
0.89181	1.91589	0.729057	2.02653	0.891653	1.91581	0.978222	2.5321					0.835467	2.07977	0.956215	1.95234				
0.893595	1.9166	0.730945	2.02614	0.893438	1.91652	0.980581	2.53118					0.837405	2.0809	0.958033	1.95061				
0.895381	1.91729	0.732833	2.02576	0.895224	1.91723	0.982939	2.5302					0.839344	2.08202	0.95985	1.94887				
0.897168	1.918	0.73472	2.02542	0.897011	1.91796	0.985296	2.52917					0.841284	2.08317	0.961665	1.94719				
0.898955	1.91876	0.736607	2.02507	0.898798	1.91869	0.987652	2.52806					0.843226	2.08432	0.963478	1.94558				
0.900743	1.91954	0.738493	2.02471	0.900586	1.91946	0.990006	2.52693					0.845168	2.08542	0.96529	1.94397				
0.902532	1.92029	0.74038	2.02435	0.902375	1.92024	0.99236	2.5257					0.847112	2.08651	0.9671	1.9424				
0.904321	1.92108	0.742266	2.02402	0.904164	1.921	0.994713	2.52439					0.849056	2.08764	0.968909	1.94084				
0.906111	1.92187	0.744151	2.02368	0.905955	1.92178	0.997064	2.52304					0.851002	2.08872	0.970717	1.93929				
0.907902	1.92267	0.746037	2.02336	0.907745	1.92261	0.999414	2.52159					0.852948	2.08981	0.972523	1.93779				
0.909694	1.92351	0.747922	2.02301	0.909537	1.92343	1.00176	2.52084					0.854896	2.09091	0.974328	1.93634				
0.911487	1.92433	0.749806	2.02266	0.91133	1.92424							0.856845	2.09197	0.976131	1.93488				
0.91328	1.92518	0.751691	2.02233	0.913123	1.92509							0.858794	2.09308	0.977933	1.93346				
0.915074	1.92601	0.753575	2.02203	0.914917	1.92595							0.860745	2.09412	0.979734	1.93212				
0.916869	1.92686	0.755458	2.02172	0.916712	1.92682							0.862696	2.09515	0.981533	1.9308				
0.918664	1.92777	0.757342	2.02139	0.918507	1.92766							0.864649	2.09625	0.983332	1.92944				
0.920461	1.92862	0.759225	2.02108	0.920304	1.92852							0.866602	2.09727	0.985129	1.92814				
0.922258	1.92949	0.761108	2.02077	0.922101	1.92942							0.868557	2.0983	0.986925	1.92694				
0.924056	1.9304	0.762991	2.02048	0.923899	1.93032							0.870512	2.09932	0.988719	1.92568				
0.925855	1.93129	0.764873	2.02018	0.925698	1.9312							0.872469	2.10031	0.990513	1.92446				
0.927655	1.93221	0.766755	2.01989	0.927497	1.93212							0.874426	2.10136	0.992305	1.92334				
0.929456	1.93315	0.768637	2.01956	0.929298	1.93306							0.876384	2.10239	0.994097	1.92219				
0.931257	1.93402	0.770518	2.01928	0.931099	1.93396							0.878344	2.10335	0.995887	1.92107				
0.93306	1.93497	0.772399	2.01903	0.932902	1.93489							0.880304	2.10434	0.997677	1.92				
0.934863	1.93592	0.77428	2.01873	0.934705	1.93583							0.882265	2.10535	0.999465	1.91895				
0.936667	1.93684	0.776161	2.01846	0.936509	1.93674							0.884227	2.10633	1.00125	1.91843				
0.938472	1.93777	0.778042	2.01819	0.938314	1.93771							0.88619	2.10729						
0.940278	1.93871	0.779922	2.0179	0.94012	1.93867							0.888154	2.10825						
0.942085	1.9397	0.781802	2.01765	0.941926	1.93959							0.890118	2.10921						
0.943892	1.94066	0.783681	2.01738	0.943734	1.94056							0.892084	2.11013						
0.945701	1.94162	0.785561	2.01713	0.945542	1.94153							0.89405	2.1111						
0.94751	1.94258	0.78744	2.01686	0.947352	1.94248							0.896018	2.11206						
0.949321	1.94357	0.789319	2.01661	0.949162	1.94347							0.897986	2.11298						
0.951132	1.94454	0.791198	2.01638	0.950973	1.94445							0.899955	2.11388						
0.952944	1.9455	0.793076	2.01612	0.952785	1.94544							0.901925	2.11481						
0.954757	1.9465	0.794955	2.01588	0.954598	1.94642							0.903896	2.11574						
0.956571	1.94747	0.796833	2.01561	0.956412	1.94738							0.905867	2.11662						
0.958386	1.94847	0.798711	2.01541	0.958227	1.94838							0.90784	2.11753						
0.960202	1.94948	0.800588	2.01519	0.960043	1.94939							0.909813	2.11842						
0.962019	1.95046	0.802466	2.01494	0.961859	1.95037							0.911787	2.11931						
0.963836	1.95143	0.804343	2.0147	0.963677	1.95137							0.913762	2.12019						
0.965655	1.95246	0.80622	2.01447	0.965496	1.95239							0.915738	2.12104						
0.967475	1.95346	0.808097	2.01425	0.967315	1.95337							0.917714	2.1219						
0.969295	1.95447	0.809973	2.01403	0.969136	1.95437							0.919692	2.12277						
0.971116	1.95548	0.81185	2.01384	0.970957	1.95539							0.92167	2.12361						
0.972939	1.95647	0.813726	2.01364	0.972779	1.95637							0.923649	2.12447						
0.974762	1.95747	0.815602	2.01343	0.974602	1.95738							0.925629	2.1253						
0.976586	1.95849	0.817478	2.01322	0.976427	1.95839							0.927609	2.12612						
0.978412	1.95951	0.819353	2.013	0.978252	1.95941							0.929591	2.12697						
0.980238	1.96049	0.821229	2.01278	0.980078	1.96044							0.931573	2.12779						
0.982065	1.96154	0.823104	2.0126	0.981905	1.96142							0.933555	2.12861						
0.983893	1.96253	0.824979	2.01243	0.983733	1.96247							0.935539	2.12939						
0.985722	1.96355	0.826854	2.0122	0.985562	1.96346							0.937523	2.13021						
0.987552	1.96456	0.828728	2.01202	0.987391	1.96447							0.939508	2.13103						
0.989382	1.96559	0.830603	2.01185	0.989222	1.96549							0.941494	2.13177						
0.991214	1.96661	0.832477	2.01166	0.991054	1.96648							0.943481	2.13257						
0.993047	1.9676	0.834351	2.01149	0.992886	1.96752							0.945468	2.13334						
0.994881	1.96864	0.836225	2.01133	0.99472	1.96855							0.947456	2.1341						
0.996715	1.96964	0.838099	2.01114	0.996555	1.96955							0.949445	2.13491						
0.998551	1.97065	0.839973	2.01097	0.99839	1.97056							0.951434	2.13565						
1.00039	1.97118	0.841846	2.01078	1.00023	1.97109							0.953424	2.13638						
		0.84372	2.01061									0.955415	2.13715						
		0.845593	2.01049									0.957407	2.1379						
		0.847466	2.01028									0.959399	2.13861						
		0.849339	2.0101									0.961392	2.13933						
		0.851212	2.00998									0.963385	2.14009						
		0.853084	2.00984									0.96538	2.1408						
		0.854957	2.00966									0.967374	2.14149						
		0.856829	2.0095									0.96937	2.1422						
		0.858701	2.00938									0.971366	2.14292						
		0.860573	2.00921									0.973363	2.14364						
		0.862445	2.00906									0.975361	2.1443						
		0.864317	2.00894									0.977359	2.14496						
		0.866189	2.00881									0.979357	2.14569						
		0.86806	2.00867									0.981357	2.14635						
		0.869932	2.00853									0.983357	2.14701						
		0.871803	2.00838									0.985358	2.14766						
		0.873674	2.00828									0.987359	2.14832						
		0.875545	2.00815									0.989361	2.14898						
		0.877416	2.00797									0.991363	2.14964						
		0.879287	2.00785									0.993366	2.1503						
		0.881157	2.00779									0.99537	2.15089						
		0.883028	2.00765									0.997374	2.15155						
		0.884898	2.0075									0.999379	2.15217						
		0.886769	2.0074									1.00138	2.15243						
		0.888639	2.00727																
		0.890509	2.00717																
		0.892379	2.00708																
		0.894249	2.00697																
		0.896119	2.00683																
		0.897989	2.00673																
		0.899858	2.00664																
		0.901728	2.00656																
		0.903597	2.00645																
		0.905467	2.00632																
		0.907336	2.00622																
		0.909205	2.00613																
		0.911074	2.00605																
		0.912943	2.00597																
		0.914812	2.00586																
		0.916681	2.00577																
		0.918549	2.00569																
		0.920418	2.00561																
		0.922287	2.00553																
		0.924155	2.00542																
		0.926024	2.00533																
		0.927892	2.00528																
		0.92976	2.00519																
		0.931628	2.0051																
		0.933496	2.00506																
		0.935364	2.00497																
		0.937232	2.00488																
		0.9391	2.0048																
		0.940968	2.00476																
		0.942836	2.00471																
		0.944704	2.00461																
		0.946571	2.00452																
		0.948439	2.00448																
		0.950307	2.00442																
		0.952174	2.00435																
		0.954041	2.00428																
		0.955909	2.00421																
		0.957776	2.00417																
		0.959643	2.00412																
		0.96151	2.00406																
		0.963378	2.00399																
		0.965245	2.00392																
		0.967112	2.00388																
		0.968979	2.00383																
		0.970846	2.00376																
		0.972712	2.00373																
		0.974579	2.00368																
		0.976446	2.00362																
		0.978313	2.00355																
		0.98018	2.00351																
		0.982046	2.0035																
		0.983913	2.00345																
		0.985779	2.00339																
		0.987646	2.00333																
		0.989512	2.00329																
		0.991379	2.00328																
		0.993245	2.00319																
		0.995112	2.00315																
		0.996978	2.00313																
		0.998844	2.00309																
		1.00071	2.00307																
