Sym0		Asym0		Sym1		Sym2		Sym3		Sym4		Sym5		Asym1		Asym2		Asym3		Asym4		Asym5	
388  Points		389  Points		388  Points		377  Points		370  Points		362  Points		152  Points		389  Points		380  Points		366  Points		184  Points		141  Points	
Freq (MHz)	Vgr (m/ms)	Freq (MHz)	Vgr (m/ms)	Freq (MHz)	Vgr (m/ms)	Freq (MHz)	Vgr (m/ms)	Freq (MHz)	Vgr (m/ms)	Freq (MHz)	Vgr (m/ms)	Freq (MHz)	Vgr (m/ms)	Freq (MHz)	Vgr (m/ms)	Freq (MHz)	Vgr (m/ms)	Freq (MHz)	Vgr (m/ms)	Freq (MHz)	Vgr (m/ms)	Freq (MHz)	Vgr (m/ms)
2.20312	2.65223	0.34611	0.110474	2.20377	2.6524	0.692295	0.15713	1.26938	-0.093599	1.38444	0.118733	2.07659	-0.412868	0.346238	0.245844	0.846157	-0.136819	1.03846	0.192157	1.69243	-0.440905	1.7306	0.416924
2.197	2.65127	0.346365	0.208183	2.19765	2.65147	0.692657	0.221315	1.26917	-0.172684	1.38471	0.214063	2.07564	-0.628048	0.346805	0.342738	0.845841	-0.182647	1.03891	0.258172	1.69141	-0.654894	1.73156	0.649017
2.19089	2.64936	0.347071	0.402361	2.19154	2.64958	0.693316	0.348758	1.26859	-0.327689	1.38543	0.401618	2.07369	-1.00596	0.34782	0.534909	0.845314	-0.272818	1.03965	0.388833	1.6894	-1.02792	1.73359	1.05892
2.18478	2.64743	0.348222	0.593403	2.18543	2.64763	0.694267	0.473932	1.26766	-0.474807	1.38657	0.581244	2.071	-1.2819	0.349274	0.722961	0.844582	-0.359482	1.0407	0.516196	1.68667	-1.29576	1.73645	1.36324
2.17867	2.64541	0.349809	0.779856	2.17932	2.64563	0.695503	0.596034	1.2664	-0.611207	1.38811	0.75014	2.06778	-1.47094	0.351156	0.905486	0.843655	-0.44155	1.04204	0.63916	1.68343	-1.47616	1.73988	1.57785
2.17257	2.64328	0.351821	0.960503	2.17322	2.64354	0.697017	0.71448	1.26484	-0.734886	1.39003	0.906437	2.06421	-1.5967	0.353453	1.08142	0.842545	-0.518161	1.04365	0.756987	1.67985	-1.59386	1.74373	1.72765
2.16647	2.64113	0.354242	1.13422	2.16712	2.64133	0.6988	0.828691	1.263	-0.844769	1.39229	1.04904	2.06041	-1.67911	0.356147	1.24983	0.841264	-0.588694	1.04553	0.869082	1.67607	-1.66915	1.74786	1.83345
2.16038	2.63889	0.357055	1.30009	2.16103	2.63911	0.700842	0.938094	1.26094	-0.940461	1.39487	1.17764	2.05646	-1.73238	0.35922	1.40991	0.839828	-0.652563	1.04766	0.974911	1.67215	-1.71611	1.75219	1.90991
2.15429	2.63661	0.360241	1.45752	2.15494	2.63687	0.70313	1.04228	1.25866	-1.02228	1.39773	1.29254	2.05241	-1.76574	0.362653	1.5611	0.838253	-0.709401	1.05003	1.07422	1.66815	-1.74372	1.75667	1.96651
2.14821	2.63425	0.363781	1.60582	2.14886	2.63452	0.705652	1.14093	1.25622	-1.09084	1.40084	1.39446	2.04831	-1.78523	0.366424	1.70292	0.836554	-0.758991	1.05262	1.16677	1.6641	-1.7578	1.76126	2.00926
2.14214	2.63179	0.367652	1.74473	2.14278	2.63208	0.708395	1.23385	1.25363	-1.14695	1.40416	1.48434	2.04417	-1.79477	0.370512	1.83519	0.83475	-0.801189	1.05541	1.25249	1.66004	-1.76214	1.76594	2.04211
2.13607	2.6293	0.371833	1.87408	2.13671	2.62955	0.711346	1.32083	1.25093	-1.19173	1.40769	1.56318	2.04003	-1.79685	0.374893	1.95785	0.832857	-0.835927	1.0584	1.33151	1.65597	-1.75918	1.77069	2.06766
2.13	2.62672	0.3763	1.9937	2.13065	2.62698	0.71449	1.40177	1.24813	-1.2262	1.41138	1.63207	2.03588	-1.79332	0.379547	2.07081	0.830892	-0.863215	1.06156	1.40391	1.65192	-1.75063	1.77549	2.08763
2.12395	2.62405	0.381033	2.10367	2.12459	2.62432	0.717814	1.47671	1.24527	-1.25134	1.41522	1.69207	2.03175	-1.78531	0.38445	2.17414	0.828873	-0.88322	1.06488	1.46984	1.64789	-1.73755	1.78032	2.10327
2.11789	2.62129	0.386008	2.20408	2.11854	2.62158	0.721305	1.54558	1.24236	-1.26801	1.41919	1.74404	2.02764	-1.77368	0.38958	2.26801	0.826816	-0.895984	1.06834	1.52955	1.6439	-1.72076	1.78519	2.11535
2.11185	2.61847	0.391204	2.2951	2.11249	2.6188	0.724947	1.60839	1.23942	-1.27704	1.42327	1.78886	2.02357	-1.75907	0.394916	2.35261	0.824739	-0.901664	1.07194	1.58327	1.63995	-1.70082	1.79008	2.12441
2.10581	2.61554	0.3966	2.37687	2.10645	2.61587	0.728727	1.66532	1.23646	-1.27919	1.42744	1.82738	2.01953	-1.74178	0.400437	2.42813	0.822656	-0.900425	1.07565	1.63125	1.63605	-1.67807	1.795	2.13098
2.09978	2.61253	0.402173	2.44961	2.10042	2.61287	0.732632	1.71641	1.23351	-1.275	1.4317	1.8601	2.01553	-1.72214	0.406122	2.49496	0.820583	-0.892309	1.07946	1.67381	1.63221	-1.65285	1.79992	2.13532
2.09375	2.60946	0.407904	2.51355	2.09439	2.6098	0.736648	1.76176	1.23058	-1.26509	1.43602	1.88769	2.01158	-1.70044	0.411193	2.54621	0.818538	-0.877468	1.08337	1.7111	1.62843	-1.62527	1.80485	2.13763
2.08774	2.6063	0.413773	2.56886	2.08838	2.6066	0.740762	1.80147	1.22767	-1.24988	1.44041	1.91065	2.00768	-1.67682	0.415592	2.58487	0.816534	-0.855989	1.08736	1.74342	1.62471	-1.59553	1.80978	2.13807
2.08173	2.603	0.419759	2.61576	2.08236	2.60335	0.744961	1.83562	1.22481	-1.22964	1.44484	1.92931	2.00384	-1.65133	0.419278	2.61329	0.814587	-0.8279	1.09142	1.771	1.62106	-1.56373	1.81472	2.13676
2.07572	2.59961	0.425844	2.65433	2.07636	2.59999	0.749233	1.86438	1.222	-1.20476	1.44931	1.94407	2.00006	-1.62409	0.422218	2.63349	0.812713	-0.793255	1.09553	1.79401	1.61749	-1.52994	1.81964	2.13383
2.06973	2.59613	0.432008	2.68473	2.07037	2.59649	0.753565	1.88784	1.21925	-1.17551	1.45381	1.95521	1.99635	-1.59515	0.424394	2.64721	0.810927	-0.752016	1.0997	1.8127	1.614	-1.49415	1.82456	2.12931
2.06374	2.59253	0.438233	2.7071	2.06438	2.59293	0.757945	1.90613	1.21658	-1.14206	1.45834	1.96299	1.9927	-1.56454	0.425793	2.65538	0.809243	-0.704183	1.1039	1.82717	1.6106	-1.4564	1.82947	2.12319
2.05777	2.58886	0.444501	2.72144	2.0584	2.58926	0.762362	1.91927	1.21398	-1.10452	1.46287	1.96764	1.98913	-1.5323	0.42781	2.6662	0.807677	-0.649751	1.10813	1.83764	1.60728	-1.41671	1.83436	2.11564
2.0518	2.58504	0.450792	2.72784	2.05243	2.58544	0.766802	1.92738	1.21148	-1.06307	1.46742	1.96932	1.98563	-1.49846	0.430012	2.67693	0.806245	-0.588567	1.11238	1.8443	1.60406	-1.37507	1.83923	2.10655
2.04584	2.58112	0.457089	2.72629	2.04647	2.58153	0.771256	1.93057	1.20908	-1.01782	1.47196	1.96814	1.98221	-1.46292	0.43302	2.68985	0.804961	-0.520619	1.11664	1.84716	1.60094	-1.33147	1.84408	2.0959
2.03989	2.5771	0.463374	2.71676	2.04052	2.57752	0.775711	1.9289	1.20678	-0.968831	1.4765	1.96424	1.97888	-1.42575	0.436843	2.70353	0.803842	-0.445807	1.1209	1.84634	1.59791	-1.28587	1.84891	2.08376
2.03394	2.57294	0.469627	2.69929	2.03457	2.57338	0.780158	1.9224	1.2046	-0.916199	1.48102	1.95777	1.97563	-1.38693	0.44149	2.71604	0.802904	-0.364004	1.12516	1.84208	1.595	-1.23826	1.8537	2.07011
2.02801	2.56865	0.47583	2.67389	2.02864	2.56913	0.784583	1.91115	1.20255	-0.859933	1.48553	1.94876	1.97248	-1.34643	0.446963	2.72506	0.802162	-0.27518	1.1294	1.83436	1.5922	-1.18867	1.85846	2.05497
2.02209	2.56425	0.481966	2.64043	2.02272	2.56474	0.788977	1.89525	1.20064	-0.800063	1.49002	1.93728	1.96942	-1.30424	0.453259	2.72815	0.801634	-0.179269	1.13363	1.82325	1.58952	-1.13702	1.86318	2.03823
2.01618	2.55968	0.488015	2.59902	2.01681	2.5602	0.793329	1.87473	1.19886	-0.736718	1.49447	1.92339	1.96646	-1.2603	0.459553	2.7235	0.801335	-0.0762906	1.13782	1.80893	1.58695	-1.08324	1.86786	2.01991
2.01028	2.55502	0.49396	2.54973	2.0109	2.55551	0.797629	1.84972	1.19724	-0.669868	1.49889	1.90718	1.9636	-1.2146	0.465827	2.71089	0.801282	0.0336748	1.14197	1.79143	1.58452	-1.02746	1.8725	2.00004
2.00439	2.55024	0.499782	2.4926	2.00501	2.55075	0.801865	1.8203	1.19577	-0.599596	1.50327	1.88868	1.96085	-1.16715	0.472063	2.6903	0.80149	0.150583	1.14608	1.77077	1.58221	-0.969575	1.87709	1.97854
1.99851	2.54529	0.505463	2.42786	1.99913	2.54585	0.806029	1.78649	1.19447	-0.525995	1.50761	1.86786	1.95822	-1.11795	0.478242	2.66173	0.801977	0.274023	1.15014	1.74711	1.58004	-0.909549	1.88163	1.95539
1.99264	2.54022	0.510986	2.35573	1.99326	2.54072	0.810109	1.74855	1.19334	-0.449033	1.51189	1.84484	1.95569	-1.06694	0.484346	2.62515	0.802638	0.386651	1.15415	1.72052	1.57801	-0.847432	1.88612	1.93062
1.98679	2.53499	0.516334	2.27659	1.98741	2.53553	0.81359	1.71222	1.1924	-0.368935	1.51612	1.81966	1.95329	-1.01414	0.490357	2.58067	0.803385	0.486307	1.15808	1.69107	1.57613	-0.783255	1.89054	1.90416
1.98094	2.52959	0.521492	2.19095	1.98156	2.5302	0.816498	1.67885	1.19164	-0.285792	1.52029	1.79237	1.95101	-0.959511	0.496256	2.52829	0.804134	0.571033	1.16195	1.6589	1.5744	-0.717086	1.89491	1.87599
1.97511	2.52405	0.526445	2.09936	1.97573	2.52466	0.818857	1.64971	1.19108	-0.199705	1.52439	1.76292	1.94886	-0.903066	0.502024	2.46812	0.804812	0.639422	1.16574	1.62408	1.57282	-0.648833	1.8992	1.84616
1.9693	2.51841	0.53118	2.00261	1.96991	2.519	0.820693	1.62562	1.19072	-0.11088	1.52843	1.73141	1.94685	-0.844888	0.507646	2.40046	0.80536	0.690482	1.16945	1.58674	1.57141	-0.578611	1.90343	1.81463
1.96349	2.51254	0.535686	1.90155	1.96411	2.51318	0.822025	1.60729	1.19057	-0.0195523	1.53238	1.69799	1.94497	-0.784929	0.513102	2.32554	0.805732	0.723551	1.17306	1.54706	1.57015	-0.506577	1.90757	1.78138
1.9577	2.50651	0.539955	1.79705	1.95831	2.50717	0.822869	1.59537	1.19063	0.0740729	1.53626	1.66263	1.94322	-0.723237	0.518377	2.2438	0.806299	0.771454	1.17659	1.50514	1.56907	-0.432747	1.91165	1.74646
1.95192	2.50039	0.543979	1.69023	1.95254	2.50103	0.824072	1.5779	1.19091	0.16977	1.54006	1.62539	1.94163	-0.659839	0.523457	2.15577	0.806956	0.824031	1.18001	1.46121	1.56816	-0.357231	1.91563	1.70993
1.94616	2.49407	0.547755	1.5822	1.94677	2.49473	0.825365	1.55839	1.19141	0.267123	1.54376	1.58643	1.94018	-0.594859	0.528326	2.06206	0.80792	0.89639	1.18333	1.41547	1.56742	-0.280173	1.91954	1.67173
1.94041	2.4876	0.551281	1.47404	1.94102	2.4883	0.827096	1.53122	1.19214	0.365807	1.54738	1.54586	1.93888	-0.5284	0.532973	1.96349	0.809256	0.988881	1.18654	1.36808	1.56686	-0.201717	1.92335	1.63195
1.93468	2.48095	0.554558	1.3669	1.93529	2.48166	0.829242	1.49583	1.1931	0.465543	1.5509	1.50376	1.93774	-0.460449	0.537387	1.86096	0.811047	1.10208	1.18964	1.31936	1.56649	-0.122075	1.92707	1.59071
1.92897	2.47409	0.557589	1.26184	1.92957	2.47482	0.831769	1.45149	1.19429	0.565845	1.55432	1.46028	1.93676	-0.391123	0.541561	1.75543	0.813398	1.2362	1.19263	1.26953	1.5663	-0.041454	1.93069	1.54799
1.92326	2.46712	0.560381	1.15982	1.92387	2.46788	0.834634	1.39748	1.19571	0.666328	1.55764	1.41558	1.93594	-0.320659	0.545488	1.64798	0.816428	1.39095	1.1955	1.21888	1.5663	0.0399967	1.93421	1.50393
1.91758	2.45998	0.562941	1.06177	1.91818	2.46075	0.837786	1.33329	1.19736	0.766584	1.56085	1.36984	1.93528	-0.249166	0.549166	1.5398	0.819817	1.54548	1.19825	1.16774	1.56648	0.122007	1.93763	1.45866
1.91191	2.45266	0.565281	0.96842	1.91251	2.45344	0.840787	1.26698	1.19925	0.866097	1.56396	1.32326	1.93479	-0.176711	0.552594	1.43192	0.82356	1.69874	1.20089	1.11644	1.56686	0.204291	1.94094	1.41221
1.90626	2.44519	0.56741	0.880379	1.90686	2.44599	0.843632	1.19886	1.20136	0.964489	1.56696	1.2761	1.93446	-0.103578	0.555774	1.32546	0.827656	1.84964	1.20341	1.06534	1.56743	0.286606	1.94415	1.3648
1.90063	2.43751	0.569343	0.798119	1.90123	2.43835	0.846319	1.12935	1.2037	1.06137	1.56985	1.2285	1.93431	-0.0299474	0.55871	1.22148	0.832096	1.99705	1.20581	1.01476	1.56818	0.368693	1.94724	1.31664
1.89501	2.4297	0.571093	0.722004	1.89561	2.43053	0.848844	1.05885	1.20626	1.15625	1.57263	1.18075	1.93432	0.0440217	0.561411	1.12089	0.836872	2.13996	1.2078	0.971379	1.56913	0.45025	1.95022	1.26784
1.88942	2.42177	0.572675	0.652172	1.89001	2.4226	0.851206	0.987786	1.20867	1.23705	1.5753	1.13309	1.93451	0.118059	0.563883	1.0246	0.841972	2.2776	1.20944	0.935093	1.57026	0.530965	1.95309	1.21859
1.88384	2.4136	0.574103	0.588751	1.88443	2.41449	0.853403	0.916512	1.21085	1.30432	1.57786	1.08582	1.93487	0.191938	0.566139	0.933275	0.847383	2.40922	1.21074	0.905735	1.57158	0.610512	1.95585	1.16908
1.87828	2.40532	0.575392	0.531784	1.87887	2.40618	0.855435	0.845462	1.21273	1.35863	1.58031	1.03925	1.9354	0.26543	0.56819	0.847441	0.85309	2.53414	1.21174	0.882993	1.57308	0.688674	1.95849	1.11966
1.87274	2.39688	0.576557	0.481056	1.87332	2.39777	0.857304	0.775074	1.21428	1.40069	1.58265	0.993559	1.93609	0.338291	0.57005	0.767573	0.859077	2.65189	1.21246	0.866578	1.57476	0.765162	1.96101	1.07046
1.86722	2.38827	0.577612	0.436437	1.8678	2.38923	0.859012	0.705713	1.21545	1.43133	1.58489	0.949207	1.93696	0.41026	0.571732	0.693911	0.865328	2.76219	1.21292	0.856247	1.57661	0.839623	1.96343	1.02173
1.86172	2.37956	0.578571	0.397736	1.8623	2.38049	0.860561	0.637743	1.21621	1.45059	1.58703	0.906427	1.93799	0.481102	0.573252	0.626575	0.871824	2.86476	1.21356	0.841608	1.57863	0.911788	1.96573	0.973777
1.85624	2.37064	0.579448	0.364646	1.85682	2.37158	0.861955	0.571495	1.21732	1.47767	1.58907	0.865472	1.93918	0.550568	0.574624	0.565697	0.878548	2.95944	1.21425	0.825933	1.58082	0.981484	1.96792	0.926872
1.85078	2.36165	0.580254	0.336918	1.85135	2.36262	0.863198	0.507243	1.21855	1.50687	1.59103	0.826774	1.94053	0.618383	0.575863	0.511162	0.885481	3.04615	1.21516	0.805229	1.58316	1.04844	1.97001	0.881255
1.84534	2.35253	0.581002	0.314274	1.84591	2.35349	0.864296	0.445271	1.22026	1.54582	1.59289	0.790541	1.94203	0.68436	0.576983	0.462837	0.892605	3.12488	1.21628	0.780076	1.58566	1.11233	1.97199	0.83719
1.83992	2.34323	0.581704	0.296233	1.84049	2.34424	0.865253	0.385867	1.22248	1.59362	1.59467	0.757039	1.94369	0.748271	0.577998	0.420584	0.899902	3.19563	1.2176	0.751153	1.58829	1.1731	1.97387	0.794981
1.83452	2.33385	0.582286	0.284043	1.8351	2.3349	0.866076	0.329176	1.22526	1.64932	1.59638	0.726656	1.94548	0.809881	0.578924	0.384149	0.907352	3.2584	1.21907	0.719597	1.59107	1.23054	1.97566	0.754802
1.82915	2.3244	0.582765	0.276233	1.82972	2.32536	0.866772	0.275305	1.22864	1.7116	1.59803	0.699654	1.94742	0.869016	0.579771	0.353188	0.914939	3.31329	1.22069	0.686845	1.59397	1.28442	1.97735	0.716999
1.8238	2.3148	0.583153	0.271467	1.82436	2.31582	0.867347	0.224419	1.23267	1.77898	1.59961	0.676266	1.9495	0.925543	0.580553	0.327453	0.922643	3.36033	1.22224	0.658237	1.597	1.33462	1.97897	0.681748
1.81847	2.30513	0.583455	0.268579	1.81903	2.30618	0.867808	0.176601	1.23685	1.8417	1.60115	0.656736	1.95169	0.979197	0.581282	0.306676	0.930446	3.39945	1.22373	0.634265	1.60013	1.38103	1.9805	0.649259
1.81316	2.29539	0.583676	0.267002	1.81372	2.29643	0.868162	0.131891	1.24117	1.89958	1.60264	0.641187	1.95401	1.02989	0.581969	0.290538	0.93833	3.43073	1.22517	0.615431	1.60337	1.42367	1.98196	0.619804
1.80787	2.28556	0.583816	0.266419	1.80843	2.2866	0.868416	0.0903832	1.24562	1.95247	1.60392	0.631109	1.95645	1.07759	0.582623	0.278697	0.946278	3.45406	1.22657	0.602206	1.60627	1.45763	1.98336	0.593559
1.80261	2.27572	0.584018	0.265789	1.80317	2.27674	0.868579	0.0519779	1.25018	2.00015	1.605	0.625235	1.95899	1.122	0.583255	0.270799	0.95427	3.46928	1.22795	0.595117	1.60879	1.48415	1.9847	0.570659
1.79737	2.26578	0.584237	0.265407	1.79793	2.26683	0.868656	0.0166987	1.25485	2.0426	1.60588	0.622254	1.96163	1.16316	0.583873	0.266703	0.962288	3.47626	1.22932	0.594649	1.61091	1.50449	1.98599	0.551226
1.79216	2.2558	0.584534	0.265759	1.79271	2.25684	0.868656	-0.0154957	1.25961	2.07975	1.60658	0.621307	1.96435	1.20101	0.584486	0.266047	0.970312	3.47477	1.23069	0.601373	1.6126	1.51935	1.98724	0.535505
1.78696	2.24578	0.584912	0.267139	1.78751	2.24689	0.868585	-0.0447193	1.26445	2.11144	1.60709	0.621202	1.96717	1.2354	0.585101	0.268502	0.978323	3.46458	1.23209	0.615831	1.61386	1.52963	1.98846	0.523545
1.78179	2.23579	0.585372	0.270361	1.78234	2.23687	0.86845	-0.07094	1.26935	2.13764	1.60742	0.621448	1.97006	1.26638	0.585725	0.273941	0.986301	3.44528	1.23354	0.63866	1.61467	1.53599	1.98966	0.515447
1.77664	2.22584	0.58592	0.276124	1.77719	2.22687	0.868257	-0.0943043	1.27431	2.15833	1.60789	0.622514	1.97301	1.29386	0.586365	0.282081	0.994223	3.41647	1.23504	0.67051	1.61584	1.54462	1.99084	0.511261
1.77152	2.21583	0.586566	0.285082	1.77206	2.2169	0.868014	-0.114922	1.27931	2.17343	1.6084	0.624274	1.97603	1.31784	0.587026	0.292632	1.00207	3.37783	1.23663	0.711849	1.61711	1.55351	1.99202	0.511092
1.76642	2.20585	0.587236	0.296409	1.76696	2.20693	0.867727	-0.132848	1.28434	2.18292	1.6091	0.627604	1.97909	1.3384	0.587715	0.305489	1.00981	3.32884	1.23833	0.763318	1.61886	1.56473	1.9932	0.515002
1.76134	2.19599	0.587934	0.309909	1.76188	2.19703	0.867401	-0.14822	1.28939	2.18672	1.61	0.633583	1.9822	1.35549	0.588436	0.320449	1.01743	3.26908	1.24015	0.8256	1.62109	1.57742	1.9944	0.522897
1.75628	2.18615	0.588666	0.325412	1.75682	2.18718	0.867043	-0.161179	1.29443	2.18481	1.61109	0.643548	1.98535	1.36909	0.589194	0.337268	1.0249	3.19822	1.24214	0.899111	1.6238	1.59081	1.99561	0.534803
1.75125	2.17636	0.589436	0.342795	1.75179	2.17736	0.866658	-0.171724	1.29947	2.17722	1.6124	0.658899	1.98852	1.37931	0.589993	0.355822	1.03219	3.11592	1.2443	0.984207	1.62702	1.60347	1.99686	0.55078
1.74624	2.16668	0.590248	0.361886	1.74677	2.1677	0.866251	-0.179999	1.30448	2.16398	1.61394	0.681426	1.99171	1.3862	0.590836	0.375938	1.03928	3.02196	1.24668	1.08121	1.63073	1.61421	1.99816	0.570721
1.74125	2.15713	0.591106	0.382455	1.74178	2.15818	0.865827	-0.186187	1.30946	2.14502	1.61554	0.70928	1.99492	1.38986	0.591727	0.397496	1.04613	2.91642	1.24929	1.19017	1.63447	1.62094	1.9995	0.594417
1.73629	2.14776	0.592013	0.404385	1.73681	2.14873	0.865391	-0.190307	1.31438	2.12042	1.61721	0.742506	1.99771	1.39048	0.59267	0.420359	1.05273	2.7996	1.25217	1.31083	1.63821	1.62353	2.00072	0.618183
1.73134	2.13855	0.592972	0.427618	1.73187	2.13951	0.864949	-0.19244	1.31924	2.09021	1.61897	0.781201	2.0001	1.38907	0.593667	0.444352	1.05905	2.67202	1.25534	1.44257	1.64196	1.62208	2.00179	0.64068
1.72642	2.1295	0.593986	0.451979	1.72694	2.13045	0.864503	-0.192774	1.32403	2.05448	1.62082	0.825305	2.00207	1.38667	0.594721	0.469422	1.06507	2.53465	1.25883	1.58454	1.6457	1.61663	2.00272	0.660749
1.72151	2.1207	0.595058	0.477343	1.72203	2.12162	0.864059	-0.191366	1.32872	2.01344	1.62278	0.874676	2.00362	1.38407	0.595834	0.495434	1.07075	2.38884	1.26265	1.73543	1.64942	1.60728	2.00347	0.67767
1.71663	2.1122	0.596189	0.503648	1.71715	2.11311	0.86362	-0.188282	1.33332	1.96714	1.62485	0.929208	2.00476	1.38163	0.597007	0.522282	1.07609	2.23625	1.26684	1.89353	1.65311	1.59411	2.00403	0.690641
1.71177	2.10397	0.597382	0.530753	1.71228	2.10481	0.86319	-0.183627	1.3378	1.91579	1.62706	0.988737	2.00549	1.37973	0.598244	0.549916	1.08107	2.07881	1.27139	2.05695	1.65678	1.57723	2.0044	0.699075
1.70692	2.09609	0.598638	0.558588	1.70744	2.09694	0.862773	-0.177491	1.34216	1.85972	1.62942	1.053	2.00653	1.37684	0.599545	0.578234	1.08568	1.91871	1.27633	2.22344	1.66039	1.55674	2.00493	0.711599
1.70209	2.08868	0.59996	0.587044	1.70261	2.08946	0.862371	-0.169919	1.34638	1.79909	1.63192	1.12168	2.00766	1.37348	0.600912	0.607079	1.08992	1.75824	1.28165	2.3907	1.66396	1.53284	2.00552	0.725767
1.69728	2.08176	0.601347	0.616067	1.69779	2.08241	0.861989	-0.161042	1.35046	1.73432	1.63459	1.19447	2.0092	1.36816	0.602347	0.636479	1.0938	1.59964	1.28736	2.55646	1.66747	1.50569	2.00635	0.74561
1.69249	2.07532	0.602803	0.645629	1.693	2.07601	0.861628	-0.150928	1.35439	1.66578	1.63744	1.27093	2.01113	1.36046	0.603849	0.66634	1.09731	1.44497	1.29345	2.7186	1.67091	1.47546	2.00742	0.771757
1.68771	2.06956	0.604327	0.675608	1.68821	2.07017	0.861292	-0.139572	1.35815	1.59391	1.64046	1.35061	2.01346	1.34991	0.605422	0.696505	1.10046	1.29601	1.29991	2.87528	1.67428	1.44232	2.00877	0.804935
1.68294	2.06462	0.60592	0.705942	1.68344	2.06507	0.860984	-0.127119	1.36174	1.51919	1.64367	1.43308	2.01616	1.33579	0.607064	0.727078	1.10329	1.15429	1.30672	3.02493	1.67756	1.40649	2.01043	0.845846
1.67818	2.06052	0.607585	0.736563	1.67868	2.06089	0.860706	-0.113604	1.36516	1.44209	1.64707	1.51771	2.01922	1.3173	0.608777	0.757929	1.10579	1.02092	1.31387	3.16633	1.68077	1.36828	2.01244	0.895182
1.67343	2.05745	0.609319	0.767438	1.67393	2.05772	0.86046	-0.0990838	1.3684	1.36315	1.65067	1.60394	2.02224	1.29659	0.610561	0.788955	1.108	0.896589	1.32133	3.29877	1.68388	1.32798	2.01456	0.946839
1.66868	2.05563	0.611126	0.798549	1.66919	2.05578	0.860248	-0.0836203	1.37145	1.28292	1.65447	1.69125	2.0252	1.27386	0.612418	0.820142	1.10993	0.781728	1.32909	3.42172	1.68689	1.28582	2.01681	1.00065
1.66394	2.05523	0.613005	0.829815	1.66444	2.0552	0.860074	-0.0672826	1.37432	1.20198	1.65848	1.77904	2.02812	1.24924	0.614346	0.851519	1.11161	0.676397	1.33712	3.53498	1.68981	1.24214	2.01918	1.0563
1.6592	2.05653	0.614955	0.861231	1.6597	2.0563	0.859938	-0.0500683	1.377	1.12078	1.66268	1.86665	2.03097	1.2229	0.616347	0.882991	1.11305	0.580518	1.3454	3.63863	1.69263	1.19727	2.02168	1.11346
1.65445	2.05988	0.616979	0.892723	1.65496	2.05945	0.859843	-0.0320496	1.37949	1.03997	1.66709	1.95353	2.03376	1.19509	0.618421	0.914511	1.11429	0.493797	1.35391	3.73279	1.69534	1.15154	2.02432	1.17181
1.64969	2.06562	0.619075	0.924253	1.6502	2.06488	0.85979	-0.013299	1.3818	0.959981	1.6717	2.03912	2.03649	1.16605	0.620568	0.946128	1.11533	0.415757	1.36263	3.81784	1.69794	1.10535	2.02709	1.23105
1.64492	2.0741	0.621244	0.955875	1.64543	2.07302	0.859781	0.00614709	1.38392	0.881204	1.6765	2.12296	2.03914	1.13608	0.622787	0.977756	1.1162	0.345901	1.37153	3.89421	1.70044	1.05904	2.03	1.29085
1.64012	2.08578	0.623486	0.987506	1.64063	2.0844	0.859818	0.0262705	1.38586	0.804205	1.6815	2.20447	2.04173	1.10535	0.62508	1.00939	1.11693	0.283654	1.3806	3.96227	1.70283	1.01303	2.03305	1.35089
1.63529	2.10117	0.625801	1.01914	1.63581	2.09932	0.859903	0.0470622	1.38763	0.729268	1.68667	2.28321	2.04424	1.07416	0.627445	1.04103	1.11751	0.228471	1.38982	4.02245	1.70511	0.967758	2.03623	1.41075
1.63042	2.12058	0.62819	1.05078	1.63094	2.11832	0.860035	0.0684078	1.38923	0.656716	1.69203	2.35879	2.04668	1.04279	0.629884	1.0727	1.11798	0.179749	1.39916	4.07514	1.70729	0.92359	2.03956	1.47016
1.62551	2.14447	0.630651	1.08246	1.62603	2.14174	0.860218	0.0903599	1.39066	0.586859	1.69756	2.4309	2.04905	1.01146	0.632396	1.10444	1.11834	0.137004	1.40862	4.12074	1.70938	0.880925	2.04302	1.5288
1.62053	2.17291	0.633185	1.11422	1.62106	2.16969	0.860452	0.112835	1.39194	0.519814	1.70325	2.49925	2.05135	0.980528	0.634981	1.13623	1.11861	0.099628	1.41818	4.15951	1.71136	0.840293	2.04661	1.58635
1.61548	2.20569	0.635792	1.14608	1.61602	2.20201	0.860739	0.135755	1.39306	0.455859	1.70909	2.56345	2.05358	0.95034	0.637639	1.16817	1.1188	0.0672071	1.42782	4.19171	1.71325	0.802106	2.05034	1.64249
1.61035	2.24232	0.638474	1.17808	1.6109	2.23823	0.861079	0.15919	1.39404	0.395061	1.71508	2.62332	2.05574	0.92111	0.640371	1.20036	1.11892	0.0392779	1.43752	4.21748	1.71506	0.76679	2.05419	1.69688
1.60513	2.28174	0.641229	1.21034	1.60569	2.27749	0.861474	0.183102	1.39488	0.337452	1.7212	2.6787	2.05783	0.893164	0.643178	1.23294	1.11898	0.0154257	1.44728	4.23681	1.71679	0.734886	2.05817	1.74939
1.59982	2.3228	0.644059	1.24309	1.60039	2.31843	0.861924	0.207436	1.3956	0.283159	1.72744	2.72942	2.05986	0.866851	0.646061	1.26611	1.11899	-0.00470359	1.45707	4.24985	1.71845	0.706922	2.06226	1.79962
1.59441	2.36404	0.646966	1.27654	1.59499	2.35967	0.862431	0.232164	1.39619	0.2321	1.73379	2.77537	2.06183	0.842414	0.649021	1.30031	1.11896	-0.0215065	1.46689	4.25644	1.72005	0.683419	2.06647	1.84741
1.58891	2.40398	0.64995	1.31113	1.5895	2.39982	0.862995	0.257272	1.39667	0.184267	1.74025	2.81628	2.06375	0.820272	0.652062	1.33605	1.11889	-0.0351814	1.47672	4.25629	1.72161	0.665002	2.07079	1.89251
1.58332	2.44151	0.653016	1.34747	1.58392	2.4377	0.863618	0.282717	1.39704	0.13966	1.74679	2.85216	2.06562	0.800668	0.655187	1.37417	1.1188	-0.0461204	1.48653	4.24911	1.72312	0.652351	2.07521	1.93472
1.57764	2.47593	0.656168	1.38662	1.57825	2.47245	0.8643	0.30855	1.39731	0.0981308	1.75341	2.88288	2.06744	0.783945	0.658403	1.41626	1.11868	-0.0545196	1.49633	4.2345	1.72462	0.646099	2.07972	1.97385
1.57189	2.50676	0.659415	1.43041	1.57251	2.50365	0.865042	0.334723	1.39749	0.0596414	1.7601	2.90827	2.06923	0.770419	0.661723	1.46489	1.11855	-0.0605503	1.50607	4.21178	1.7261	0.647148	2.08432	2.00971
1.56608	2.53391	0.662769	1.48185	1.5667	2.53119	0.865845	0.361213	1.39759	0.0241003	1.76683	2.92833	2.071	0.760397	0.665164	1.52465	1.1184	-0.0644811	1.51576	4.18024	1.7276	0.656461	2.08899	2.04221
1.5602	2.5576	0.666254	1.54643	1.56083	2.55521	0.866709	0.388007	1.3976	-0.00868489	1.77361	2.94286	2.07274	0.754288	0.668759	1.60342	1.11825	-0.0665198	1.52537	4.13902	1.72913	0.674961	2.09374	2.07117
1.55427	2.57802	0.669906	1.63336	1.5549	2.57601	0.867635	0.415101	1.39755	-0.0387372	1.78041	2.9517	2.07448	0.752332	0.672563	1.71344	1.1181	-0.0667334	1.53486	4.08698	1.73072	0.703839	2.09855	2.09642
1.5483	2.59559	0.673791	1.75585	1.54894	2.59386	0.868625	0.442491	1.39742	-0.0661778	1.78723	2.95481	2.07621	0.754869	0.676666	1.86708	1.11794	-0.0653388	1.54423	4.02292	1.73238	0.74439	2.10342	2.1179
1.54229	2.61072	0.678009	1.92341	1.54293	2.60922	0.869677	0.470175	1.39724	-0.0911775	1.79405	2.95204	2.07796	0.762217	0.681179	2.05998	1.11779	-0.0624809	1.55343	3.94544	1.73415	0.798063	2.10832	2.1355
1.53625	2.62369	0.682667	2.12261	1.5369	2.62242	0.870794	0.498153	1.397	-0.113821	1.80085	2.94311	2.07973	0.774717	0.686172	2.25759	1.11765	-0.0581588	1.56243	3.85312	1.73606	0.866392	2.11327	2.14909
1.53019	2.63485	0.687804	2.31238	1.53083	2.63375	0.871976	0.526387	1.39672	-0.134262	1.80763	2.92795	2.08154	0.792759	0.691597	2.41787	1.11753	-0.0526286	1.57121	3.74449	1.73815	0.95091	2.11824	2.15867
1.52409	2.64449	0.693339	2.45659	1.52474	2.6435	0.873223	0.554896	1.39638	-0.152575	1.81437	2.90646	2.08339	0.816538	0.69733	2.5261	1.11741	-0.0459817	1.57971	3.6181	1.74045	1.05315	2.12323	2.16404
1.51798	2.65279	0.699141	2.5503	1.51863	2.65195	0.874537	0.583726	1.39601	-0.168837	1.82104	2.87835	2.08531	0.846335	0.703255	2.59282	1.11731	-0.0381905	1.58791	3.47291	1.74301	1.17441	2.12823	2.16523
1.51185	2.66001	0.705108	2.60752	1.5125	2.65932	0.875917	0.612863	1.3956	-0.183266	1.82765	2.84342	2.0873	0.882474	0.709295	2.63335	1.11723	-0.0294243	1.59574	3.30836	1.74587	1.31556	2.13322	2.1622
1.50571	2.66632	0.711174	2.64243	1.50636	2.66571	0.877365	0.642299	1.39517	-0.195901	1.83417	2.80164	2.08938	0.925226	0.715407	2.65856	1.11718	-0.0197311	1.60317	3.12472	1.74908	1.47692	2.13821	2.15479
1.49955	2.67184	0.717302	2.66428	1.5002	2.67124	0.878881	0.672032	1.3947	-0.206832	1.84058	2.75292	2.09157	0.974764	0.721564	2.67472	1.11714	-0.00917163	1.61016	2.9234	1.75269	1.65769	2.14317	2.14306
1.49338	2.67664	0.723469	2.67843	1.49403	2.67616	0.880466	0.702133	1.39421	-0.216143	1.84687	2.69707	2.09388	1.03117	0.727751	2.68533	1.11713	0.00211397	1.61666	2.70684	1.75673	1.85596	2.1481	2.12705
1.4872	2.68091	0.729662	2.68788	1.48785	2.6805	0.882121	0.732601	1.3937	-0.223948	1.85302	2.63405	2.09632	1.09457	0.733956	2.6925	1.11715	0.0142021	1.62265	2.47892	1.76125	2.06869	2.15298	2.10667
1.48101	2.68468	0.735873	2.69426	1.48166	2.68428	0.883847	0.763399	1.39318	-0.230378	1.85902	2.56399	2.09893	1.1649	0.740176	2.69744	1.1172	0.0269844	1.6281	2.24454	1.76628	2.29148	2.15782	2.08194
1.47481	2.68797	0.742096	2.69858	1.47547	2.68765	0.885644	0.794655	1.39264	-0.235423	1.86486	2.48702	2.1017	1.24204	0.746405	2.70082	1.11728	0.0403336	1.63301	2.009	1.77183	2.5191	2.16259	2.05291
1.4686	2.69098	0.748327	2.70162	1.46926	2.69067	0.887514	0.826359	1.39209	-0.239191	1.8705	2.40335	2.10466	1.32583	0.75264	2.7031	1.11739	0.0543324	1.63737	1.77777	1.7779	2.74608	2.16729	2.01972
1.46239	2.69361	0.754563	2.70365	1.46305	2.69333	0.889458	0.858508	1.39154	-0.241771	1.87595	2.31332	2.10782	1.41585	0.758879	2.70461	1.11753	0.0688757	1.64121	1.55581	1.7845	2.96708	2.17191	1.98244
1.45617	2.69595	0.760803	2.70493	1.45683	2.69571	0.891476	0.891245	1.39098	-0.243208	1.88118	2.21744	2.11119	1.51165	0.765121	2.70554	1.1177	0.0838745	1.64455	1.34698	1.7916	3.17767	2.17644	1.94116
1.44995	2.69806	0.767046	2.70574	1.45061	2.69785	0.893571	0.924569	1.39041	-0.243596	1.88618	2.11621	2.11479	1.61266	0.771364	2.70608	1.11792	0.0993939	1.64743	1.15387	1.79916	3.37434	2.18087	1.89606
1.44372	2.69994	0.77329	2.70619	1.44438	2.69979	0.895743	0.958516	1.38985	-0.243021	1.89094	2.01041	2.11864	1.71801	0.777609	2.70628	1.11816	0.115357	1.64988	0.978029	1.80717	3.55492	2.18519	1.84736
1.43749	2.70165	0.779534	2.7063	1.43815	2.70147	0.897994	0.993178	1.38929	-0.241452	1.89546	1.90093	2.12272	1.82691	0.783853	2.70623	1.11845	0.131724	1.65194	0.819869	1.81557	3.71849	2.1894	1.79529
1.43125	2.70317	0.785779	2.70618	1.43191	2.70299	0.900326	1.0286	1.38874	-0.238947	1.89972	1.78859	2.12707	1.93845	0.790097	2.70599	1.11877	0.148514	1.65366	0.6789	1.82433	3.86491	2.19348	1.74011
1.42501	2.70452	0.792023	2.70586	1.42568	2.70436	0.902741	1.06495	1.38819	-0.235643	1.90371	1.67434	2.13167	2.05164	0.796341	2.70554	1.11913	0.165625	1.65508	0.554216	1.83341	3.99485	2.19743	1.68216
1.41877	2.70568	0.798266	2.70541	1.41943	2.70555	0.905241	1.10224	1.38765	-0.231574	1.90744	1.5592	2.13653	2.16544	0.802583	2.70502	1.11954	0.183079	1.65622	0.444486	1.84276	4.10936	2.20124	1.65251
1.41253	2.70676	0.804508	2.70481	1.41319	2.70669	0.907828	1.14052	1.38712	-0.226683	1.91091	1.44421	2.14166	2.27873	0.808824	2.70436	1.11998	0.200852	1.65713	0.348276	1.85237	4.20976		
1.40628	2.70775	0.810748	2.70411	1.40694	2.70765	0.910504	1.17998	1.3866	-0.221088	1.91411	1.33036	2.14705	2.39064	0.815063	2.70359	1.12046	0.21893	1.65783	0.264173	1.86219	4.29746		
1.40003	2.70855	0.816987	2.70336	1.40069	2.70846	0.913273	1.22066	1.3861	-0.214849	1.91705	1.21846	2.15269	2.50024	0.8213	2.7028	1.12099	0.237271	1.65835	0.190773	1.8722	4.37376		
1.39378	2.70927	0.823223	2.70255	1.39444	2.70922	0.916137	1.26264	1.38561	-0.20792	1.91973	1.1093	2.15859	2.60665	0.827536	2.70193	1.12156	0.255853	1.65871	0.126718	1.88237	4.43996		
1.38753	2.70991	0.829458	2.70163	1.38819	2.70985	0.9191	1.30608	1.38514	-0.200391	1.92217	1.00364	2.16472	2.70921	0.833769	2.70098	1.12217	0.274702	1.65893	0.0709226	1.89269	4.49715		
1.38128	2.71046	0.835691	2.70065	1.38194	2.71038	0.922164	1.35102	1.38469	-0.192342	1.92436	0.90199	2.17109	2.8073	0.84	2.69996	1.12282	0.293721	1.65904	0.0223709	1.90313	4.5463		
1.37502	2.71089	0.841921	2.69965	1.37568	2.71085	0.925334	1.39744	1.38425	-0.183703	1.92633	0.80484	2.17768	2.90043	0.846229	2.6989	1.12352	0.313009	1.65903	-0.0198995	1.91367	4.58826		
1.36876	2.71124	0.848149	2.6986	1.36943	2.71121	0.928613	1.44536	1.38384	-0.174549	1.92808	0.712502	2.18448	2.98827	0.852455	2.69782	1.12427	0.332467	1.65894	-0.0566121	1.9243	4.62378		
1.36251	2.71151	0.854375	2.69749	1.36317	2.71149	0.932004	1.49485	1.38345	-0.164919	1.92962	0.625098	2.19147	3.07049	0.858679	2.69673	1.12506	0.352084	1.65877	-0.088445	1.93501	4.65341		
1.35625	2.71169	0.860598	2.69635	1.35692	2.71169	0.935512	1.54578	1.38308	-0.15483	1.93096	0.542834	2.19864	3.14695	0.8649	2.69556	1.12589	0.37189	1.65854	-0.116007	1.94578	4.67752		
1.34999	2.71181	0.866818	2.6952	1.35066	2.71179	0.939138	1.59794	1.38273	-0.144293	1.93212	0.465741	2.20599	3.18373	0.871118	2.69432	1.12678	0.391827	1.65824	-0.139822	1.95659	4.6965		
1.34374	2.71185	0.873035	2.69396	1.3444	2.71184	0.942886	1.6512	1.38241	-0.133348	1.93311	0.393649			0.877334	2.69311	1.1277	0.411939	1.65789	-0.160262	1.96745	4.71057		
1.33748	2.71177	0.87925	2.69272	1.33814	2.7118	0.946758	1.70525	1.38212	-0.122016	1.93394	0.326548			0.883546	2.69185	1.12868	0.432176	1.6575	-0.177697	1.97833	4.71976		
1.33122	2.71162	0.885462	2.69144	1.33189	2.71164	0.950755	1.75971	1.38185	-0.110271	1.93462	0.26425			0.889756	2.69052	1.1297	0.452512	1.65707	-0.19253	1.98923	4.7241		
1.32497	2.71138	0.89167	2.6901	1.32563	2.71139	0.954879	1.81415	1.38161	-0.0981727	1.93516	0.206514			0.895963	2.6892	1.13076	0.473007	1.65661	-0.205	2.00013	4.72349		
1.31871	2.71106	0.897876	2.68877	1.31937	2.71112	0.959127	1.86814	1.3814	-0.0857516	1.93557	0.15322			0.902166	2.68784	1.13188	0.493582	1.65612	-0.215373	2.01103	4.71766		
1.31246	2.7107	0.904078	2.68738	1.31312	2.71073	0.9635	1.92117	1.38121	-0.0730591	1.93586	0.104051			0.908366	2.68639	1.13304	0.514233	1.65562	-0.223783	2.0219	4.70613		
1.3062	2.71021	0.910278	2.68595	1.30687	2.71023	0.967993	1.97273	1.38106	-0.0600112	1.93605	0.0588122			0.914563	2.68494	1.13425	0.535032	1.65509	-0.230478	2.03275	4.68843		
1.29995	2.7096	0.916474	2.6845	1.30061	2.70967	0.972603	2.0225	1.38094	-0.0466757	1.93614	0.0172597			0.920757	2.68344	1.13551	0.555905	1.65455	-0.235656	2.04354	4.6638		
1.2937	2.70888	0.922666	2.68297	1.29436	2.70899	0.977326	2.07002	1.38084	-0.0330499	1.93613	-0.0208099			0.926947	2.68189	1.13682	0.576815	1.654	-0.239381	2.05427	4.63119		
1.28745	2.70811	0.928855	2.68144	1.28811	2.70821	0.982156	2.11502	1.38078	-0.0191692	1.93604	-0.0556366			0.933133	2.68034	1.13817	0.597817	1.65345	-0.241829	2.06491	4.58944		
1.2812	2.70721	0.93504	2.67983	1.28186	2.70732	0.987087	2.15729	1.38076	-0.0050877	1.93587	-0.0874786			0.939316	2.67869	1.13958	0.618939	1.65289	-0.243053	2.07545	4.53688		
1.27495	2.70616	0.941222	2.67815	1.27562	2.70628	0.992112	2.19667	1.38076	0.00924064	1.93564	-0.116473			0.945495	2.67698	1.14103	0.640119	1.65233	-0.243225	2.08585	4.47168		
1.26871	2.70502	0.947399	2.67646	1.26937	2.70514	0.997224	2.23313	1.3808	0.0238023	1.93534	-0.142873			0.95167	2.67525	1.14253	0.66133	1.65177	-0.242469	2.09608	4.39143		
1.26247	2.70375	0.953573	2.67474	1.26313	2.70388	1.00242	2.2667	1.38087	0.0385904	1.93498	-0.166802			0.957841	2.67347	1.14408	0.682592	1.65121	-0.240736	2.10611	4.29337		
1.25623	2.70231	0.959743	2.67289	1.2569	2.70247	1.00768	2.29748	1.38098	0.0536017	1.93457	-0.188472			0.964007	2.67163	1.14568	0.703953	1.65065	-0.238149	2.1159	4.17433		
1.25	2.70067	0.965908	2.67101	1.25066	2.7009	1.01302	2.32557	1.38112	0.0687611	1.93411	-0.208059			0.97017	2.66968	1.14733	0.725363	1.65011	-0.234804	2.12538	4.03087		
1.24377	2.69894	0.972069	2.66909	1.24443	2.69914	1.01842	2.35112	1.38129	0.0841045	1.93361	-0.225616			0.976327	2.66765	1.14903	0.746835	1.64957	-0.230751	2.1345	3.85971		
1.23755	2.69701	0.978225	2.66702	1.23821	2.69723	1.02387	2.37433	1.38151	0.0996131	1.93307	-0.241389			0.98248	2.66557	1.15078	0.768374	1.64904	-0.226015	2.14319	3.65804		
1.23132	2.69484	0.984377	2.66493	1.23199	2.6951	1.02937	2.39538	1.38175	0.115278	1.93249	-0.255465			0.988628	2.66343	1.15257	0.789984	1.64853	-0.220644	2.15138	3.42464		
1.22511	2.69248	0.990523	2.66275	1.22577	2.69274	1.03492	2.41444	1.38204	0.13113	1.93189	-0.267922			0.994771	2.66119	1.15442	0.811628	1.64803	-0.214736	2.15899	3.16069		
1.2189	2.68989	0.996665	2.66045	1.21956	2.69015	1.04052	2.43166	1.38236	0.147113	1.93126	-0.278949			1.00091	2.65882	1.15632	0.833327	1.64754	-0.208266	2.16597	2.87051		
1.2127	2.68703	1.0028	2.65806	1.21335	2.68732	1.04615	2.44723	1.38272	0.163234	1.9306	-0.2886			1.00704	2.65632	1.15827	0.855162	1.64706	-0.201259	2.17224	2.56194		
1.2065	2.68389	1.00893	2.65554	1.20716	2.68422	1.05181	2.46132	1.38311	0.179498	1.92992	-0.296941			1.01317	2.65375	1.16027	0.87703	1.64661	-0.193801	2.17779	2.24572		
1.20031	2.6804	1.01506	2.65293	1.20097	2.68079	1.0575	2.47407	1.38355	0.195869	1.92923	-0.304078			1.01929	2.65107	1.16231	0.89895	1.64617	-0.185897	2.1826	1.93369		
1.19413	2.67655	1.02117	2.65019	1.19479	2.67702	1.06323	2.48565	1.38402	0.212331	1.92852	-0.3101			1.0254	2.64824	1.16441	0.921006	1.64575	-0.177587	2.18671	1.63679		
1.18796	2.67237	1.02729	2.64732	1.18861	2.67285	1.06897	2.49609	1.38453	0.228912	1.9278	-0.315089			1.03151	2.6452	1.16657	0.943167	1.64535	-0.168891	2.19016	1.36328		
1.1818	2.66776	1.03339	2.64428	1.18245	2.66823	1.07475	2.50555	1.38507	0.245625	1.92707	-0.319085			1.03761	2.64208	1.16877	0.965417	1.64497	-0.159782	2.193	1.11809		
1.17565	2.66263	1.03949	2.64107	1.1763	2.66318	1.08054	2.51413	1.38566	0.262405	1.92633	-0.322181			1.0437	2.63876	1.17102	0.987785	1.64461	-0.150357	2.19532	0.90292		
1.16951	2.65698	1.04558	2.63767	1.17016	2.65761	1.08635	2.52194	1.38628	0.279291	1.92558	-0.324389			1.04979	2.63519	1.17333	1.01028	1.64428	-0.140628	2.19717	0.716891		
1.16339	2.65074	1.05166	2.63407	1.16404	2.65147	1.09218	2.52903	1.38695	0.296303	1.92483	-0.325785			1.05586	2.6315	1.17568	1.03296	1.64396	-0.130563	2.19863	0.557666		
1.15728	2.6439	1.05773	2.63029	1.15793	2.64466	1.09802	2.53546	1.38765	0.313342	1.92408	-0.326447			1.06193	2.62754	1.17809	1.05576	1.64367	-0.120183	2.19974	0.42217		
1.15119	2.63629	1.0638	2.62624	1.15183	2.63713	1.10388	2.54132	1.38839	0.33043	1.92332	-0.326375			1.06799	2.62328	1.18055	1.07877	1.64341	-0.109574	2.20057	0.359963		
1.14511	2.62789	1.06985	2.62198	1.14576	2.62881	1.10975	2.54663	1.38918	0.347654	1.92257	-0.325643			1.07404	2.61881	1.18307	1.10199	1.64317	-0.0987028				
1.13906	2.61864	1.0759	2.6174	1.1397	2.61964	1.11563	2.55148	1.39	0.364945	1.92182	-0.324289			1.08007	2.61401	1.18564	1.12543	1.64295	-0.0875543				
1.13303	2.60834	1.08193	2.61247	1.13367	2.6095	1.12152	2.55588	1.39086	0.382233	1.92107	-0.32233			1.0861	2.6089	1.18826	1.14916	1.64276	-0.0761939				
1.12702	2.59696	1.08795	2.60722	1.12766	2.59823	1.12742	2.55992	1.39176	0.399666	1.92033	-0.319775			1.09211	2.60342	1.19094	1.17315	1.6426	-0.0646177				
1.12104	2.58439	1.09396	2.60163	1.12168	2.5858	1.13333	2.56354	1.3927	0.417135	1.9196	-0.316704			1.09811	2.59753	1.19368	1.19749	1.64247	-0.0528604				
1.11509	2.57053	1.09996	2.59565	1.11572	2.57207	1.13925	2.56682	1.39369	0.434585	1.91887	-0.313117			1.1041	2.59121	1.19647	1.22218	1.64236	-0.040866				
1.10918	2.55525	1.10594	2.58918	1.10981	2.55692	1.14518	2.56985	1.39471	0.452136	1.91815	-0.30909			1.11007	2.58443	1.19932	1.24727	1.64228	-0.0286432				
1.1033	2.53839	1.11191	2.58221	1.10393	2.54023	1.15111	2.57258	1.39577	0.469774	1.91744	-0.304623			1.11603	2.57712	1.20223	1.27281	1.64223	-0.0163063				
1.09747	2.51991	1.11786	2.57473	1.09808	2.52195	1.15705	2.57504	1.39688	0.487419	1.91675	-0.299679			1.12196	2.56918	1.20519	1.29892	1.6422	-0.00380233				
1.09167	2.49972	1.12379	2.56664	1.09229	2.50194	1.163	2.57726	1.39802	0.505103	1.91606	-0.294314			1.12788	2.56067	1.20822	1.32556	1.64221	0.00889495				
1.08593	2.47773	1.1297	2.5579	1.08654	2.48015	1.16894	2.57924	1.39921	0.522844	1.91539	-0.288629			1.13378	2.55147	1.21131	1.35275	1.64224	0.0217255				
1.08024	2.45395	1.1356	2.54848	1.08084	2.45658	1.1749	2.58101	1.40044	0.540614	1.91473	-0.282564			1.13966	2.54149	1.21446	1.38067	1.64231	0.0347326				
1.07461	2.42838	1.14146	2.53828	1.0752	2.43118	1.18086	2.58255	1.4017	0.558398	1.91408	-0.276125			1.14551	2.53071	1.21768	1.40935	1.6424	0.0478279				
1.06903	2.40111	1.14731	2.52724	1.06962	2.40411	1.18682	2.58394	1.40301	0.576225	1.91345	-0.26939			1.15134	2.51906	1.22097	1.43885	1.64253	0.0610407				
1.06353	2.37234	1.15313	2.51524	1.06411	2.37547	1.19278	2.58519	1.40436	0.594111	1.91284	-0.262324			1.15713	2.50646	1.22432	1.46921	1.64269	0.0744219				
1.05809	2.3422	1.15892	2.50232	1.05866	2.34543	1.19875	2.58621	1.40575	0.612026	1.91224	-0.254946			1.1629	2.4928	1.22775	1.50057	1.64287	0.0879241				
1.05272	2.31093	1.16467	2.48839	1.05328	2.31428	1.20471	2.58706	1.40719	0.629992	1.91166	-0.247302			1.16864	2.47806	1.23125	1.53295	1.64309	0.101523				
1.04742	2.27893	1.1704	2.4733	1.04798	2.28237	1.21068	2.58777	1.40866	0.647984	1.9111	-0.239415			1.17434	2.46219	1.23482	1.56635	1.64334	0.115171				
1.0422	2.24657	1.17609	2.45707	1.04275	2.25005	1.21666	2.58831	1.41018	0.665989	1.91056	-0.231223			1.18	2.4451	1.23847	1.60092	1.64362	0.12899				
1.03705	2.21422	1.18174	2.43962	1.0376	2.21763	1.22263	2.58873	1.41173	0.684037	1.91004	-0.222806			1.18562	2.42682	1.24221	1.63667	1.64394	0.142893				
1.03198	2.18219	1.18735	2.42089	1.03252	2.18554	1.2286	2.58897	1.41333	0.702106	1.90953	-0.214166			1.1912	2.40727	1.24603	1.67358	1.64428	0.15684				
1.02698	2.15086	1.19291	2.40098	1.02751	2.15416	1.23458	2.58906	1.41498	0.720223	1.90905	-0.205269			1.19673	2.38651	1.24993	1.71163	1.64466	0.170881				
1.02206	2.12065	1.19843	2.37986	1.02258	2.12378	1.24055	2.58906	1.41666	0.7384	1.90858	-0.196206			1.20221	2.36456	1.25393	1.75076	1.64507	0.185006				
1.0172	2.09179	1.20389	2.35758	1.01771	2.09474	1.24653	2.58888	1.41838	0.756607	1.90814	-0.186914			1.20764	2.3415	1.25801	1.79087	1.64551	0.199246				
1.0124	2.06448	1.20931	2.33424	1.01291	2.06727	1.2525	2.58854	1.42015	0.774866	1.90772	-0.177397			1.21302	2.31756	1.26219	1.83187	1.64599	0.213544				
1.00767	2.03893	1.21467	2.31002	1.00817	2.04156	1.25847	2.58807	1.42196	0.793187	1.90732	-0.167768			1.21834	2.29284	1.26646	1.87354	1.6465	0.227871				
1.00299	2.0153	1.21997	2.28508	1.00349	2.01774	1.26444	2.58747	1.42381	0.811576	1.90695	-0.1579			1.2236	2.26763	1.27084	1.86833	1.64704	0.242285				
0.99837	1.99375	1.22521	2.25973	0.998858	1.99596	1.27041	2.5867	1.4257	0.829963	1.90659	-0.147875			1.2288	2.24213	1.27509	1.95773	1.64762	0.256743				
0.993793	1.97438	1.23039	2.23427	0.994277	1.97634	1.27638	2.58572	1.42764	0.848458	1.90627	-0.137736			1.23395	2.21668	1.27987	2.04695	1.64823	0.27126				
0.989258	1.95724	1.23552	2.20894	0.989738	1.95894	1.28234	2.58465	1.42962	0.867044	1.90596	-0.127393			1.23903	2.19168	1.28453	2.04121	1.64887	0.285843				
0.98476	1.94237	1.24059	2.18412	0.985237	1.94384	1.28831	2.58338	1.43164	0.885638	1.90568	-0.116875			1.24406	2.16739	1.28929	2.08188	1.64955	0.300458				
0.980295	1.92993	1.2456	2.1601	0.980767	1.93114	1.29427	2.5819	1.43371	0.904347	1.90542	-0.106269			1.24903	2.14419	1.29414	2.12141	1.65026	0.315127				
0.975854	1.92005	1.25056	2.13725	0.976325	1.92098	1.30022	2.58029	1.43581	0.923223	1.90519	-0.0955464			1.25396	2.12229	1.29908	2.15944	1.651	0.329822				
0.971434	1.91267	1.25546	2.11586	0.971902	1.91332	1.30617	2.57845	1.43797	0.942183	1.90498	-0.0846186			1.25883	2.10205	1.30411	2.19579	1.65178	0.344604				
0.967028	1.90801	1.26032	2.09616	0.967495	1.90834	1.31212	2.5764	1.44016	0.961184	1.9048	-0.0736249			1.26366	2.08364	1.30921	2.23029	1.65259	0.359392				
0.962629	1.90617	1.26514	2.07837	0.963096	1.90622	1.31806	2.57413	1.4424	0.980389	1.90464	-0.0624884			1.26844	2.06719	1.3144	2.26274	1.65344	0.374147				
0.958231	1.90718	1.26991	2.06255	0.958698	1.90695	1.324	2.5716	1.44469	0.99977	1.90451	-0.0512439			1.2732	2.05285	1.31966	2.29306	1.65432	0.388995				
0.953828	1.91124	1.27465	2.04885	0.954296	1.91068	1.32993	2.5688	1.44702	1.01924	1.9044	-0.0399087			1.27792	2.04063	1.32498	2.3213	1.65523	0.403926				
0.949411	1.91842	1.27937	2.03728	0.949881	1.91749	1.33585	2.56575	1.44939	1.03893	1.90432	-0.028455			1.28261	2.03052	1.33037	2.34743	1.65618	0.418826				
0.944975	1.92867	1.28406	2.02783	0.945447	1.92744	1.34177	2.56243	1.45181	1.05889	1.90427	-0.0169054			1.28729	2.02254	1.33581	2.37144	1.65716	0.43371				
0.940511	1.94206	1.28873	2.0205	0.940986	1.94054	1.34768	2.55876	1.45428	1.07901	1.90425	-0.0052346			1.29195	2.01657	1.34131	2.39348	1.65818	0.44866				
0.936012	1.95859	1.29338	2.01512	0.936492	1.95669	1.35358	2.55472	1.45679	1.0994	1.90425	0.00649679			1.29659	2.01249	1.34686	2.41362	1.65924	0.463641				
0.931472	1.97804	1.29803	2.01162	0.931956	1.97582	1.35947	2.55029	1.45935	1.1201	1.90428	0.0182951			1.30123	2.0103	1.35245	2.432	1.66032	0.47864				
0.926884	2.00023	1.30266	2.00999	0.927374	1.99773	1.36535	2.54547	1.46196	1.14111	1.90433	0.0302001			1.30587	2.0098	1.35808	2.44874	1.66144	0.493646				
0.922242	2.02491	1.3073	2.00997	0.922737	2.02215	1.37122	2.54021	1.46462	1.16249	1.90442	0.0421951			1.31051	2.01086	1.36375	2.46392	1.6626	0.508657				
0.91754	2.05163	1.31194	2.0115	0.918042	2.04873	1.37707	2.53443	1.46732	1.18428	1.90453	0.0542351			1.31515	2.01344	1.36945	2.47773	1.66379	0.523669				
0.912774	2.08003	1.31658	2.0145	0.913283	2.07697	1.38291	2.52813	1.47008	1.20649	1.90467	0.0663708			1.3198	2.01733	1.37518	2.49024	1.66502	0.53872				
0.907941	2.10966	1.32124	2.01879	0.908457	2.10644	1.38874	2.52121	1.47289	1.22916	1.90483	0.078591			1.32446	2.0225	1.38094	2.50155	1.66628	0.553789				
0.903038	2.13991	1.3259	2.02433	0.903562	2.13667	1.39455	2.51365	1.47575	1.2524	1.90503	0.0908534			1.32913	2.02882	1.38673	2.51182	1.66757	0.568831				
0.898065	2.17031	1.33058	2.03099	0.898597	2.1671	1.40034	2.5054	1.47867	1.27629	1.90525	0.103137			1.33382	2.03616	1.39254	2.52113	1.6689	0.583932				
0.893023	2.20049	1.33527	2.0386	0.893561	2.19734	1.40611	2.49637	1.48164	1.30083	1.9055	0.115541			1.33853	2.04448	1.39836	2.52948	1.67027	0.599027				
0.887911	2.23002	1.33999	2.0472	0.888457	2.22691	1.41186	2.48647	1.48467	1.32611	1.90579	0.128005			1.34326	2.05365	1.40421	2.53707	1.67167	0.614082				
0.882732	2.25853	1.34472	2.05663	0.883285	2.25552	1.41758	2.4757	1.48776	1.35218	1.90609	0.140463			1.34801	2.06362	1.41007	2.54397	1.6731	0.629153				
0.877488	2.28575	1.34948	2.06684	0.878048	2.28292	1.42328	2.46394	1.49091	1.37917	1.90643	0.152991			1.35278	2.07432	1.41595	2.55017	1.67457	0.644269				
0.872183	2.31148	1.35426	2.07777	0.872749	2.30886	1.42895	2.45106	1.49413	1.40713	1.9068	0.16559			1.35758	2.08568	1.42184	2.55576	1.67607	0.659408				
0.866821	2.3357	1.35906	2.08931	0.867393	2.33319	1.43459	2.43708	1.49741	1.43609	1.9072	0.178225			1.36241	2.09765	1.42774	2.56079	1.67761	0.674484				
0.861405	2.35827	1.3639	2.10145	0.861982	2.35595	1.4402	2.42189	1.50076	1.46624	1.90762	0.190915			1.36726	2.11012	1.43366	2.56535	1.67919	0.689603				
0.855938	2.37918	1.36876	2.11408	0.856521	2.37706	1.44577	2.40539	1.50417	1.49762	1.90808	0.203631			1.37214	2.1231	1.43958	2.56943	1.6808	0.704743				
0.850425	2.3985	1.37366	2.1272	0.851013	2.39651	1.4513	2.38755	1.50767	1.53022	1.90856	0.216399			1.37706	2.13654	1.44551	2.57308	1.68244	0.719821				
0.844869	2.41628	1.37858	2.14072	0.845461	2.41446	1.45679	2.3683	1.51124	1.56421	1.90908	0.229191			1.382	2.15029	1.45146	2.57637	1.68412	0.73494				
0.839275	2.43258	1.38353	2.15459	0.83987	2.43095	1.46223	2.34769	1.51488	1.59955	1.90962	0.241996			1.38698	2.16439	1.4574	2.5793	1.68583	0.750117				
0.833644	2.44751	1.38852	2.16881	0.834243	2.44598	1.46762	2.32571	1.51862	1.63627	1.91019	0.25488			1.39199	2.17876	1.46336	2.58189	1.68758	0.765249				
0.82798	2.46113	1.39354	2.18328	0.828583	2.45972	1.47296	2.30237	1.52244	1.67436	1.9108	0.267731			1.39704	2.19337	1.46932	2.58415	1.68936	0.780359				
0.822286	2.47357	1.3986	2.19795	0.822892	2.47233	1.47825	2.27785	1.52634	1.71377	1.91143	0.280638			1.40211	2.20819	1.47528	2.58619	1.69118	0.795531				
0.816565	2.48496	1.40369	2.21275	0.817173	2.48378	1.48347	2.25229	1.53034	1.75435	1.91209	0.29361			1.40723	2.22311	1.48125	2.58794	1.69303	0.810661				
0.810818	2.4953	1.40881	2.2277	0.81143	2.49422	1.48864	2.22589	1.53444	1.79592	1.91278	0.306578			1.41237	2.23815	1.48723	2.58937	1.69492	0.825844				
0.80505	2.50469	1.41397	2.24279	0.805663	2.50376	1.49375	2.19893	1.53863	1.83831	1.91351	0.319544			1.41755	2.25321	1.4932	2.59063	1.69684	0.841052				
0.79926	2.5133	1.41916	2.25784	0.799875	2.51243	1.49879	2.17174	1.54292	1.88122	1.91426	0.332546			1.42277	2.26825	1.49918	2.5917	1.6988	0.8562				
0.793451	2.52115	1.42439	2.27288	0.794069	2.52032	1.50377	2.14464	1.54731	1.92432	1.91504	0.345602			1.42802	2.28327	1.50516	2.59253	1.7008	0.871391				
0.787625	2.52827	1.42965	2.2879	0.788245	2.52754	1.50869	2.11805	1.5518	1.96729	1.91585	0.358648			1.43331	2.29822	1.51115	2.59312	1.70282	0.886641				
0.781784	2.53482	1.43494	2.30281	0.782405	2.53415	1.51354	2.09242	1.55639	2.0098	1.9167	0.37169			1.43863	2.31302	1.51713	2.59353	1.70489	0.901883				
0.775928	2.54075	1.44027	2.31755	0.77655	2.54017	1.51834	2.06803	1.56108	2.05141	1.91757	0.384766			1.44398	2.32767	1.52311	2.59381	1.70699	0.917121				
0.770059	2.54616	1.44564	2.33214	0.770682	2.54563	1.52309	2.04525	1.56586	2.09181	1.91847	0.397896			1.44937	2.34214	1.5291	2.59388	1.70912	0.93243				
0.764178	2.55113	1.45104	2.34657	0.764803	2.55062	1.52778	2.02452	1.57073	2.13073	1.91941	0.41098			1.45479	2.35636	1.53508	2.59373	1.71129	0.947775				
0.758286	2.55564	1.45647	2.36071	0.758912	2.55518	1.53243	2.00606	1.57569	2.16783	1.92037	0.424077			1.46024	2.37036	1.54107	2.59343	1.71349	0.963102				
0.752384	2.55975	1.46193	2.37459	0.753011	2.55932	1.53704	1.99006	1.58074	2.20301	1.92136	0.437217			1.46573	2.38403	1.54705	2.59295	1.71573	0.978492				
0.746473	2.5635	1.46743	2.3882	0.747101	2.56312	1.54161	1.97675	1.58586	2.23617	1.92239	0.450342			1.47125	2.39738	1.55303	2.59231	1.71801	0.993914				
0.740554	2.5669	1.47295	2.40145	0.741183	2.56655	1.54616	1.96628	1.59106	2.26706	1.92344	0.46346			1.47679	2.41042	1.55902	2.59152	1.72032	1.00939				
0.734627	2.56998	1.47851	2.41437	0.735257	2.56969	1.55069	1.95878	1.59632	2.2958	1.92453	0.476611			1.48237	2.4231	1.56499	2.59053	1.72267	1.02496				
0.728694	2.57283	1.48409	2.42691	0.729324	2.57251	1.5552	1.95433	1.60165	2.32241	1.92564	0.489778			1.48797	2.43541	1.57097	2.58934	1.72505	1.04055				
0.722754	2.57537	1.48971	2.43911	0.723385	2.57507	1.5597	1.95302	1.60704	2.34688	1.92679	0.502917			1.49361	2.44735	1.57694	2.58798	1.72747	1.05618				
0.716809	2.57762	1.49535	2.45096	0.717441	2.57742	1.56421	1.95501	1.61248	2.36937	1.92796	0.516078			1.49927	2.45888	1.58291	2.58649	1.72992	1.07191				
0.710859	2.57968	1.50102	2.46238	0.711491	2.57948	1.56873	1.96047	1.61797	2.38995	1.92917	0.52925			1.50495	2.47004	1.58888	2.58476	1.73242	1.08775				
0.704904	2.58154	1.50671	2.47344	0.705537	2.58133	1.57326	1.96946	1.62351	2.40874	1.9304	0.542428			1.51067	2.48085	1.59484	2.58283	1.73494	1.10366				
0.698946	2.58314	1.51243	2.48406	0.699579	2.58298	1.57782	1.9823	1.62909	2.42589	1.93167	0.555572			1.5164	2.4912	1.6008	2.58073	1.73751	1.11967				
0.692984	2.58457	1.51818	2.49431	0.693617	2.58445	1.58241	1.9992	1.6347	2.44154	1.93297	0.568736			1.52216	2.50117	1.60675	2.5784	1.74011	1.1358				
0.687019	2.58583	1.52394	2.5042	0.687652	2.58571	1.58704	2.02036	1.64036	2.45577	1.93429	0.58191			1.52795	2.51077	1.6127	2.57584	1.74275	1.15207				
0.681051	2.58689	1.52973	2.51364	0.681685	2.58676	1.59173	2.04606	1.64604	2.46871	1.93565	0.595052			1.53375	2.51997	1.61864	2.57306	1.74543	1.16849				
0.675081	2.58775	1.53554	2.52273	0.675715	2.58768	1.59648	2.07638	1.65175	2.48049	1.93704	0.608215			1.53957	2.52881	1.62457	2.57003	1.74814	1.18501				
0.669109	2.58845	1.54138	2.53144	0.669743	2.58842	1.60131	2.11131	1.65748	2.49121	1.93846	0.621388			1.54542	2.53726	1.6305	2.56675	1.7509	1.20172				
0.663135	2.58905	1.54723	2.53979	0.66377	2.58896	1.60623	2.1505	1.66324	2.50101	1.93991	0.634566			1.55128	2.54537	1.63642	2.56317	1.75369	1.21862				
0.657161	2.58944	1.5531	2.54778	0.657795	2.58938	1.61124	2.1932	1.66903	2.5099	1.94139	0.647747			1.55717	2.55312	1.64233	2.55933	1.75652	1.2357				
0.651186	2.58964	1.55898	2.55543	0.65182	2.58964	1.61635	2.23839	1.67483	2.518	1.9429	0.660893			1.56307	2.56051	1.64823	2.55518	1.75939	1.25307				
0.64521	2.58968	1.56489	2.56277	0.645845	2.5897	1.62157	2.28475	1.68065	2.52542	1.94444	0.674021			1.56898	2.56762	1.65412	2.55065	1.7623	1.27066				
0.639235	2.58959	1.57081	2.56978	0.639869	2.58962	1.62689	2.33074	1.68648	2.53214	1.94601	0.687177			1.57491	2.57443	1.66	2.54582	1.76525	1.2885				
0.63326	2.58935	1.57675	2.57643	0.633894	2.58938	1.63232	2.37491	1.69233	2.53828	1.94761	0.700347			1.58086	2.58091	1.66587	2.54058	1.76825	1.30664				
0.627286	2.58887	1.5827	2.58283	0.62792	2.58896	1.63785	2.41611	1.69819	2.54391	1.94924	0.713487			1.58683	2.58708	1.67172	2.53493	1.77128	1.32513				
0.621313	2.58828	1.58867	2.58892	0.621947	2.58836	1.64347	2.45359	1.70407	2.54904	1.9509	0.726612			1.5928	2.59295	1.67756	2.52887	1.77436	1.34397				
0.615341	2.58753	1.59465	2.59472	0.615975	2.58758	1.64917	2.48691	1.70996	2.55372	1.95259	0.739766			1.59879	2.59859	1.68339	2.52237	1.77749	1.36316				
0.609372	2.58655	1.60064	2.60029	0.610006	2.58662	1.65495	2.51602	1.71586	2.55801	1.95432	0.752899			1.60479	2.60401	1.68921	2.51531	1.78065	1.38276				
0.603405	2.58532	1.60665	2.6056	0.604038	2.58551	1.66079	2.54119	1.72176	2.56191	1.95607	0.766057			1.61081	2.60914	1.695	2.50775	1.78387	1.40285				
0.597441	2.58396	1.61267	2.61067	0.598074	2.58415	1.66668	2.56271	1.72768	2.5655	1.95785	0.779227			1.61683	2.61401	1.70078	2.49961	1.78713	1.42344				
0.59148	2.58241	1.61869	2.61551	0.592113	2.58254	1.67261	2.58105	1.7336	2.56873	1.95966	0.792331			1.62287	2.61868	1.70654	2.49086	1.79044	1.44454				
0.585524	2.58055	1.62474	2.6201	0.586156	2.58072	1.67859	2.59671	1.73953	2.57166	1.96151	0.805475			1.62892	2.62318	1.71227	2.4815	1.79379	1.46622				
0.579572	2.57844	1.63079	2.62451	0.580204	2.57868	1.68459	2.60995	1.74547	2.57437	1.96338	0.818639			1.63498	2.62747	1.71799	2.47144	1.7972	1.48849				
0.573625	2.57605	1.63685	2.62873	0.574256	2.57637	1.69063	2.62116	1.75141	2.57686	1.96528	0.831776			1.64104	2.63153	1.72368	2.46062	1.80066	1.51145				
0.567684	2.5734	1.64292	2.63271	0.568314	2.57371	1.69669	2.63071	1.75736	2.57906	1.96722	0.844936			1.64712	2.63539	1.72934	2.44902	1.80418	1.53509				
0.561749	2.57045	1.649	2.63657	0.562379	2.57074	1.70277	2.63882	1.76331	2.58104	1.96918	0.858108			1.65321	2.63911	1.73498	2.43667	1.80775	1.55939				
0.555822	2.5671	1.65508	2.64026	0.556451	2.56744	1.70887	2.64577	1.76927	2.58283	1.97118	0.871249			1.6593	2.64269	1.74059	2.4235	1.81137	1.58455				
0.549902	2.56334	1.66118	2.64375	0.550531	2.56377	1.71498	2.6517	1.77523	2.58443	1.9732	0.884412			1.6654	2.64606	1.74616	2.4094	1.81506	1.61049				
0.543992	2.55918	1.66728	2.64707	0.54462	2.55964	1.72111	2.65675	1.7812	2.58588	1.97526	0.897621			1.67151	2.64928	1.75171	2.39445	1.81881	1.6372				
0.538092	2.55453	1.6734	2.65027	0.538718	2.55506	1.72724	2.66114	1.78717	2.58716	1.97735	0.910854			1.67763	2.65239	1.75721	2.37858	1.82262	1.66476				
0.532204	2.54934	1.67951	2.65333	0.532828	2.54992	1.73339	2.66488	1.79314	2.58824	1.97946	0.924063			1.68375	2.65538	1.76268	2.36179	1.82649	1.69315				
0.526328	2.54356	1.68564	2.65622	0.526951	2.54418	1.73954	2.66803	1.79911	2.58914	1.98161	0.937259			1.68988	2.65819	1.76811	2.34416	1.83043	1.72236				
0.520466	2.53706	1.69177	2.65901	0.521088	2.53782	1.7457	2.67077	1.80509	2.58996	1.98379	0.950558			1.69602	2.66087	1.7735	2.32568	1.83444	1.75238				
0.51462	2.52985	1.69791	2.6617	0.51524	2.53068	1.75186	2.67313	1.81106	2.59063	1.986	0.963837			1.70216	2.6635	1.77884	2.30637	1.83852	1.78314				
0.508791	2.52179	1.70406	2.66424	0.509409	2.52268	1.75803	2.67512	1.81704	2.59111	1.98824	0.977104			1.70831	2.66595	1.78414	2.28631	1.84267	1.81453				
0.502982	2.51271	1.71021	2.66669	0.503598	2.51373	1.76421	2.67685	1.82302	2.59146	1.99051	0.990476			1.71446	2.66827	1.7894	2.26563	1.84689	1.84648				
0.497195	2.50254	1.71636	2.66901	0.497809	2.50367	1.77039	2.67826	1.829	2.5917	1.99281	1.00386			1.72062	2.67057	1.7946	2.24441	1.85119	1.87893				
0.491434	2.49112	1.72252	2.67124	0.492044	2.49241	1.77657	2.67944	1.83498	2.59183	1.99514	1.0173			1.72679	2.67274	1.79975	2.22281	1.85556	1.91175				
0.485699	2.47824	1.72869	2.67337	0.486307	2.47969	1.78275	2.68043	1.84096	2.59178	1.9975	1.03075			1.73296	2.67478	1.80486	2.20096	1.86001	1.94471				
0.479997	2.4637	1.73486	2.67543	0.480601	2.46533	1.78894	2.68122	1.84694	2.59157	1.9999	1.04425			1.73913	2.67679	1.80991	2.17904	1.86453	1.97767				
0.47433	2.44729	1.74104	2.67737	0.47493	2.44912	1.79513	2.68188	1.85292	2.59125	2.00232	1.05782			1.74531	2.67867	1.81491	2.15724	1.86914	2.01045				
0.468703	2.42867	1.74722	2.67922	0.469299	2.43076	1.80131	2.68235	1.8589	2.59083	2.00478	1.07144			1.75149	2.68045	1.81987	2.13572	1.87381	2.04291				
0.463122	2.40755	1.7534	2.68099	0.463712	2.40994	1.8075	2.68269	1.86488	2.59026	2.00727	1.08518			1.75768	2.68219	1.82477	2.11467	1.87856	2.07485				
0.457593	2.38362	1.75959	2.68272	0.458177	2.38631	1.81369	2.6829	1.87085	2.58953	2.00979	1.09897			1.76387	2.68386	1.82962	2.09426	1.88339	2.10602				
0.452122	2.35641	1.76578	2.68435	0.4527	2.35942	1.81989	2.68297	1.87683	2.58865	2.01234	1.11282			1.77006	2.68547	1.83443	2.07468	1.88828	2.13637				
0.446719	2.32542	1.77198	2.6859	0.447289	2.32886	1.82608	2.68293	1.8828	2.58763	2.01492	1.12678			1.77626	2.68696	1.8392	2.05606	1.89325	2.16571				
0.441391	2.29019	1.77817	2.68741	0.441953	2.29418	1.83227	2.68277	1.88877	2.58646	2.01754	1.14086			1.78246	2.68837	1.84392	2.03848	1.89828	2.19393				
0.43615	2.25027	1.78438	2.68882	0.436702	2.25478	1.83846	2.68254	1.89474	2.5851	2.02019	1.15508			1.78867	2.68974	1.84861	2.02207	1.90337	2.22093				
0.431006	2.20506	1.79058	2.69018	0.431547	2.2101	1.84465	2.6822	1.9007	2.58358	2.02287	1.16941			1.79488	2.69108	1.85325	2.00694	1.90853	2.24659				
0.425974	2.15399	1.79679	2.69145	0.426503	2.1597	1.85083	2.68174	1.90666	2.58187	2.02558	1.18386			1.80109	2.69233	1.85787	1.99305	1.91374	2.27092				
0.421066	2.09674	1.803	2.69267	0.421581	2.10315	1.85702	2.68122	1.91261	2.57995	2.02833	1.19852			1.8073	2.69351	1.86245	1.98046	1.91901	2.29389				
0.416298	2.03291	1.80922	2.69387	0.416797	2.03999	1.86321	2.68063	1.91856	2.57782	2.03111	1.21332			1.81352	2.69461	1.86701	1.96925	1.92432	2.31552				
0.411685	1.96232	1.81544	2.69498	0.412167	1.97014	1.86939	2.67989	1.92451	2.57551	2.03393	1.22833			1.81974	2.69568	1.87154	1.95933	1.92969	2.33574				
0.407242	1.88515	1.82166	2.69601	0.407705	1.89366	1.87557	2.67909	1.93045	2.57297	2.03678	1.24357			1.82596	2.69672	1.87605	1.95064	1.9351	2.35464				
0.402985	1.80163	1.82788	2.697	0.403428	1.81078	1.88176	2.67821	1.93638	2.57015	2.03967	1.25899			1.83218	2.69768	1.88054	1.94318	1.94056	2.3723				
0.398928	1.71245	1.8341	2.69794	0.399349	1.72216	1.88793	2.67718	1.94231	2.56706	2.04259	1.27472			1.83841	2.69856	1.88502	1.93695	1.94605	2.38867				
0.395083	1.61853	1.84033	2.69881	0.395481	1.6287	1.89411	2.67608	1.94823	2.56365	2.04555	1.29071			1.84463	2.69937	1.88948	1.93187	1.95158	2.40389				
0.391459	1.52094	1.84656	2.69965	0.391833	1.53142	1.90028	2.67491	1.95414	2.55997	2.04855	1.30702			1.85086	2.70014	1.89393	1.92778	1.95714	2.41798				
0.388064	1.42082	1.85279	2.7004	0.388413	1.4315	1.90645	2.67363	1.96004	2.55597	2.05158	1.32374			1.8571	2.70089	1.89838	1.92475	1.96274	2.43103				
0.384902	1.31932	1.85902	2.70106	0.385227	1.33017	1.91262	2.67222	1.96594	2.55155	2.05466	1.34079			1.86333	2.70153	1.90281	1.92269	1.96836	2.44308				
0.381975	1.21761	1.86525	2.70169	0.382275	1.22844	1.91879	2.67071	1.97182	2.54674	2.05777	1.35824			1.86956	2.70206	1.90725	1.92148	1.97401	2.4542				
0.379283	1.11657	1.87149	2.70226	0.379558	1.12721	1.92495	2.66907	1.97769	2.54148	2.06093	1.3762			1.8758	2.70259	1.91168	1.92112	1.97969	2.46448				
0.376823	1.0169	1.87772	2.70276	0.377073	1.02738	1.9311	2.6673	1.98355	2.53577	2.06412	1.39466			1.88203	2.70303	1.91611	1.92161	1.98539	2.47395				
0.37459	0.91906	1.88396	2.70313	0.374817	0.929377	1.93726	2.66543	1.98939	2.52955	2.06736	1.41367			1.88827	2.70336	1.92055	1.92276	1.99111	2.48263				
0.372581	0.823434	1.8902	2.70342	0.372784	0.83349	1.9434	2.66343	1.99522	2.52277	2.07065	1.43328			1.89451	2.70357	1.92499	1.92466	1.99684	2.49064				
0.37079	0.730254	1.89643	2.70364	0.37097	0.740009	1.94955	2.66122	2.00103	2.5154	2.07398	1.4536			1.90075	2.70367	1.92943	1.92722	2.0026	2.49801				
0.369211	0.639476	1.90267	2.70367	0.369369	0.648993	1.95568	2.65887	2.00683	2.50735	2.07735	1.47463			1.90699	2.70361	1.93388	1.93044	2.00837	2.50481				
0.367839	0.551156	1.90891	2.70354	0.367975	0.560419	1.96182	2.65635	2.0126	2.49864	2.08078	1.49643			1.91322	2.70336	1.93834	1.93432	2.01416	2.51099				
0.366668	0.465263	1.91515	2.70326	0.366783	0.474238	1.96794	2.65362	2.01836	2.48915	2.08426	1.51912			1.91946	2.70294	1.94281	1.93883	2.01996	2.51668				
0.365692	0.381661	1.92139	2.70271	0.365787	0.390425	1.97406	2.65075	2.02409	2.47888	2.08779	1.54274			1.9257	2.70218	1.94729	1.94408	2.02577	2.52194				
0.364907	0.300298	1.92762	2.70186	0.364981	0.308859	1.98018	2.6476	2.0298	2.46774	2.09138	1.56732			1.93193	2.701	1.95178	1.95012	2.0316	2.5267				
0.364306	0.22114	1.93385	2.70055	0.364361	0.229443	1.98628	2.64419	2.03548	2.45573	2.09502	1.59298			1.93816	2.69927	1.95629	1.95701	2.03743	2.53106				
0.363886	0.144122	1.94008	2.69861	0.363922	0.152201	1.99238	2.64054	2.04113	2.44276	2.09873	1.61977			1.94439	2.6968	1.96081	1.96504	2.04328	2.53503				
0.363641	0.0691883	1.94631	2.69585	0.363659	0.0770404	1.99847	2.6366	2.04675	2.42881	2.1025	1.64777			1.95061	2.69318	1.96535	1.97458	2.04913	2.53862				
0.363567	-0.00370135	1.95252	2.69172	0.363567	0.00391567	2.00455	2.63231	2.05234	2.41388	2.10633	1.67693			1.95682	2.68774	1.96992	1.98635	2.05499	2.54189				
0.363658	-0.0745539	1.95873	2.68556	0.363641	-0.0671141	2.01061	2.62768	2.05789	2.39796	2.11024	1.70733			1.96301	2.67942	1.97452	2.00161	2.06086	2.54484				
0.363911	-0.14331	1.96492	2.67599	0.363877	-0.136078	2.01667	2.62273	2.06341	2.38114	2.11421	1.73901			1.96918	2.66618	1.97916	2.02253	2.06674	2.54749				
0.36432	-0.209923	1.97108	2.66055	0.364269	-0.20296	2.02272	2.61733	2.06888	2.36343	2.11826	1.77185			1.97532	2.64414	1.98385	2.05357	2.07262	2.54987				
0.36488	-0.274376	1.9772	2.63456	0.364813	-0.267658	2.02875	2.6114	2.07431	2.3449	2.12239	1.80588			1.98138	2.60602	1.98864	2.10293	2.0785	2.55194				
0.365586	-0.33663	1.98324	2.58934	0.365504	-0.33011	2.03477	2.60503	2.0797	2.32579	2.1266	1.84095			1.98734	2.54053	1.99356	2.18221	2.08439	2.55378				
0.366433	-0.396612	1.98914	2.51315	0.366337	-0.390342	2.04077	2.59811	2.08505	2.30623	2.13089	1.87687			1.99311	2.43981	1.99871	2.29627	2.09029	2.5554				
0.367416	-0.454175	1.99483	2.40313	0.367306	-0.448182	2.04676	2.59052	2.09034	2.28642	2.13526	1.91354			1.9986	2.31845	2.00416	2.42467	2.09619	2.55672				
0.368529	-0.509241	2.00023	2.28242	0.368405	-0.503512	2.05273	2.58229	2.0956	2.2667	2.13972	1.95073			2.00381	2.21169	2.0099	2.53194	2.10209	2.55789				
0.369766	-0.561732	2.00537	2.18589	0.369629	-0.55631	2.05867	2.57334	2.1008	2.24739	2.14426	1.98812			2.00881	2.14118	2.01584	2.6022	2.10799	2.55881				
0.371121	-0.611563	2.01032	2.12645	0.370972	-0.606389	2.0646	2.56355	2.10597	2.22877	2.14889	2.02549			2.01369	2.10248	2.0219	2.64326	2.1139	2.55949				
0.372588	-0.658636	2.01518	2.09497	0.372427	-0.653666	2.07051	2.55291	2.11109	2.21125	2.15361	2.06256			2.01851	2.08324	2.02804	2.66716	2.1198	2.56001				
0.373953	-0.697266	2.01999	2.07975	0.373989	-0.698048	2.07638	2.54129	2.11617	2.19524	2.15841	2.09892			2.0233	2.07468	2.03421	2.68167	2.12571	2.56031				
0.375175	-0.728355	2.02478	2.07338	0.375649	-0.739353	2.08223	2.52863	2.12122	2.18109	2.16329	2.13436			2.02808	2.07209	2.04041	2.69098	2.13162	2.56042				
0.376225	-0.752796	2.02956	2.07203	0.377401	-0.77743	2.08805	2.51487	2.12624	2.16906	2.16826	2.16863			2.03286	2.07291	2.04663	2.69721	2.13753	2.56033				
0.37708	-0.77135	2.03434	2.07362	0.379236	-0.81213	2.09384	2.49993	2.13123	2.1595	2.1733	2.20155			2.03765	2.07582	2.05286	2.70164	2.14343	2.56003				
0.377721	-0.784386	2.03913	2.07702	0.381148	-0.843297	2.09959	2.48378	2.1362	2.15267	2.17842	2.23287			2.04244	2.08009	2.0591	2.70485	2.14934	2.55955				
0.37832	-0.795872	2.04392	2.08165	0.383128	-0.87084	2.1053	2.46637	2.14116	2.1487	2.18361	2.26245			2.04725	2.0853	2.06534	2.70722	2.15524	2.55887				
0.378742	-0.803669	2.04873	2.08704	0.385167	-0.894507	2.11097	2.44759	2.14612	2.14778	2.18886	2.29028			2.05207	2.09109	2.07159	2.70906	2.16115	2.55798				
0.379409	-0.8156	2.05356	2.09296	0.387256	-0.914227	2.1166	2.42751	2.15108	2.14992	2.19417	2.31628			2.0569	2.09736	2.07784	2.71054	2.16705	2.55691				
0.380332	-0.831047	2.05839	2.09936	0.38911	-0.928143	2.12217	2.40619	2.15604	2.15513	2.19955	2.34045			2.06175	2.10397	2.0841	2.71167	2.17295	2.55561				
0.381523	-0.849203	2.06324	2.10607	0.39071	-0.937345	2.1277	2.38363	2.16102	2.16334	2.20498	2.35209			2.06661	2.11083	2.09036	2.71257	2.17884	2.55412				
0.382997	-0.869385	2.06811	2.11295	0.392043	-0.943086	2.13317	2.35997	2.16602	2.17436					2.07149	2.11788	2.09662	2.71335	2.18473	2.55242				
0.384768	-0.890318	2.07299	2.12005	0.393102	-0.946391	2.13859	2.3354	2.17106	2.18804					2.07638	2.12503	2.10288	2.71393	2.19062	2.55047				
0.386848	-0.910685	2.07789	2.12733	0.393883	-0.948111	2.14395	2.31011	2.17612	2.20407					2.08129	2.13235	2.10914	2.71443	2.1965	2.54832				
0.38897	-0.926947	2.08281	2.13467	0.394602	-0.949225	2.14925	2.28432	2.18123	2.22212					2.08622	2.13981	2.11541	2.71483	2.20238	2.54719				
0.391125	-0.93885	2.08775	2.14208	0.395103	-0.949571	2.15449	2.25831	2.18638	2.24188					2.09117	2.14728	2.12167	2.71514						
0.393303	-0.946266	2.0927	2.14959	0.395886	-0.949516	2.15967	2.23242	2.19157	2.26292					2.09613	2.15482	2.12794	2.71544						
0.395492	-0.948913	2.09767	2.15715	0.39695	-0.948569	2.16479	2.20691	2.19682	2.28487					2.10111	2.16244	2.1342	2.71563						
0.397682	-0.946684	2.10265	2.16478	0.398293	-0.945609	2.16986	2.18211	2.20212	2.29605					2.10611	2.17002	2.14047	2.71576						
0.399861	-0.939343	2.10766	2.1724	0.399909	-0.939424	2.17486	2.15828							2.11113	2.17769	2.14673	2.7159						
0.402017	-0.926701	2.11268	2.18002	0.401789	-0.928403	2.17982	2.1356							2.11616	2.18537	2.153	2.71597						
0.404137	-0.908661	2.11772	2.18772	0.403914	-0.910851	2.18472	2.1143							2.12121	2.19298	2.15927	2.71597						
0.40621	-0.885066	2.12277	2.19541	0.405993	-0.887866	2.18957	2.0945							2.12628	2.20067	2.16553	2.71596						
0.408222	-0.8558	2.12785	2.20306	0.408012	-0.859199	2.19439	2.07632							2.13137	2.20836	2.1718	2.71589						
0.41016	-0.820806	2.13294	2.2107	0.409958	-0.824797	2.19916	2.05979							2.13647	2.21601	2.17807	2.71582						
0.41201	-0.780055	2.13805	2.21836	0.411818	-0.784634	2.20389	2.05192							2.14159	2.22369	2.18433	2.71574						
0.413759	-0.733531	2.14318	2.22604	0.413579	-0.738735									2.14673	2.23129	2.1906	2.71556						
0.415395	-0.681376	2.14832	2.23365	0.415227	-0.687184									2.15189	2.23887	2.19687	2.7154						
0.416904	-0.623804	2.15348	2.24122	0.41675	-0.630135									2.15707	2.24647	2.20313	2.71534						
0.418274	-0.56096	2.15866	2.24878	0.418135	-0.567845									2.16226	2.254								
0.419492	-0.493247	2.16386	2.25634	0.41937	-0.500665									2.16747	2.2615								
0.42055	-0.421121	2.16908	2.26381	0.420445	-0.428989									2.17269	2.26899								
0.421436	-0.345105	2.17431	2.27125	0.42135	-0.353344									2.17794	2.27639								
0.422142	-0.265824	2.17956	2.2787	0.422076	-0.274396									2.1832	2.2838								
0.422663	-0.18396	2.18483	2.28605	0.422616	-0.192771									2.18848	2.29112								
0.422991	-0.100255	2.19011	2.29335	0.422966	-0.109222									2.19377	2.29837								
0.423125	-0.0580218	2.19541	2.30063	0.42312	-0.0670899									2.19908	2.30562								
		2.20073	2.30425											2.20441	2.30924								
