Sym0		Asym0		Sym1		Sym2		Sym3		Asym1		Asym2	
469  Points		492  Points		469  Points		178  Points		119  Points		372  Points		130  Points	
Freq (MHz)	Vgr (m/ms)	Freq (MHz)	Vgr (m/ms)	Freq (MHz)	Vgr (m/ms)	Freq (MHz)	Vgr (m/ms)	Freq (MHz)	Vgr (m/ms)	Freq (MHz)	Vgr (m/ms)	Freq (MHz)	Vgr (m/ms)
0.00496006	8.89828	8.21711e-005	0.324012	0.00816267	8.89724	0.27956	0.24963	0.393698	0.0721447	0.139818	0.542895	0.419263	0.0787667
0.0132505	8.89662	0.000384051	0.439733	0.0164522	8.89519	0.279793	0.349616	0.393766	0.113459	0.140324	0.81046	0.419336	0.154651
0.0215379	8.89223	0.000901565	0.665608	0.0247379	8.88999	0.280212	0.548791	0.39391	0.19646	0.141328	1.33872	0.419551	0.306279
0.0298202	8.88574	0.00162434	0.878514	0.0330177	8.88266	0.280815	0.745798	0.394132	0.280431	0.142818	1.85053	0.419907	0.457484
0.0380955	8.87706	0.00253858	1.07537	0.0412897	8.87313	0.281601	0.939862	0.394432	0.365754	0.144776	2.34087	0.420403	0.608063
0.0463617	8.86615	0.00362817	1.25427	0.0495518	8.86126	0.282567	1.13031	0.394813	0.452833	0.14718	2.80579	0.42104	0.757902
0.0546166	8.85284	0.00487576	1.41423	0.0578017	8.84703	0.283707	1.31638	0.395276	0.542102	0.150005	3.24263	0.421816	0.906775
0.062858	8.83705	0.00626343	1.55515	0.0660373	8.83029	0.28502	1.49743	0.395823	0.633921	0.153223	3.65005	0.42273	1.05445
0.0710835	8.81865	0.00777361	1.67776	0.074256	8.81081	0.286498	1.67291	0.396457	0.728717	0.156806	4.02757	0.423781	1.20082
0.0792905	8.79746	0.00938976	1.78324	0.0824552	8.78846	0.288137	1.84223	0.397181	0.826976	0.160727	4.37552	0.424967	1.34568
0.0874766	8.77331	0.0110965	1.87299	0.0906323	8.76311	0.289931	2.00494	0.397998	0.929012	0.164959	4.69495	0.426288	1.48885
0.0956386	8.74588	0.0128799	1.94869	0.0987843	8.73438	0.291873	2.16066	0.398912	1.03531	0.169476	4.98717	0.427742	1.63024
0.103774	8.71498	0.0147277	2.01199	0.106908	8.70204	0.293957	2.30899	0.399928	1.14623	0.174252	5.2538	0.429326	1.76962
0.111878	8.68027	0.016629	2.06455	0.115	8.66577	0.296175	2.44978	0.401048	1.2621	0.179266	5.49666	0.431039	1.90687
0.119948	8.6414	0.0185747	2.10791	0.123056	8.62517	0.298522	2.58299	0.402279	1.38339	0.184495	5.71755	0.432879	2.04192
0.12798	8.59794	0.0205568	2.14337	0.131072	8.57986	0.300988	2.70856	0.403626	1.51033	0.18992	5.91812	0.434844	2.17461
0.13597	8.54947	0.0225687	2.17232	0.139043	8.52931	0.303569	2.82662	0.405094	1.6432	0.195523	6.10013	0.436931	2.3048
0.143911	8.49545	0.0243416	2.193	0.146965	8.47295	0.306256	2.93763	0.406688	1.78223	0.201287	6.26515	0.439139	2.43245
0.1518	8.43523	0.0258649	2.20781	0.154832	8.41018	0.309043	3.04204	0.408415	1.92751	0.207197	6.41458	0.441464	2.55746
0.159629	8.36819	0.0271317	2.21822	0.162637	8.34031	0.311924	3.14047	0.41028	2.07914	0.21324	6.54982	0.443904	2.67966
0.167393	8.29358	0.0281373	2.22556	0.170373	8.26253	0.314895	3.234	0.412289	2.23699	0.219402	6.67212	0.446457	2.79913
0.175084	8.21049	0.0288787	2.2303	0.178033	8.17596	0.31795	3.32371	0.414448	2.40095	0.225672	6.78253	0.44912	2.91574
0.182693	8.11808	0.0293539	2.23311	0.185608	8.07965	0.321088	3.41091	0.416763	2.57074	0.23204	6.88201	0.45189	3.02944
0.190211	8.01528	0.0300382	2.23701	0.193088	7.97258	0.324306	3.49728	0.419238	2.74581	0.238496	6.97154	0.454765	3.14015
0.197628	7.90101	0.0307832	2.24075	0.200464	7.85359	0.327605	3.58463	0.421879	2.92566	0.245031	7.05194	0.457742	3.24791
0.204933	7.77421	0.0317983	2.2454	0.207723	7.72159	0.330986	3.67495	0.42469	3.10965	0.251637	7.12382	0.460817	3.35269
0.212114	7.6337	0.0330851	2.2505	0.214852	7.57551	0.334453	3.77033	0.427674	3.29695	0.258306	7.18783	0.463989	3.45444
0.219158	7.47836	0.0346446	2.25559	0.221839	7.41416	0.338011	3.87292	0.430834	3.4866	0.265031	7.24458	0.467254	3.5532
0.22605	7.30713	0.0364781	2.26042	0.228668	7.23698	0.341669	3.98485	0.434171	3.67776	0.271805	7.29457	0.47061	3.64897
0.232774	7.11935	0.0385864	2.26456	0.234478	7.06922	0.345437	4.10801	0.437687	3.86942	0.278623	7.33823	0.474054	3.7418
0.239316	6.91446	0.0406979	2.26751	0.239319	6.91588	0.349324	4.24394	0.441381	4.06056	0.285479	7.37591	0.477582	3.83165
0.245658	6.69233	0.0428117	2.26957	0.24324	6.78183	0.353345	4.39379	0.445253	4.2502	0.292367	7.40796	0.481193	3.91862
0.251786	6.45351	0.044927	2.27082	0.246284	6.67141	0.357512	4.55799	0.449301	4.43744	0.299283	7.43472	0.484884	4.0027
0.257684	6.19918	0.0470431	2.27145	0.248491	6.58758	0.361838	4.73617	0.453522	4.6215	0.306221	7.45638	0.488652	4.08399
0.263338	5.93119	0.0491596	2.27162	0.249888	6.53266	0.366337	4.92723	0.457912	4.80161	0.313177	7.47318	0.492494	4.16256
0.268736	5.65221	0.051276	2.27137	0.251875	6.45213	0.371019	5.12916	0.462469	4.97718	0.320147	7.48532	0.496409	4.23841
0.27387	5.36548	0.053392	2.27084	0.254008	6.3627	0.375895	5.33916	0.467187	5.14771	0.327125	7.49291	0.500392	4.31173
0.278734	5.07474	0.0555075	2.27014	0.256859	6.23792	0.380968	5.55393	0.472061	5.31276	0.334109	7.49607	0.504443	4.38257
0.283326	4.7841	0.0576222	2.26924	0.260383	6.07538	0.386244	5.76974	0.477087	5.47207	0.341093	7.49493	0.508559	4.45101
0.287649	4.49746	0.0597359	2.26824	0.264519	5.87275	0.39172	5.98289	0.482258	5.62552	0.348075	7.48956	0.512737	4.51714
0.291707	4.21863	0.0618488	2.26715	0.269189	5.62788	0.397392	6.18997	0.487569	5.77304	0.355049	7.48	0.516976	4.58113
0.295509	3.9507	0.0639605	2.26599	0.2743	5.34048	0.403254	6.38785	0.493015	5.91458	0.362013	7.46622	0.521273	4.64312
0.299068	3.69625	0.0660712	2.26486	0.279141	5.04964	0.409295	6.57413	0.49859	6.05022	0.368962	7.44833	0.525628	4.70316
0.302397	3.45718	0.0681808	2.2637	0.28371	4.75916	0.415504	6.74712	0.504289	6.18006	0.375892	7.42626	0.530037	4.76149
0.30551	3.23449	0.0702894	2.26254	0.288009	4.47304	0.421868	6.90566	0.510106	6.30425	0.3828	7.39997	0.5345	4.81832
0.308424	3.0287	0.0723968	2.26138	0.292045	4.19504	0.428372	7.04924	0.516036	6.42306	0.389681	7.36952	0.539016	4.87368
0.311154	2.83977	0.0745032	2.26021	0.295826	3.92819	0.435003	7.17782	0.522075	6.53668	0.396532	7.33477	0.543582	4.92779
0.313716	2.66721	0.0766085	2.25911	0.299364	3.67501	0.441747	7.2918	0.528217	6.64528	0.403349	7.29565	0.548198	4.98085
0.316124	2.51032	0.0787128	2.25808	0.302674	3.43728	0.448591	7.3918	0.534458	6.74909	0.410127	7.25215	0.552863	5.03307
0.318393	2.36815	0.0808162	2.25706	0.305769	3.21606	0.455521	7.47857	0.540793	6.84838	0.416862	7.20417	0.557577	5.08463
0.320537	2.2396	0.0829186	2.25607	0.308667	3.01173	0.462526	7.55301	0.547219	6.94333	0.423551	7.15165	0.562338	5.13575
0.322567	2.12362	0.0850201	2.2551	0.311381	2.82424	0.469595	7.61606	0.553731	7.03421	0.430189	7.09457	0.567146	5.18657
0.324494	2.01912	0.0871207	2.25418	0.313929	2.65312	0.476718	7.66861	0.560326	7.12118	0.436771	7.0328	0.572002	5.23731
0.326329	1.92503	0.0892205	2.25335	0.316325	2.4975	0.483885	7.71153	0.567001	7.20446	0.443293	6.9663	0.576906	5.28825
0.328081	1.84042	0.0913196	2.25249	0.318583	2.35652	0.491087	7.74567	0.573751	7.28422	0.449752	6.89512	0.581856	5.33944
0.329758	1.76435	0.0934178	2.2517	0.320716	2.22912	0.498318	7.77184	0.580574	7.36061	0.455324	6.8293	0.586855	5.39113
0.331369	1.69594	0.0955154	2.25097	0.322737	2.11415	0.505569	7.79062	0.587467	7.43377	0.460031	6.77028	0.591902	5.44348
0.332919	1.63447	0.0976122	2.25021	0.324656	2.0106	0.512835	7.80269	0.594426	7.50386	0.463891	6.71952	0.596998	5.4966
0.334414	1.5793	0.0997084	2.24953	0.326483	1.9174	0.520109	7.80868	0.601449	7.571	0.466923	6.67814	0.602145	5.55063
0.335862	1.52973	0.101804	2.2489	0.328229	1.83352	0.527386	7.80901	0.608534	7.63521	0.46914	6.64684	0.607341	5.60565
0.337265	1.48517	0.103899	2.24826	0.3299	1.75815	0.53466	7.80418	0.615677	7.69667	0.470553	6.62658	0.61259	5.66172
0.338629	1.44519	0.105993	2.24768	0.331505	1.6904	0.541928	7.7946	0.622876	7.75543	0.472577	6.597	0.617891	5.71879
0.339958	1.40933	0.108087	2.24713	0.33305	1.62949	0.549184	7.78055	0.630128	7.81151	0.474767	6.5641	0.623246	5.77696
0.341255	1.37716	0.110181	2.24657	0.334541	1.5748	0.556426	7.76242	0.637432	7.865	0.477727	6.51846	0.628656	5.8361
0.342524	1.34833	0.112273	2.24606	0.335984	1.52566	0.563649	7.74052	0.644784	7.91587	0.481441	6.45927	0.634121	5.89608
0.343768	1.32255	0.114366	2.24559	0.337384	1.48154	0.57085	7.71502	0.652182	7.96414	0.485887	6.38542	0.639643	5.95678
0.344988	1.29953	0.116458	2.2451	0.338745	1.44193	0.578025	7.68614	0.659624	8.00986	0.491035	6.29567	0.645221	6.01807
0.346189	1.279	0.118549	2.24467	0.340071	1.40642	0.585172	7.6541	0.667107	8.05297	0.496852	6.18897	0.650857	6.07969
0.347372	1.2607	0.120641	2.24427	0.341366	1.37457	0.592287	7.61909	0.67463	8.09347	0.502568	6.07842	0.65655	6.14134
0.348538	1.24447	0.122731	2.24385	0.342632	1.346	0.599369	7.58121	0.682189	8.13133	0.508179	5.96422	0.662301	6.20283
0.349691	1.2301	0.124822	2.24346	0.343874	1.32048	0.606414	7.54063	0.689782	8.16648	0.513681	5.84673	0.668108	6.26383
0.35083	1.21741	0.126912	2.24312	0.345093	1.29765	0.61342	7.49746	0.697406	8.19891	0.519073	5.72635	0.673972	6.32411
0.351959	1.2063	0.129002	2.24277	0.346292	1.27733	0.620385	7.45185	0.705059	8.22848	0.524352	5.60343	0.679892	6.38328
0.353078	1.19661	0.131091	2.24244	0.347473	1.25923	0.626419	7.41012	0.712739	8.25509	0.529515	5.4784	0.685867	6.44105
0.354189	1.18821	0.13318	2.24213	0.348638	1.24315	0.631535	7.37312	0.720442	8.27871	0.53456	5.35176	0.691895	6.4972
0.355292	1.181	0.135269	2.2418	0.34979	1.22895	0.635746	7.3416	0.728165	8.29924	0.539487	5.22395	0.697974	6.5514
0.35639	1.17487	0.137357	2.24152	0.350928	1.2164	0.639062	7.3161	0.735907	8.31648	0.544295	5.09544	0.704103	6.60342
0.357482	1.16971	0.139446	2.24123	0.352056	1.2054	0.641494	7.29707	0.743662	8.3303	0.548982	4.96678	0.710279	6.65304
0.358569	1.16547	0.141534	2.24098	0.353174	1.19583	0.643046	7.28465	0.751429	8.3406	0.55355	4.83832	0.7165	6.70005
0.359653	1.16211	0.143622	2.24074	0.354284	1.18753	0.645273	7.26656	0.759204	8.3472	0.557998	4.71051	0.722763	6.74427
0.360735	1.15949	0.145709	2.24048	0.355387	1.18042	0.647688	7.24668	0.766983	8.34985	0.562327	4.58381	0.729067	6.78554
0.361814	1.15756	0.147796	2.24024	0.356484	1.17437	0.650961	7.21915	0.774763	8.34842	0.566539	4.45864	0.735407	6.82377
0.362892	1.15632	0.149884	2.24001	0.357576	1.16933	0.655083	7.18371	0.78254	8.34278	0.570635	4.3353	0.741782	6.85892
0.363969	1.15568	0.15197	2.23978	0.358663	1.1652	0.66004	7.13975	0.790309	8.33267	0.574617	4.21405	0.748188	6.89085
0.365045	1.15557	0.154057	2.23959	0.359747	1.16182	0.665816	7.0867	0.798067	8.31793	0.578488	4.09527	0.754623	6.91955
0.366122	1.15594	0.156144	2.23939	0.360828	1.15928	0.672389	7.02405	0.805808	8.29843	0.582248	3.97919	0.761082	6.94501
0.367199	1.15682	0.15823	2.23918	0.361907	1.15747	0.678904	6.95943	0.81353	8.27406	0.585902	3.86596	0.767564	6.96715
0.368277	1.15814	0.160316	2.239	0.362985	1.15623	0.685358	6.89288	0.821226	8.24473	0.589452	3.75573	0.774065	6.98608
0.369357	1.15984	0.162402	2.23884	0.364061	1.15561	0.691748	6.82449	0.828893	8.21048	0.592901	3.64865	0.780582	7.00183
0.370439	1.16191	0.164488	2.23868	0.365138	1.15556	0.698074	6.75429	0.836526	8.1714	0.596251	3.54487	0.787112	7.01443
0.371522	1.1643	0.166574	2.2385	0.366215	1.15601	0.704334	6.68228	0.844119	8.12768	0.599506	3.44442	0.792811	7.02292
0.372608	1.16702	0.168659	2.23833	0.367292	1.15693	0.710526	6.60863	0.851671	8.07971	0.602669	3.34728	0.797674	7.02826
0.373697	1.17005	0.170745	2.23817	0.368371	1.15827	0.716649	6.53339	0.859175	8.02785	0.605744	3.25348	0.801697	7.03144
0.374789	1.17333	0.17283	2.23802	0.36945	1.16	0.7227	6.45655	0.86663	7.97271	0.608732	3.16312	0.80488	7.03316
0.375742	1.17641	0.174915	2.23787	0.370532	1.16211	0.72868	6.37828	0.874031	7.91501	0.611638	3.07608	0.80722	7.03397
0.376558	1.17917	0.177	2.23776	0.371616	1.16456	0.734585	6.29865	0.881378	7.8555	0.614464	2.99231	0.808718	7.03423
0.377233	1.18149	0.179085	2.23763	0.372702	1.16728	0.740416	6.21774	0.888669	7.79507	0.617214	2.91183	0.810871	7.03428
0.377768	1.1833	0.181169	2.23749	0.373791	1.17033	0.746172	6.13568	0.895904	7.73455	0.61989	2.83452	0.813212	7.03405
0.378162	1.18488	0.183254	2.23739	0.374883	1.17365	0.75185	6.05254	0.903082	7.67476	0.622495	2.76031	0.816395	7.03316
0.378415	1.18588	0.185339	2.23723	0.375978	1.17717	0.75745	5.96849	0.910205	7.61647	0.625033	2.68912	0.82042	7.03097
0.378778	1.18711	0.187423	2.23711	0.377076	1.18095	0.762971	5.88362	0.917274	7.56038	0.627506	2.62089	0.825285	7.0269
0.379173	1.18859	0.189507	2.23701	0.378179	1.18493	0.768413	5.79804	0.924293	7.50696	0.629917	2.55553	0.830988	7.02021
0.379711	1.19074	0.191591	2.23693	0.379284	1.18908	0.773775	5.71193	0.931263	7.45658	0.632268	2.49294	0.837524	7.00997
0.380394	1.19346	0.193675	2.23681	0.380394	1.19342	0.779057	5.62537	0.937299	7.41534	0.634562	2.433	0.84405	6.99712
0.381221	1.19674	0.195759	2.23668	0.381508	1.19797	0.784258	5.53848	0.94242	7.38218	0.636802	2.37568	0.850563	6.98169
0.382194	1.20077	0.197843	2.23662	0.382627	1.20263	0.789377	5.45145	0.946637	7.35627	0.638989	2.32083	0.85706	6.96368
0.383315	1.20551	0.199927	2.23651	0.383749	1.20737	0.794416	5.36436	0.949962	7.33668	0.641126	2.26836	0.863539	6.94318
0.38444	1.2104	0.202011	2.23638	0.384876	1.21227	0.799373	5.27734	0.952401	7.32275	0.643216	2.21825	0.869998	6.92025
0.38557	1.21537	0.204094	2.23632	0.386008	1.21732	0.804249	5.19051	0.953959	7.31408	0.64526	2.17034	0.876434	6.89495
0.386705	1.22046	0.206178	2.23625	0.387145	1.22245	0.809045	5.10395	0.956196	7.30198	0.64726	2.12452	0.882846	6.86739
0.387845	1.22568	0.208261	2.23615	0.388286	1.22769	0.81376	5.01787	0.958624	7.28925	0.649219	2.08074	0.889231	6.83754
0.388989	1.23092	0.210345	2.23606	0.389432	1.23301	0.818395	4.93234	0.961919	7.27258	0.651137	2.03896	0.895587	6.80547
0.390138	1.23629	0.212428	2.23597	0.390584	1.23839	0.822951	4.84743	0.966075	7.25248	0.653018	1.99903	0.901912	6.77131
0.391293	1.24172	0.214511	2.2359	0.39174	1.24382	0.827428	4.76322	0.971086	7.22956	0.654862	1.9609	0.908204	6.73508
0.392452	1.24722	0.216594	2.23582	0.392901	1.24936	0.831827	4.67981	0.976946	7.2045	0.656672	1.92455	0.914462	6.69682
0.393617	1.25279	0.218677	2.23578	0.394068	1.25495	0.836148	4.59735	0.983645	7.17787	0.658449	1.88979	0.920683	6.65663
0.394787	1.2584	0.22076	2.23569	0.39524	1.26056	0.840393	4.51583	0.990321	7.15332	0.660193	1.85659	0.926866	6.61464
0.395962	1.26406	0.222843	2.23561	0.396417	1.26626	0.844563	4.43534	0.996974	7.13042	0.661908	1.82493	0.933009	6.57079
0.397142	1.26974	0.224926	2.23553	0.397599	1.27197	0.848658	4.35598	1.00361	7.11932	0.663594	1.79472	0.93911	6.52521
0.398328	1.27548	0.227009	2.23546	0.398787	1.27771	0.85268	4.27774			0.665252	1.76587	0.945168	6.47796
0.399519	1.28127	0.229092	2.23542	0.39998	1.28351	0.856629	4.20068			0.666885	1.73838	0.951181	6.4291
0.400715	1.28707	0.231174	2.23536	0.401179	1.28931	0.860507	4.12487			0.668492	1.71214	0.957148	6.37882
0.401917	1.29286	0.233257	2.2353	0.402383	1.2951	0.864315	4.05035			0.670075	1.68709	0.963067	6.32705
0.403124	1.29868	0.23534	2.23523	0.403592	1.30096	0.868055	3.97712			0.671635	1.66321	0.968937	6.27388
0.404337	1.30456	0.237422	2.23519	0.404807	1.30682	0.871726	3.90521			0.673174	1.64043	0.974758	6.21947
0.405555	1.31043	0.239505	2.2351	0.406027	1.31268	0.875332	3.83464			0.674692	1.61871	0.980527	6.16392
0.406779	1.31629	0.241587	2.23506	0.407253	1.31858	0.878872	3.76545			0.67619	1.598	0.986243	6.10725
0.408008	1.32215	0.24367	2.23504	0.408484	1.32446	0.882348	3.69756			0.67767	1.57823	0.991907	6.04951
0.409242	1.32805	0.245752	2.23495	0.409721	1.33032	0.885762	3.6311			0.679131	1.55945	0.997516	5.9909
0.410483	1.33393	0.247834	2.23487	0.410963	1.33619	0.889114	3.56605			0.680576	1.54153	1.00307	5.9614
0.411728	1.3398	0.249916	2.23483	0.412211	1.34205	0.892407	3.50232			0.682004	1.52444		
0.412979	1.34566	0.251998	2.23481	0.413464	1.34791	0.895641	3.44002			0.683416	1.50816		
0.414236	1.35152	0.254081	2.23477	0.414722	1.35377	0.898817	3.37907			0.684814	1.49263		
0.415498	1.35738	0.256163	2.23471	0.415986	1.35963	0.901937	3.31947			0.686198	1.47787		
0.416765	1.36321	0.258245	2.23464	0.417256	1.36549	0.905002	3.26126			0.687568	1.46386		
0.418038	1.36905	0.260327	2.23461	0.418531	1.37131	0.908014	3.20436			0.688925	1.45048		
0.419316	1.37486	0.262409	2.23459	0.419811	1.37708	0.910973	3.1488			0.690271	1.43775		
0.4206	1.38066	0.264491	2.23455	0.421097	1.38286	0.913881	3.09459			0.691604	1.42564		
0.421889	1.38642	0.266573	2.23449	0.422388	1.38868	0.91674	3.04166			0.692927	1.41412		
0.423183	1.39215	0.268654	2.23446	0.423685	1.3944	0.919549	2.99			0.69424	1.4032		
0.424483	1.39791	0.270736	2.23441	0.424986	1.40012	0.922311	2.93968			0.695542	1.3928		
0.425788	1.40365	0.272818	2.23438	0.426294	1.40584	0.925027	2.89056			0.696835	1.38294		
0.427098	1.40934	0.2749	2.23433	0.427606	1.41148	0.927698	2.84268			0.698119	1.37359		
0.428414	1.41497	0.276981	2.23427	0.428924	1.41716	0.930324	2.79599			0.699394	1.3647		
0.429735	1.4206	0.279063	2.23428	0.430247	1.42282	0.932908	2.75049			0.700662	1.3563		
0.431061	1.42627	0.281145	2.23424	0.431575	1.4284	0.935449	2.70621			0.701922	1.34829		
0.432393	1.43182	0.283226	2.23419	0.432908	1.43397	0.93795	2.66305			0.703174	1.34073		
0.433729	1.43738	0.285308	2.23416	0.434247	1.43953	0.940412	2.621			0.70442	1.33358		
0.435071	1.44294	0.287389	2.23411	0.435591	1.44503	0.942834	2.58009			0.705659	1.32682		
0.436418	1.44839	0.289471	2.23409	0.43694	1.45052	0.945219	2.54026			0.706892	1.32044		
0.43777	1.45386	0.291552	2.23407	0.438294	1.45598	0.947568	2.50145			0.70812	1.31439		
0.439127	1.45935	0.293634	2.23399	0.439653	1.46142	0.94988	2.4637			0.709342	1.30873		
0.440489	1.46473	0.295715	2.23399	0.441017	1.46681	0.952159	2.42699			0.710558	1.30338		
0.441856	1.47009	0.297797	2.23399	0.442386	1.47218	0.954403	2.39127			0.71177	1.29832		
0.443229	1.47544	0.299878	2.23392	0.44376	1.4775	0.956614	2.3565			0.712978	1.29359		
0.444606	1.48076	0.301959	2.23388	0.445139	1.4828	0.958794	2.3227			0.714181	1.28914		
0.445988	1.48605	0.304041	2.23386	0.446523	1.48808	0.960943	2.28984			0.71538	1.28497		
0.447375	1.49126	0.306122	2.23385	0.447912	1.49329	0.963061	2.25784			0.716575	1.28106		
0.448767	1.49647	0.308203	2.23381	0.449306	1.49849	0.96515	2.22676			0.717767	1.27742		
0.450163	1.50167	0.310284	2.23379	0.450704	1.50366	0.96721	2.19653			0.718956	1.27406		
0.451565	1.50683	0.312366	2.23378	0.452108	1.50877	0.969243	2.16713			0.720141	1.27091		
0.452971	1.51191	0.314447	2.23374	0.453516	1.51385	0.971248	2.13859			0.721324	1.26799		
0.454382	1.51697	0.316528	2.23372	0.454928	1.51895	0.973228	2.11088			0.722504	1.26531		
0.455798	1.52203	0.318609	2.23367	0.456346	1.524	0.975182	2.08392			0.723682	1.26281		
0.457218	1.52705	0.32069	2.23365	0.457768	1.52894	0.977111	2.05769			0.724857	1.26049		
0.458643	1.53201	0.322771	2.23367	0.459195	1.53389	0.979016	2.03223			0.72603	1.25845		
0.460073	1.53691	0.324852	2.23361	0.460627	1.53883	0.980898	2.00753			0.727202	1.25652		
0.461507	1.54185	0.326933	2.23358	0.462063	1.54371	0.982757	1.9835			0.728372	1.25478		
0.462946	1.5467	0.329014	2.23356	0.463503	1.54857	0.984594	1.96013			0.72954	1.25329		
0.464389	1.55151	0.331095	2.23352	0.464948	1.55338	0.986409	1.93746			0.730707	1.25189		
0.465837	1.55632	0.333176	2.23353	0.466398	1.55817	0.988204	1.91547			0.731873	1.25064		
0.467289	1.56108	0.335257	2.2335	0.467852	1.5629	0.989979	1.89411			0.733037	1.24961		
0.468746	1.5658	0.337338	2.23349	0.46931	1.56761	0.991734	1.87336			0.734201	1.24873		
0.470207	1.57047	0.339419	2.23348	0.470773	1.57228	0.993469	1.8532			0.735364	1.24792		
0.471672	1.57514	0.3415	2.23341	0.47224	1.57692	0.995187	1.8336			0.736527	1.2473		
0.473142	1.57975	0.343581	2.2334	0.473711	1.58154	0.996886	1.81461			0.737689	1.2468		
0.474616	1.58433	0.345662	2.2334	0.475187	1.58609	0.998568	1.79618			0.73885	1.24641		
0.476094	1.58889	0.347742	2.23337	0.476667	1.5906	1.00023	1.78708			0.740011	1.24618		
0.477577	1.59336	0.349823	2.23335	0.478151	1.59512					0.741172	1.24606		
0.479064	1.59783	0.351904	2.23334	0.479639	1.59958					0.742333	1.24604		
0.480554	1.6023	0.353985	2.23333	0.481131	1.60401					0.743494	1.24614		
0.482049	1.60674	0.356066	2.23329	0.482628	1.60838					0.744655	1.24633		
0.483548	1.61108	0.358146	2.23328	0.484128	1.61273					0.745816	1.24665		
0.485051	1.61541	0.360227	2.23327	0.485633	1.6171					0.746978	1.24707		
0.486558	1.6197	0.362308	2.23326	0.487142	1.62137					0.74814	1.24753		
0.488069	1.62397	0.364388	2.23322	0.488654	1.6256					0.749303	1.24813		
0.489584	1.62822	0.366469	2.2332	0.490171	1.62983					0.750466	1.24879		
0.491103	1.6324	0.36855	2.23319	0.491691	1.63404					0.75163	1.24953		
0.492626	1.63658	0.37063	2.23315	0.493216	1.63819					0.752794	1.25037		
0.494153	1.64072	0.372711	2.23317	0.494744	1.64232					0.75396	1.25131		
0.495684	1.6448	0.374792	2.23314	0.496276	1.6464					0.755126	1.25232		
0.497218	1.6489	0.376872	2.23312	0.497812	1.65041					0.756293	1.25338		
0.498756	1.65292	0.378953	2.23312	0.499351	1.65444					0.757461	1.2545		
0.500298	1.65691	0.381033	2.23308	0.500895	1.65846					0.758631	1.25571		
0.501844	1.66088	0.383114	2.23309	0.502442	1.66241					0.759801	1.25698		
0.503393	1.66481	0.385195	2.23306	0.503992	1.66633					0.760973	1.25827		
0.504946	1.66871	0.387275	2.23305	0.505547	1.67023					0.762146	1.25965		
0.506502	1.67257	0.389356	2.23304	0.507105	1.67405					0.76332	1.26115		
0.508062	1.6764	0.391436	2.233	0.508666	1.6779					0.764496	1.26263		
0.509626	1.68022	0.393517	2.23298	0.510231	1.68169					0.765673	1.26417		
0.511193	1.684	0.395597	2.23301	0.5118	1.68546					0.766852	1.26579		
0.512764	1.68776	0.397678	2.23299	0.513372	1.68921					0.768032	1.26744		
0.514338	1.69147	0.399758	2.23294	0.514947	1.69287					0.769213	1.26914		
0.515916	1.69515	0.401838	2.23295	0.516526	1.69654					0.770397	1.27087		
0.517497	1.69879	0.403919	2.23296	0.518109	1.7002					0.771581	1.27265		
0.519081	1.7024	0.405999	2.23292	0.519694	1.70383					0.772768	1.2745		
0.520669	1.70604	0.40808	2.23291	0.521284	1.70737					0.773956	1.27641		
0.52226	1.70958	0.41016	2.2329	0.522876	1.71093					0.775146	1.27828		
0.523855	1.71307	0.41224	2.23286	0.524472	1.71447					0.776338	1.28024		
0.525453	1.71661	0.414321	2.23287	0.526071	1.71796					0.777532	1.28224		
0.527054	1.7201	0.416401	2.23288	0.527673	1.72142					0.778728	1.28423		
0.528658	1.7235	0.418481	2.23285	0.529278	1.72484					0.779925	1.28629		
0.530265	1.72692	0.420562	2.23283	0.530887	1.72823					0.781124	1.28835		
0.531876	1.73031	0.422642	2.23279	0.532499	1.73161					0.782326	1.29047		
0.533489	1.73369	0.424722	2.2328	0.534114	1.73499					0.783529	1.29263		
0.535106	1.73703	0.426803	2.23281	0.535732	1.73829					0.784734	1.29481		
0.536726	1.74031	0.428883	2.23278	0.537353	1.74155					0.785942	1.29704		
0.538349	1.74356	0.430963	2.23276	0.538977	1.74483					0.787151	1.29921		
0.539975	1.7468	0.433043	2.23275	0.540604	1.74808					0.788363	1.30147		
0.541604	1.75007	0.435124	2.23275	0.542234	1.75132					0.789576	1.30377		
0.543236	1.75327	0.437204	2.23275	0.543867	1.75447					0.790792	1.30602		
0.544871	1.75642	0.439284	2.23274	0.545503	1.75759					0.79201	1.30836		
0.546509	1.75952	0.441364	2.23271	0.547142	1.76076					0.79323	1.31069		
0.54815	1.76265	0.443445	2.23273	0.548784	1.76388					0.794452	1.31304		
0.549794	1.76576	0.445525	2.2327	0.550429	1.76691					0.795677	1.31541		
0.55144	1.76877	0.447605	2.23268	0.552077	1.76996					0.796904	1.31781		
0.553089	1.77182	0.449685	2.23268	0.553727	1.77302					0.798133	1.32026		
0.554742	1.77484	0.451765	2.23264	0.555381	1.77602					0.799364	1.32269		
0.556397	1.77782	0.453845	2.23265	0.557037	1.77898					0.800597	1.32507		
0.558054	1.78081	0.455926	2.23266	0.558696	1.78189					0.801833	1.32755		
0.559715	1.78373	0.458006	2.23263	0.560357	1.78485					0.803071	1.33003		
0.561378	1.78662	0.460086	2.23261	0.562021	1.78775					0.804311	1.33248		
0.563044	1.7895	0.462166	2.23264	0.563688	1.7906					0.805554	1.33503		
0.564713	1.79236	0.464246	2.23262	0.565358	1.79349					0.806799	1.33754		
0.566384	1.79522	0.466326	2.23257	0.56703	1.79632					0.808046	1.34001		
0.568058	1.79804	0.468406	2.23258	0.568705	1.79909					0.809296	1.34256		
0.569735	1.80081	0.470486	2.23259	0.570383	1.80187					0.810548	1.34512		
0.571414	1.80355	0.472566	2.23256	0.572063	1.80465					0.811802	1.34764		
0.573095	1.80631	0.474646	2.23254	0.573746	1.80736					0.813059	1.35019		
0.574779	1.80904	0.476727	2.23253	0.575431	1.81007					0.814318	1.35278		
0.576466	1.81177	0.478807	2.23256	0.577118	1.81278					0.81558	1.35535		
0.578155	1.81441	0.480887	2.23254	0.578809	1.81545					0.816844	1.35792		
0.579847	1.81705	0.482967	2.2325	0.580501	1.81807					0.81811	1.36053		
0.581541	1.81972	0.485047	2.23251	0.582196	1.8207					0.819379	1.36311		
0.583238	1.82231	0.487127	2.23252	0.583894	1.82329					0.82065	1.36572		
0.584937	1.82488	0.489207	2.23248	0.585594	1.82587					0.821924	1.36831		
0.586638	1.82745	0.491287	2.23247	0.587296	1.82845					0.8232	1.37092		
0.588342	1.82998	0.493367	2.2325	0.589001	1.83098					0.824478	1.37354		
0.590048	1.83252	0.495447	2.23247	0.590708	1.83349					0.825759	1.37617		
0.591757	1.83504	0.497527	2.23246	0.592418	1.83599					0.827043	1.37881		
0.593468	1.83747	0.499607	2.23246	0.594129	1.83845					0.828329	1.38141		
0.595181	1.83993	0.501687	2.23245	0.595843	1.84088					0.829617	1.38402		
0.596896	1.84241	0.503767	2.23245	0.59756	1.84335					0.830908	1.38665		
0.598614	1.84482	0.505847	2.23241	0.599278	1.84575					0.832201	1.38932		
0.600334	1.84723	0.507926	2.23243	0.600999	1.84813					0.833496	1.39194		
0.602056	1.84961	0.510006	2.2324	0.602722	1.85052					0.834794	1.39456		
0.603781	1.85194	0.512086	2.23239	0.604447	1.85289					0.836095	1.39723		
0.605507	1.85431	0.514166	2.23242	0.606175	1.85521					0.837398	1.39985		
0.607236	1.85663	0.516246	2.2324	0.607904	1.85751					0.838704	1.40247		
0.608967	1.85892	0.518326	2.23239	0.609636	1.85979					0.840011	1.40514		
0.6107	1.86121	0.520406	2.23238	0.61137	1.86207					0.841322	1.40779		
0.612435	1.86345	0.522486	2.23234	0.613106	1.86434					0.842635	1.4104		
0.614172	1.8657	0.524566	2.23236	0.614844	1.86657					0.84395	1.41302		
0.615911	1.86796	0.526646	2.23237	0.616584	1.86879					0.845268	1.41565		
0.617653	1.87016	0.528725	2.23234	0.618326	1.871					0.846588	1.41832		
0.619396	1.87232	0.530805	2.23232	0.62007	1.8732					0.847911	1.42098		
0.621142	1.87453	0.532885	2.23231	0.621816	1.87536					0.849236	1.42358		
0.622889	1.8767	0.534965	2.23234	0.623565	1.87751					0.850563	1.42621		
0.624639	1.87881	0.537045	2.23232	0.625315	1.87964					0.851893	1.42884		
0.62639	1.88093	0.539125	2.23231	0.627067	1.88173					0.853226	1.43143		
0.628144	1.88305	0.541205	2.23231	0.628821	1.88384					0.854561	1.43409		
0.629899	1.8851	0.543284	2.23227	0.630578	1.88592					0.855898	1.43673		
0.631656	1.88718	0.545364	2.23229	0.632336	1.88798					0.857238	1.4393		
0.633416	1.88925	0.547444	2.2323	0.634096	1.89004					0.85858	1.44194		
0.635177	1.89127	0.549524	2.23226	0.635857	1.89206					0.859925	1.44457		
0.63694	1.89331	0.551604	2.23228	0.637621	1.89406					0.861272	1.44714		
0.638705	1.89532	0.553683	2.23226	0.639387	1.89608					0.862621	1.44974		
0.640471	1.89727	0.555763	2.23224	0.641154	1.89805					0.863973	1.45239		
0.64224	1.89924	0.557843	2.23227	0.642924	1.90002					0.865328	1.45497		
0.64401	1.90125	0.559923	2.23225	0.644695	1.90199					0.866684	1.45754		
0.645783	1.90317	0.562002	2.23224	0.646468	1.90389					0.868044	1.46014		
0.647557	1.90508	0.564082	2.2322	0.648243	1.90583					0.869405	1.46272		
0.649333	1.90699	0.566162	2.23221	0.650019	1.90772					0.870769	1.46529		
0.65111	1.90886	0.568242	2.23222	0.651797	1.90958					0.872136	1.4679		
0.65289	1.91075	0.570321	2.23219	0.653577	1.9115					0.873504	1.47045		
0.654671	1.91264	0.572401	2.23221	0.655359	1.91337					0.874876	1.473		
0.656454	1.91451	0.574481	2.23222	0.657143	1.91519					0.876249	1.4756		
0.658238	1.91632	0.576561	2.23219	0.658928	1.91701					0.877625	1.4781		
0.660024	1.9181	0.57864	2.23217	0.660715	1.91884					0.879004	1.48068		
0.661812	1.91991	0.58072	2.2322	0.662503	1.92063					0.880384	1.48324		
0.663602	1.92173	0.5828	2.23218	0.664294	1.92241					0.881767	1.48574		
0.665393	1.92352	0.584879	2.23217	0.666086	1.92417					0.883153	1.48826		
0.667186	1.92529	0.586959	2.23216	0.667879	1.92593					0.884541	1.49081		
0.668981	1.92702	0.589039	2.23212	0.669674	1.92769					0.885931	1.49333		
0.670777	1.92872	0.591119	2.23214	0.671471	1.92942					0.887323	1.49587		
0.672575	1.93046	0.593198	2.23215	0.67327	1.93112					0.888718	1.49835		
0.674374	1.9322	0.595278	2.23215	0.67507	1.93285					0.890115	1.50083		
0.676175	1.93388	0.597358	2.23216	0.676871	1.93456					0.891515	1.50336		
0.677978	1.93556	0.599437	2.23212	0.678675	1.93622					0.892917	1.50586		
0.679782	1.93724	0.601517	2.2321	0.680479	1.93785					0.894321	1.50832		
0.681588	1.93886	0.603597	2.23209	0.682286	1.93951					0.895727	1.5108		
0.683395	1.9405	0.605676	2.23212	0.684093	1.94115					0.897136	1.51328		
0.685204	1.94217	0.607756	2.2321	0.685903	1.94277					0.898547	1.51573		
0.687014	1.94377	0.609835	2.23209	0.687713	1.94439					0.89996	1.5182		
0.688826	1.94538	0.611915	2.23209	0.689526	1.946					0.901376	1.52065		
0.690639	1.94699	0.613995	2.23209	0.69134	1.94758					0.902794	1.52308		
0.692454	1.94856	0.616074	2.23209	0.693155	1.94914					0.904214	1.5255		
0.69427	1.95012	0.618154	2.23205	0.694972	1.95072					0.905637	1.52796		
0.696087	1.95166	0.620234	2.23207	0.69679	1.95228					0.907061	1.5304		
0.697906	1.95321	0.622313	2.23207	0.69861	1.95383					0.908488	1.53279		
0.699727	1.95475	0.624393	2.23208	0.700431	1.95534					0.909918	1.53519		
0.701549	1.95629	0.626472	2.23205	0.702253	1.95683					0.911349	1.5376		
0.703372	1.95779	0.628552	2.23203	0.704077	1.95834					0.912783	1.54001		
0.705197	1.95927	0.630632	2.23206	0.705902	1.95986					0.914219	1.54239		
0.707023	1.96074	0.632711	2.23207	0.707729	1.96136					0.915657	1.54475		
0.708851	1.96225	0.634791	2.23204	0.709557	1.9628					0.917097	1.54714		
0.71068	1.9637	0.63687	2.23203	0.711386	1.96426					0.91854	1.54951		
0.71251	1.96512	0.63895	2.23202	0.713217	1.96571					0.919984	1.55186		
0.714341	1.9666	0.641029	2.23201	0.715049	1.96714					0.921431	1.55421		
0.716174	1.96803	0.643109	2.23201	0.716883	1.96859					0.922881	1.55656		
0.718009	1.96945	0.645189	2.23197	0.718718	1.97					0.924332	1.55887		
0.719844	1.97085	0.647268	2.23199	0.720554	1.97137					0.925785	1.5612		
0.721681	1.97225	0.649348	2.232	0.722391	1.97275					0.927241	1.56357		
0.723519	1.97364	0.651427	2.23201	0.72423	1.97417					0.928699	1.56585		
0.725359	1.975	0.653507	2.23201	0.72607	1.97554					0.930159	1.56813		
0.727199	1.97637	0.655586	2.23197	0.727911	1.97693					0.931621	1.57048		
0.729041	1.97775	0.657666	2.23196	0.729753	1.97828					0.933085	1.57275		
0.730885	1.97911	0.659745	2.23198	0.731597	1.97957					0.934552	1.57502		
0.732729	1.98044	0.661825	2.23196	0.733442	1.98095					0.93602	1.57733		
0.734575	1.98173	0.663904	2.23195	0.735288	1.98227					0.937491	1.57958		
0.736422	1.98307	0.665984	2.23198	0.737136	1.98355					0.938963	1.58184		
0.73827	1.9844	0.668063	2.23196	0.738985	1.98488					0.940438	1.58407		
0.74012	1.98565	0.670143	2.23195	0.740834	1.98617					0.941915	1.58632		
0.74197	1.98694	0.672222	2.23194	0.742686	1.98744					0.943394	1.58858		
0.743822	1.98824	0.674302	2.23194	0.744538	1.98873					0.944875	1.59077		
0.745675	1.98951	0.676381	2.23194	0.746391	1.99					0.946358	1.593		
0.747529	1.99077	0.678461	2.23194	0.748246	1.99126					0.947844	1.59525		
0.749385	1.99202	0.68054	2.2319	0.750102	1.99251					0.949331	1.59744		
0.751241	1.99327	0.68262	2.23188	0.751959	1.99372					0.95082	1.59963		
0.753099	1.99448	0.684699	2.23191	0.753817	1.99495					0.952312	1.60183		
0.754958	1.99571	0.686779	2.23192	0.755676	1.99619					0.953805	1.60399		
0.756818	1.99694	0.688858	2.23193	0.757537	1.99743					0.955301	1.60617		
0.758679	1.99815	0.690937	2.2319	0.759398	1.9986					0.956798	1.60835		
0.760541	1.99934	0.693017	2.23188	0.761261	1.99977					0.958298	1.61051		
0.762404	2.00052	0.695096	2.23191	0.763125	2.00098					0.959799	1.61265		
0.764269	2.00169	0.697176	2.23189	0.764989	2.00217					0.961303	1.61478		
0.766134	2.00287	0.699255	2.23188	0.766855	2.00335					0.962808	1.61695		
0.768001	2.00404	0.701335	2.23187	0.768722	2.00449					0.964316	1.61909		
0.769869	2.00517	0.703414	2.23187	0.77059	2.00564					0.965825	1.62115		
0.771737	2.00633	0.705494	2.23187	0.77246	2.00677					0.967336	1.62328		
0.773607	2.00749	0.707573	2.23186	0.77433	2.00788					0.96885	1.62541		
0.775478	2.00862	0.709652	2.23186	0.776201	2.00902					0.970365	1.6275		
0.77735	2.0097	0.711732	2.23186	0.778073	2.01018					0.971883	1.6296		
0.779223	2.01083	0.713811	2.23186	0.779947	2.01127					0.973402	1.63168		
0.781097	2.01197	0.715891	2.23183	0.781821	2.01237					0.974923	1.63371		
0.782972	2.01302	0.71797	2.23185	0.783697	2.01346					0.976446	1.63579		
0.784848	2.0141	0.720049	2.23186	0.785573	2.01453					0.977971	1.63789		
0.786725	2.01522	0.722129	2.23182	0.787451	2.01564					0.979498	1.63992		
0.788603	2.0163	0.724208	2.23181	0.789329	2.01671					0.981027	1.64193		
0.790482	2.01735	0.726287	2.23184	0.791208	2.01776					0.982558	1.64396		
0.792362	2.01842	0.728367	2.23185	0.793089	2.0188					0.98409	1.64604		
0.794243	2.01947	0.730446	2.23182	0.79497	2.01987					0.985625	1.64807		
0.796125	2.02051	0.732526	2.23181	0.796853	2.02091					0.987161	1.65003		
0.798008	2.02158	0.734605	2.2318	0.798736	2.02195					0.9887	1.65204		
0.799892	2.02259	0.736684	2.23179	0.80062	2.02298					0.99024	1.65407		
0.801777	2.0236	0.738764	2.23179	0.802506	2.02397					0.991782	1.65604		
0.803663	2.02462	0.740843	2.23179	0.804392	2.02502					0.993326	1.65801		
0.80555	2.02561	0.742922	2.23179	0.806279	2.02601					0.994871	1.65998		
0.807438	2.02662	0.745002	2.23179	0.808167	2.02703					0.996419	1.66196		
0.809326	2.02763	0.747081	2.23179	0.810056	2.02801					0.997968	1.6639		
0.811216	2.02862	0.74916	2.23175	0.811946	2.02898					0.999519	1.66586		
0.813106	2.02959	0.75124	2.23177	0.813837	2.02997					1.00107	1.66688		
0.814998	2.03055	0.753319	2.23178	0.815729	2.03095								
0.81689	2.03154	0.755398	2.23175	0.817621	2.03191								
0.818783	2.03251	0.757478	2.23177	0.819515	2.03287								
0.820678	2.03344	0.759557	2.23174	0.821409	2.03382								
0.822573	2.03441	0.761636	2.23173	0.823305	2.03478								
0.824468	2.03534	0.763716	2.23176	0.825201	2.03569								
0.826365	2.03624	0.765795	2.23178	0.827098	2.03663								
0.828263	2.03721	0.767874	2.23175	0.828996	2.03757								
0.830161	2.03813	0.769954	2.23173	0.830895	2.03848								
0.832061	2.03903	0.772033	2.23172	0.832795	2.03937								
0.833961	2.03995	0.774112	2.23172	0.834695	2.0403								
0.835862	2.04086	0.776192	2.23172	0.836596	2.0412								
0.837764	2.04175	0.778271	2.23172	0.838499	2.04209								
0.839666	2.04263	0.78035	2.23172	0.840402	2.04301								
0.84157	2.04355	0.782429	2.23172	0.842305	2.04387								
0.843474	2.04441	0.784509	2.23172	0.84421	2.04475								
0.845379	2.04525	0.786588	2.23168	0.846116	2.04562								
0.847285	2.04614	0.788667	2.2317	0.848022	2.04646								
0.849192	2.04703	0.790746	2.23171	0.849929	2.04732								
0.8511	2.04787	0.792826	2.23171	0.851837	2.04819								
0.853008	2.0487	0.794905	2.23168	0.853746	2.04906								
0.854917	2.04959	0.796984	2.23166	0.855655	2.0499								
0.856827	2.05043	0.799063	2.23169	0.857565	2.05073								
0.858738	2.05122	0.801143	2.23167	0.859476	2.05154								
0.86065	2.05206	0.803222	2.23169	0.861388	2.05235								
0.862562	2.05288	0.805301	2.23167	0.863301	2.05323								
0.864475	2.05369	0.80738	2.23166	0.865214	2.05404								
0.866389	2.0545	0.80946	2.23169	0.867128	2.05481								
0.868303	2.05531	0.811539	2.23167	0.869043	2.05563								
0.870219	2.05615	0.813618	2.23166	0.870959	2.05645								
0.872135	2.05694	0.815697	2.23165	0.872875	2.05722								
0.874051	2.0577	0.817777	2.23165	0.874792	2.05801								
0.875969	2.05848	0.819856	2.23165	0.87671	2.05877								
0.877887	2.05928	0.821935	2.23165	0.878628	2.05955								
0.879806	2.06004	0.824014	2.23161	0.880548	2.06035								
0.881726	2.06082	0.826093	2.23163	0.882468	2.06111								
0.883646	2.06158	0.828173	2.23164	0.884388	2.0619								
0.885567	2.06233	0.830252	2.2316	0.88631	2.06266								
0.887489	2.0631	0.832331	2.23162	0.888232	2.0634								
0.889412	2.06386	0.83441	2.23163	0.890155	2.06414								
0.891335	2.0646	0.836489	2.2316	0.892078	2.06488								
0.893259	2.06534	0.838568	2.23159	0.894002	2.06561								
0.895184	2.06607	0.840648	2.23162	0.895927	2.06634								
0.897109	2.06681	0.842727	2.23163	0.897853	2.06708								
0.899035	2.06754	0.844806	2.2316	0.899779	2.06781								
0.900961	2.06824	0.846885	2.23159	0.901706	2.06854								
0.902889	2.06899	0.848964	2.23158	0.903633	2.06927								
0.904817	2.06969	0.851043	2.23157	0.905562	2.06997								
0.906745	2.07037	0.853123	2.23161	0.907491	2.07065								
0.908675	2.07112	0.855202	2.23159	0.90942	2.07135								
0.910605	2.07182	0.857281	2.23158	0.91135	2.07207								
0.912535	2.07246	0.85936	2.23158	0.913281	2.07276								
0.914466	2.07315	0.861439	2.23154	0.915213	2.07347								
0.916398	2.0739	0.863518	2.23155	0.917145	2.07416								
0.918331	2.07457	0.865597	2.23156	0.919078	2.07479								
0.920264	2.07523	0.867677	2.23157	0.921011	2.07547								
0.922198	2.07593	0.869756	2.23157	0.922945	2.07618								
0.924132	2.07657	0.871835	2.23153	0.92488	2.07683								
0.926067	2.07722	0.873914	2.23155	0.926815	2.07748								
0.928003	2.07791	0.875993	2.23156	0.928751	2.07818								
0.929939	2.07855	0.878072	2.23153	0.930687	2.07881								
0.931876	2.0792	0.880151	2.23155	0.932625	2.07946								
0.933814	2.07985	0.882231	2.23152	0.934562	2.08008								
0.935752	2.08051	0.88431	2.23151	0.936501	2.08072								
0.93769	2.08117	0.886389	2.23154	0.938439	2.08141								
0.93963	2.08179	0.888468	2.23152	0.940379	2.08204								
0.94157	2.08239	0.890547	2.23151	0.942319	2.08265								
0.94351	2.08302	0.892626	2.23154	0.94426	2.08329								
0.945451	2.08367	0.894705	2.23152	0.946201	2.0839								
0.947393	2.08428	0.896784	2.23151	0.948143	2.08453								
0.949335	2.08492	0.898863	2.2315	0.950085	2.08514								
0.951278	2.08553	0.900942	2.2315	0.952028	2.08574								
0.953221	2.08613	0.903021	2.2315	0.953972	2.08637								
0.955165	2.08672	0.9051	2.23146	0.955916	2.08698								
0.95711	2.08735	0.90718	2.23148	0.957861	2.08757								
0.959055	2.08796	0.909259	2.23149	0.959806	2.08816								
0.961	2.08851	0.911338	2.23149	0.961752	2.08875								
0.962946	2.08912	0.913417	2.2315	0.963698	2.08934								
0.964893	2.08972	0.915496	2.2315	0.965645	2.08996								
0.96684	2.09028	0.917575	2.23146	0.967593	2.09053								
0.968788	2.09088	0.919654	2.23144	0.969541	2.09111								
0.970736	2.09148	0.921733	2.23147	0.971489	2.09169								
0.972685	2.09204	0.923812	2.23148	0.973438	2.09224								
0.974635	2.09261	0.925891	2.23145	0.975388	2.0928								
0.976585	2.09315	0.92797	2.23144	0.977338	2.09338								
0.978535	2.09371	0.930049	2.23147	0.979289	2.09396								
0.980486	2.09429	0.932128	2.23145	0.98124	2.09451								
0.982438	2.09487	0.934207	2.23144	0.983191	2.09507								
0.98439	2.09541	0.936286	2.23147	0.985144	2.09561								
0.986342	2.09594	0.938365	2.23145	0.987096	2.09614								
0.988295	2.0965	0.940444	2.23144	0.98905	2.09673								
0.990249	2.09704	0.942523	2.23143	0.991003	2.09729								
0.992203	2.0976	0.944602	2.23143	0.992958	2.09778								
0.994157	2.09813	0.946681	2.23143	0.994912	2.09832								
0.996112	2.09866	0.94876	2.23143	0.996868	2.09889								
0.998068	2.09921	0.950839	2.23143	0.998823	2.09939								
1.00002	2.0995	0.952918	2.23142	1.00078	2.09963								
		0.954997	2.23142										
		0.957076	2.23139										
		0.959155	2.23141										
		0.961234	2.23142										
		0.963313	2.23138										
		0.965392	2.2314										
		0.967471	2.23138										
		0.96955	2.23136										
		0.971629	2.23139										
		0.973708	2.23137										
		0.975787	2.2314										
		0.977866	2.23138										
		0.979945	2.23136										
		0.982024	2.23139										
		0.984103	2.23137										
		0.986182	2.23136										
		0.988261	2.23136										
		0.99034	2.23135										
		0.992419	2.23135										
		0.994498	2.23135										
		0.996577	2.23135										
		0.998656	2.23135										
		1.00073	2.23135										
